2.999999999999999889e-02 0.000000000000000000e+00
8.999999999999999667e-02 0.000000000000000000e+00
1.500000000000000222e-01 0.000000000000000000e+00
2.100000000000000200e-01 0.000000000000000000e+00
2.700000000000000178e-01 0.000000000000000000e+00
3.300000000000000711e-01 0.000000000000000000e+00
3.900000000000000133e-01 0.000000000000000000e+00
4.500000000000000666e-01 0.000000000000000000e+00
5.100000000000000089e-01 0.000000000000000000e+00
5.700000000000000622e-01 0.000000000000000000e+00
6.300000000000001155e-01 0.000000000000000000e+00
6.900000000000000577e-01 0.000000000000000000e+00
7.500000000000001110e-01 0.000000000000000000e+00
8.100000000000000533e-01 0.000000000000000000e+00
8.700000000000001066e-01 0.000000000000000000e+00
9.300000000000000488e-01 7.664650904024843114e-02
9.900000000000001021e-01 7.440434066073557950e-01
1.050000000000000044e+00 1.924252727504472293e+00
1.110000000000000098e+00 2.798082684456664637e+00
1.170000000000000151e+00 2.857551137653923323e+00
1.230000000000000204e+00 2.235026791371112154e+00
1.290000000000000036e+00 1.753088574472127181e+00
1.350000000000000089e+00 1.637127047933416124e+00
1.410000000000000142e+00 2.001042837103887084e+00
1.470000000000000195e+00 1.534206913326460198e+00
1.530000000000000249e+00 1.529551605829334582e+00
1.590000000000000080e+00 1.232710133766919069e+00
1.650000000000000133e+00 1.120342934697609261e+00
1.710000000000000187e+00 1.133814793147705169e+00
1.770000000000000240e+00 1.100586333564530062e+00
1.830000000000000071e+00 1.128606801156248451e+00
1.890000000000000124e+00 1.169470735685320895e+00
1.950000000000000178e+00 1.168369489494250235e+00
2.010000000000000231e+00 1.099662284587845651e+00
2.069999999999999840e+00 1.021366782186855060e+00
2.129999999999999893e+00 9.938706810963490179e-01
2.189999999999999947e+00 1.147549922565819225e+00
2.250000000000000000e+00 8.906909327388718989e-01
2.310000000000000053e+00 9.817199254381607787e-01
2.370000000000000107e+00 9.562556664087915603e-01
2.430000000000000160e+00 9.657678194573526831e-01
2.490000000000000213e+00 9.411781895849952173e-01
2.549999999999999822e+00 1.121763172537757036e+00
2.609999999999999876e+00 1.012376578100049551e+00
2.669999999999999929e+00 9.394841667766254956e-01
2.729999999999999982e+00 1.138875064612210330e+00
2.790000000000000036e+00 1.030787435668307994e+00
2.850000000000000089e+00 9.470242916369050468e-01
2.910000000000000142e+00 1.025838093433539600e+00
2.970000000000000195e+00 1.014880690713175992e+00
