0.00000000 0.00000000 0.00000000 
0.10000000 0.00000000 0.00000001 
0.20000000 0.00000000 0.00000002 
0.30000000 0.00000000 0.00000002 
0.40000000 0.00000000 0.00000014 
0.50000000 0.00000000 0.00000012 
0.60000000 0.00000000 0.00000012 
0.70000000 0.00000000 0.00000030 
0.80000000 0.00000001 0.00000092 
0.90000000 0.00000002 0.00000133 
1.00000000 0.00000004 0.00000245 
1.10000000 0.00000008 0.00000587 
1.20000000 0.00000017 0.00000951 
1.30000000 0.00000036 0.00001853 
1.40000000 0.00000083 0.00003410 
1.50000000 0.00000174 0.00009639 
1.60000000 0.00000346 0.00022797 
1.70000000 0.00000701 0.00039458 
1.80000000 0.00001523 0.00068953 
1.90000000 0.00003195 0.00258645 
2.00000000 0.00008073 0.00385943 
2.10000000 0.00017319 0.01165731 
2.20000000 0.00038454 0.02484109 
2.30000000 0.00089249 0.04875741 
2.40000000 0.00191880 0.15588568 
2.50000000 0.00421134 0.29127393 
2.60000000 0.01012519 0.50405169 
2.70000000 0.02295736 0.93925921 
2.80000000 0.04556608 2.04949883 
2.90000000 0.08643609 2.73708017 
3.00000000 0.15209814 4.49273750 
3.10000000 0.25082921 4.96663425 
3.20000000 0.37568303 5.77625748 
3.30000000 0.52381679 6.52750278 
3.40000000 0.70688717 6.28668099 
3.50000000 0.90214813 6.04687923 
3.60000000 1.10256483 6.47877276 
3.70000000 1.32032336 6.23592512 
3.80000000 1.52525964 6.18562533 
3.90000000 1.72227149 6.75175010 
4.00000000 1.95193425 6.84754498 
4.10000000 2.20052802 7.01965666 
4.20000000 2.43787625 6.60900525 
4.30000000 2.71477941 6.40285626 
4.40000000 2.98753953 6.69781074 
4.50000000 3.25958688 6.57144140 
4.60000000 3.53004364 6.19935129 
4.70000000 3.81184986 6.75434711 
4.80000000 4.10759347 6.43043074 
4.90000000 4.37918082 6.60495327 
5.00000000 4.62983371 6.44007461 
5.10000000 4.88987134 6.14718110 
5.20000000 5.16693279 6.07682905 
5.30000000 5.46182512 6.66761537 
5.40000000 5.76962962 6.62595224 
5.50000000 6.05389276 6.52724381 
5.60000000 6.27100100 6.25966279 
5.70000000 6.45876084 6.51847738 
5.80000000 6.64629235 7.02568712 
5.90000000 6.88844987 6.95631555 
6.00000000 7.16103846 6.86212925 
6.10000000 7.44802234 6.33925873 
6.20000000 7.77036596 6.60937799 
6.30000000 8.09487690 6.61788891 
6.40000000 8.40655551 6.37882293 
6.50000000 8.62427800 6.54934331 
6.60000000 8.88677267 6.83059954 
6.70000000 9.17556981 6.59349185 
6.80000000 9.38450704 6.84612394 
6.90000000 9.60190666 6.24739683 
7.00000000 9.81229495 6.56623644 
7.10000000 10.00966118 6.49637849 
7.20000000 10.30225155 6.99076408 
7.30000000 10.65038374 6.21593667 
7.40000000 10.90167835 6.53897411 
7.50000000 11.13850129 6.35536037 
7.60000000 11.37055893 6.23405356 
7.70000000 11.59664800 6.93443812 
7.80000000 11.84417560 6.27724283 
7.90000000 12.04283625 6.75332657 
8.00000000 12.22472359 6.63142700 
8.10000000 12.39953803 6.37629559 
8.20000000 12.57285236 6.65717305 
8.30000000 12.83609673 6.37030089 
8.40000000 13.09086685 6.71678972 
8.50000000 13.33881819 6.63283825 
8.60000000 13.52852596 6.57692635 
8.70000000 13.78393352 6.23763142 
8.80000000 14.01034671 6.43027615 
8.90000000 14.27168285 6.23822355 
9.00000000 14.49221459 6.60734929 
9.10000000 14.68849639 6.44954681 
9.20000000 14.90027543 6.81569572 
9.30000000 15.20127769 7.06780867 
9.40000000 15.52775071 6.80883561 
9.50000000 15.86292327 6.13559501 
9.60000000 16.25561834 6.35291965 
9.70000000 16.67848546 6.35943574 
9.80000000 17.08692437 6.56721102 
9.90000000 17.46224948 6.41104457 
