=========================================
SLURM_JOB_ID = 60332
SLURM_JOB_NODELIST = node20-78
SLURM_CPUS_ON_NODE = 4
SLURM_JOB_PARTITION = RT
SLURM_TASK_PID = 729003
==========================================
# command: ./a.out -T 1.7 -s 100 
# ISING simulation, NVT Metropolis Monte Carlo
# L = 20, T = 1.700, nCycles 1000000, fSamp 1000, Seed 100
0 -7.00000e-02 -6.00000e-01
1000 -9.80000e-01 -1.92000e+00
2000 -9.60000e-01 -1.86000e+00
3000 -9.70000e-01 -1.89000e+00
4000 -9.95000e-01 -1.98000e+00
5000 -9.90000e-01 -1.97000e+00
6000 -9.75000e-01 -1.90000e+00
7000 -9.65000e-01 -1.87000e+00
8000 -9.20000e-01 -1.76000e+00
9000 -9.60000e-01 -1.90000e+00
10000 -9.60000e-01 -1.86000e+00
11000 -9.65000e-01 -1.88000e+00
12000 -1.00000e+00 -2.00000e+00
13000 -9.90000e-01 -1.96000e+00
14000 -9.75000e-01 -1.90000e+00
15000 -9.60000e-01 -1.86000e+00
16000 -9.75000e-01 -1.91000e+00
17000 -9.50000e-01 -1.87000e+00
18000 -9.95000e-01 -1.98000e+00
19000 -9.90000e-01 -1.97000e+00
20000 -9.60000e-01 -1.85000e+00
21000 -9.60000e-01 -1.84000e+00
22000 -9.45000e-01 -1.81000e+00
23000 -9.60000e-01 -1.86000e+00
24000 -9.65000e-01 -1.89000e+00
25000 -9.75000e-01 -1.91000e+00
26000 -9.65000e-01 -1.86000e+00
27000 -9.55000e-01 -1.83000e+00
28000 -9.70000e-01 -1.89000e+00
29000 -9.85000e-01 -1.94000e+00
30000 -9.75000e-01 -1.91000e+00
31000 -9.60000e-01 -1.86000e+00
32000 -9.55000e-01 -1.84000e+00
33000 -9.60000e-01 -1.86000e+00
34000 -9.35000e-01 -1.84000e+00
35000 -9.90000e-01 -1.96000e+00
36000 -9.90000e-01 -1.96000e+00
37000 -9.80000e-01 -1.92000e+00
38000 -9.55000e-01 -1.84000e+00
39000 -9.75000e-01 -1.92000e+00
40000 -9.65000e-01 -1.88000e+00
41000 -9.70000e-01 -1.90000e+00
42000 -9.75000e-01 -1.93000e+00
43000 -9.70000e-01 -1.90000e+00
44000 -9.70000e-01 -1.90000e+00
45000 -9.70000e-01 -1.89000e+00
46000 -9.55000e-01 -1.84000e+00
47000 -9.90000e-01 -1.96000e+00
48000 -9.65000e-01 -1.87000e+00
49000 -9.75000e-01 -1.90000e+00
50000 -9.70000e-01 -1.90000e+00
51000 -9.90000e-01 -1.96000e+00
52000 -9.20000e-01 -1.79000e+00
53000 -9.80000e-01 -1.94000e+00
54000 -9.70000e-01 -1.88000e+00
55000 -9.90000e-01 -1.96000e+00
56000 -9.80000e-01 -1.93000e+00
57000 -9.65000e-01 -1.86000e+00
58000 -9.90000e-01 -1.96000e+00
59000 -9.80000e-01 -1.94000e+00
60000 -9.70000e-01 -1.90000e+00
61000 -9.45000e-01 -1.81000e+00
62000 -9.70000e-01 -1.89000e+00
63000 -9.80000e-01 -1.92000e+00
64000 -9.75000e-01 -1.91000e+00
65000 -9.85000e-01 -1.95000e+00
66000 -9.80000e-01 -1.94000e+00
67000 -9.80000e-01 -1.93000e+00
68000 -9.85000e-01 -1.94000e+00
69000 -9.85000e-01 -1.95000e+00
70000 -9.80000e-01 -1.92000e+00
71000 -9.50000e-01 -1.86000e+00
72000 -9.90000e-01 -1.96000e+00
73000 -9.85000e-01 -1.95000e+00
74000 -9.70000e-01 -1.89000e+00
75000 -9.75000e-01 -1.92000e+00
76000 -9.90000e-01 -1.96000e+00
77000 -9.85000e-01 -1.94000e+00
78000 -9.55000e-01 -1.84000e+00
79000 -9.35000e-01 -1.81000e+00
80000 -9.80000e-01 -1.93000e+00
81000 -1.00000e+00 -2.00000e+00
82000 -9.85000e-01 -1.96000e+00
83000 -9.70000e-01 -1.89000e+00
84000 -9.50000e-01 -1.86000e+00
85000 -9.85000e-01 -1.95000e+00
86000 -9.60000e-01 -1.86000e+00
87000 -9.85000e-01 -1.94000e+00
88000 -9.85000e-01 -1.94000e+00
89000 -9.65000e-01 -1.87000e+00
90000 -9.50000e-01 -1.86000e+00
91000 -9.90000e-01 -1.96000e+00
92000 -9.85000e-01 -1.95000e+00
93000 -9.60000e-01 -1.87000e+00
94000 -9.65000e-01 -1.93000e+00
95000 -9.80000e-01 -1.93000e+00
96000 -9.80000e-01 -1.93000e+00
97000 -9.70000e-01 -1.91000e+00
98000 -9.70000e-01 -1.90000e+00
99000 -9.80000e-01 -1.93000e+00
100000 -9.60000e-01 -1.87000e+00
101000 -9.80000e-01 -1.92000e+00
102000 -9.45000e-01 -1.81000e+00
103000 -9.85000e-01 -1.94000e+00
104000 -9.65000e-01 -1.87000e+00
105000 -9.60000e-01 -1.86000e+00
106000 -9.30000e-01 -1.80000e+00
107000 -9.65000e-01 -1.87000e+00
108000 -9.45000e-01 -1.84000e+00
109000 -9.70000e-01 -1.88000e+00
110000 -9.80000e-01 -1.92000e+00
111000 -9.40000e-01 -1.83000e+00
112000 -9.55000e-01 -1.84000e+00
113000 -9.40000e-01 -1.79000e+00
114000 -9.75000e-01 -1.92000e+00
115000 -9.80000e-01 -1.92000e+00
116000 -9.85000e-01 -1.94000e+00
117000 -9.85000e-01 -1.95000e+00
118000 -9.55000e-01 -1.86000e+00
119000 -9.55000e-01 -1.85000e+00
120000 -9.90000e-01 -1.96000e+00
121000 -9.75000e-01 -1.90000e+00
122000 -9.65000e-01 -1.88000e+00
123000 -9.75000e-01 -1.92000e+00
124000 -9.60000e-01 -1.87000e+00
125000 -9.65000e-01 -1.87000e+00
126000 -9.75000e-01 -1.90000e+00
127000 -9.50000e-01 -1.82000e+00
128000 -9.65000e-01 -1.86000e+00
129000 -9.90000e-01 -1.96000e+00
130000 -9.90000e-01 -1.96000e+00
131000 -9.70000e-01 -1.89000e+00
132000 -9.15000e-01 -1.80000e+00
133000 -9.70000e-01 -1.90000e+00
134000 -9.35000e-01 -1.80000e+00
135000 -9.65000e-01 -1.88000e+00
136000 -9.60000e-01 -1.86000e+00
137000 -9.70000e-01 -1.88000e+00
138000 -9.85000e-01 -1.94000e+00
139000 -9.75000e-01 -1.91000e+00
140000 -9.85000e-01 -1.94000e+00
141000 -9.45000e-01 -1.83000e+00
142000 -9.65000e-01 -1.87000e+00
143000 -9.65000e-01 -1.88000e+00
144000 -9.65000e-01 -1.87000e+00
145000 -9.55000e-01 -1.85000e+00
146000 -9.80000e-01 -1.93000e+00
147000 -9.55000e-01 -1.83000e+00
148000 -9.90000e-01 -1.96000e+00
149000 -9.65000e-01 -1.88000e+00
150000 -9.50000e-01 -1.85000e+00
151000 -9.90000e-01 -1.97000e+00
152000 -9.70000e-01 -1.90000e+00
153000 -9.70000e-01 -1.88000e+00
154000 -9.80000e-01 -1.92000e+00
155000 -9.60000e-01 -1.87000e+00
156000 -9.85000e-01 -1.94000e+00
157000 -9.40000e-01 -1.82000e+00
158000 -9.85000e-01 -1.94000e+00
159000 -9.45000e-01 -1.84000e+00
160000 -9.80000e-01 -1.93000e+00
161000 -9.70000e-01 -1.90000e+00
162000 -9.75000e-01 -1.91000e+00
163000 -9.90000e-01 -1.96000e+00
164000 -9.70000e-01 -1.89000e+00
165000 -9.70000e-01 -1.89000e+00
166000 -9.55000e-01 -1.84000e+00
167000 -9.85000e-01 -1.94000e+00
168000 -9.85000e-01 -1.94000e+00
169000 -9.75000e-01 -1.91000e+00
170000 -9.80000e-01 -1.92000e+00
171000 -9.35000e-01 -1.82000e+00
172000 -9.55000e-01 -1.83000e+00
173000 -9.65000e-01 -1.89000e+00
174000 -9.70000e-01 -1.89000e+00
175000 -9.75000e-01 -1.91000e+00
176000 -9.80000e-01 -1.93000e+00
177000 -9.80000e-01 -1.93000e+00
178000 -9.75000e-01 -1.92000e+00
179000 -9.65000e-01 -1.88000e+00
180000 -9.75000e-01 -1.91000e+00
181000 -9.25000e-01 -1.77000e+00
182000 -9.40000e-01 -1.83000e+00
183000 -9.65000e-01 -1.88000e+00
184000 -1.00000e+00 -2.00000e+00
185000 -9.60000e-01 -1.90000e+00
186000 -9.80000e-01 -1.92000e+00
187000 -9.60000e-01 -1.88000e+00
188000 -9.80000e-01 -1.92000e+00
189000 -9.60000e-01 -1.89000e+00
190000 -9.50000e-01 -1.84000e+00
191000 -9.40000e-01 -1.79000e+00
192000 -9.70000e-01 -1.89000e+00
193000 -9.80000e-01 -1.92000e+00
194000 -9.60000e-01 -1.85000e+00
195000 -9.70000e-01 -1.89000e+00
196000 -9.90000e-01 -1.96000e+00
197000 -9.50000e-01 -1.83000e+00
198000 -9.60000e-01 -1.86000e+00
199000 -9.55000e-01 -1.84000e+00
200000 -9.75000e-01 -1.90000e+00
201000 -9.60000e-01 -1.87000e+00
202000 -9.70000e-01 -1.88000e+00
203000 -9.50000e-01 -1.83000e+00
204000 -9.90000e-01 -1.96000e+00
205000 -9.95000e-01 -1.98000e+00
206000 -9.60000e-01 -1.86000e+00
207000 -9.45000e-01 -1.84000e+00
208000 -9.05000e-01 -1.75000e+00
209000 -9.70000e-01 -1.89000e+00
210000 -9.95000e-01 -1.98000e+00
211000 -9.80000e-01 -1.92000e+00
212000 -9.75000e-01 -1.91000e+00
213000 -9.80000e-01 -1.94000e+00
214000 -9.30000e-01 -1.73000e+00
215000 -9.80000e-01 -1.93000e+00
216000 -9.65000e-01 -1.87000e+00
217000 -9.30000e-01 -1.78000e+00
218000 -9.55000e-01 -1.87000e+00
219000 -9.85000e-01 -1.95000e+00
220000 -9.80000e-01 -1.92000e+00
221000 -9.60000e-01 -1.86000e+00
222000 -9.55000e-01 -1.88000e+00
223000 -9.90000e-01 -1.96000e+00
224000 -9.85000e-01 -1.94000e+00
225000 -9.85000e-01 -1.94000e+00
226000 -9.65000e-01 -1.90000e+00
227000 -9.85000e-01 -1.94000e+00
228000 -9.60000e-01 -1.87000e+00
229000 -9.55000e-01 -1.82000e+00
230000 -9.70000e-01 -1.88000e+00
231000 -9.80000e-01 -1.93000e+00
232000 -9.20000e-01 -1.75000e+00
233000 -9.35000e-01 -1.80000e+00
234000 -9.45000e-01 -1.79000e+00
235000 -9.65000e-01 -1.87000e+00
236000 -9.80000e-01 -1.92000e+00
237000 -9.85000e-01 -1.94000e+00
238000 -9.75000e-01 -1.91000e+00
239000 -9.80000e-01 -1.93000e+00
240000 -9.75000e-01 -1.90000e+00
241000 -9.70000e-01 -1.88000e+00
242000 -9.70000e-01 -1.90000e+00
243000 -9.25000e-01 -1.76000e+00
244000 -9.65000e-01 -1.89000e+00
245000 -9.70000e-01 -1.90000e+00
246000 -9.85000e-01 -1.95000e+00
247000 -9.65000e-01 -1.87000e+00
248000 -9.75000e-01 -1.91000e+00
249000 -9.65000e-01 -1.87000e+00
250000 -9.85000e-01 -1.95000e+00
251000 -9.65000e-01 -1.90000e+00
252000 -9.80000e-01 -1.92000e+00
253000 -9.80000e-01 -1.94000e+00
254000 -9.75000e-01 -1.92000e+00
255000 -9.75000e-01 -1.90000e+00
256000 -9.75000e-01 -1.91000e+00
257000 -9.70000e-01 -1.89000e+00
258000 -9.95000e-01 -1.98000e+00
259000 -9.40000e-01 -1.82000e+00
260000 -9.80000e-01 -1.93000e+00
261000 -9.75000e-01 -1.90000e+00
262000 -9.45000e-01 -1.81000e+00
263000 -9.60000e-01 -1.86000e+00
264000 -9.75000e-01 -1.90000e+00
265000 -9.75000e-01 -1.91000e+00
266000 -9.70000e-01 -1.89000e+00
267000 -9.75000e-01 -1.90000e+00
268000 -9.80000e-01 -1.92000e+00
269000 -9.90000e-01 -1.96000e+00
270000 -9.25000e-01 -1.76000e+00
271000 -9.75000e-01 -1.92000e+00
272000 -9.95000e-01 -1.98000e+00
273000 -9.65000e-01 -1.88000e+00
274000 -9.55000e-01 -1.85000e+00
275000 -9.90000e-01 -1.96000e+00
276000 -9.75000e-01 -1.91000e+00
277000 -9.90000e-01 -1.96000e+00
278000 -9.25000e-01 -1.79000e+00
279000 -9.80000e-01 -1.93000e+00
280000 -9.30000e-01 -1.76000e+00
281000 -9.15000e-01 -1.74000e+00
282000 -9.80000e-01 -1.93000e+00
283000 -9.30000e-01 -1.79000e+00
284000 -9.70000e-01 -1.88000e+00
285000 -9.75000e-01 -1.91000e+00
286000 -9.45000e-01 -1.81000e+00
287000 -9.50000e-01 -1.86000e+00
288000 -9.85000e-01 -1.94000e+00
289000 -9.55000e-01 -1.82000e+00
290000 -9.85000e-01 -1.94000e+00
291000 -9.70000e-01 -1.91000e+00
292000 -9.55000e-01 -1.88000e+00
293000 -9.40000e-01 -1.80000e+00
294000 -9.65000e-01 -1.87000e+00
295000 -9.80000e-01 -1.94000e+00
296000 -9.50000e-01 -1.84000e+00
297000 -9.80000e-01 -1.92000e+00
298000 -9.45000e-01 -1.79000e+00
299000 -9.60000e-01 -1.85000e+00
300000 -9.80000e-01 -1.93000e+00
301000 -9.90000e-01 -1.96000e+00
302000 -9.70000e-01 -1.89000e+00
303000 -9.75000e-01 -1.90000e+00
304000 -9.60000e-01 -1.86000e+00
305000 -9.70000e-01 -1.88000e+00
306000 -9.60000e-01 -1.86000e+00
307000 -9.65000e-01 -1.87000e+00
308000 -9.70000e-01 -1.88000e+00
309000 -9.80000e-01 -1.92000e+00
310000 -9.80000e-01 -1.92000e+00
311000 -9.70000e-01 -1.89000e+00
312000 -9.65000e-01 -1.87000e+00
313000 -9.85000e-01 -1.94000e+00
314000 -9.75000e-01 -1.92000e+00
315000 -9.75000e-01 -1.92000e+00
316000 -9.60000e-01 -1.86000e+00
317000 -9.90000e-01 -1.96000e+00
318000 -9.50000e-01 -1.85000e+00
319000 -1.00000e+00 -2.00000e+00
320000 -9.70000e-01 -1.89000e+00
321000 -9.35000e-01 -1.83000e+00
322000 -9.85000e-01 -1.95000e+00
323000 -9.80000e-01 -1.93000e+00
324000 -9.80000e-01 -1.93000e+00
325000 -9.90000e-01 -1.96000e+00
326000 -9.70000e-01 -1.91000e+00
327000 -9.70000e-01 -1.89000e+00
328000 -9.60000e-01 -1.86000e+00
329000 -9.60000e-01 -1.86000e+00
330000 -9.60000e-01 -1.87000e+00
331000 -9.65000e-01 -1.87000e+00
332000 -9.35000e-01 -1.86000e+00
333000 -9.85000e-01 -1.94000e+00
334000 -9.85000e-01 -1.95000e+00
335000 -9.80000e-01 -1.93000e+00
336000 -9.80000e-01 -1.93000e+00
337000 -9.80000e-01 -1.92000e+00
338000 -9.70000e-01 -1.91000e+00
339000 -9.75000e-01 -1.90000e+00
340000 -9.90000e-01 -1.96000e+00
341000 -9.55000e-01 -1.82000e+00
342000 -9.80000e-01 -1.93000e+00
343000 -9.90000e-01 -1.97000e+00
344000 -8.90000e-01 -1.69000e+00
345000 -9.60000e-01 -1.88000e+00
346000 -9.85000e-01 -1.94000e+00
347000 -9.75000e-01 -1.90000e+00
348000 -9.75000e-01 -1.90000e+00
349000 -9.65000e-01 -1.88000e+00
350000 -9.50000e-01 -1.84000e+00
351000 -9.80000e-01 -1.92000e+00
352000 -9.85000e-01 -1.94000e+00
353000 -9.75000e-01 -1.92000e+00
354000 -9.60000e-01 -1.88000e+00
355000 -9.75000e-01 -1.90000e+00
356000 -9.75000e-01 -1.91000e+00
357000 -9.85000e-01 -1.94000e+00
358000 -9.90000e-01 -1.96000e+00
359000 -9.50000e-01 -1.84000e+00
360000 -9.75000e-01 -1.90000e+00
361000 -9.50000e-01 -1.85000e+00
362000 -9.85000e-01 -1.94000e+00
363000 -9.80000e-01 -1.92000e+00
364000 -9.95000e-01 -1.98000e+00
365000 -9.75000e-01 -1.90000e+00
366000 -9.85000e-01 -1.95000e+00
367000 -9.75000e-01 -1.90000e+00
368000 -9.95000e-01 -1.98000e+00
369000 -9.70000e-01 -1.89000e+00
370000 -9.65000e-01 -1.87000e+00
371000 -9.25000e-01 -1.79000e+00
372000 -9.75000e-01 -1.90000e+00
373000 -9.85000e-01 -1.94000e+00
374000 -9.90000e-01 -1.97000e+00
375000 -9.80000e-01 -1.92000e+00
376000 -9.75000e-01 -1.91000e+00
377000 -9.75000e-01 -1.91000e+00
378000 -9.85000e-01 -1.94000e+00
379000 -9.70000e-01 -1.92000e+00
380000 -9.80000e-01 -1.92000e+00
381000 -9.50000e-01 -1.84000e+00
382000 -9.65000e-01 -1.86000e+00
383000 -9.55000e-01 -1.87000e+00
384000 -9.50000e-01 -1.82000e+00
385000 -9.60000e-01 -1.86000e+00
386000 -9.75000e-01 -1.92000e+00
387000 -9.45000e-01 -1.80000e+00
388000 -9.90000e-01 -1.96000e+00
389000 -9.60000e-01 -1.86000e+00
390000 -9.50000e-01 -1.82000e+00
391000 -9.65000e-01 -1.87000e+00
392000 -9.85000e-01 -1.95000e+00
393000 -9.75000e-01 -1.92000e+00
394000 -9.60000e-01 -1.85000e+00
395000 -9.50000e-01 -1.86000e+00
396000 -9.85000e-01 -1.94000e+00
397000 -9.90000e-01 -1.96000e+00
398000 -9.95000e-01 -1.98000e+00
399000 -9.65000e-01 -1.90000e+00
400000 -9.60000e-01 -1.84000e+00
401000 -9.80000e-01 -1.93000e+00
402000 -9.90000e-01 -1.97000e+00
403000 -9.85000e-01 -1.94000e+00
404000 -9.90000e-01 -1.96000e+00
405000 -9.85000e-01 -1.94000e+00
406000 -9.75000e-01 -1.92000e+00
407000 -9.85000e-01 -1.94000e+00
408000 -9.60000e-01 -1.87000e+00
409000 -9.85000e-01 -1.96000e+00
410000 -9.55000e-01 -1.83000e+00
411000 -9.80000e-01 -1.93000e+00
412000 -9.70000e-01 -1.91000e+00
413000 -9.80000e-01 -1.92000e+00
414000 -9.75000e-01 -1.90000e+00
415000 -9.70000e-01 -1.89000e+00
416000 -9.85000e-01 -1.95000e+00
417000 -9.80000e-01 -1.92000e+00
418000 -9.90000e-01 -1.96000e+00
419000 -9.40000e-01 -1.78000e+00
420000 -9.90000e-01 -1.96000e+00
421000 -9.70000e-01 -1.89000e+00
422000 -9.95000e-01 -1.98000e+00
423000 -9.55000e-01 -1.87000e+00
424000 -9.55000e-01 -1.84000e+00
425000 -9.70000e-01 -1.88000e+00
426000 -9.50000e-01 -1.84000e+00
427000 -9.75000e-01 -1.90000e+00
428000 -9.90000e-01 -1.96000e+00
429000 -9.85000e-01 -1.94000e+00
430000 -9.30000e-01 -1.76000e+00
431000 -9.60000e-01 -1.89000e+00
432000 -9.60000e-01 -1.87000e+00
433000 -9.85000e-01 -1.94000e+00
434000 -9.75000e-01 -1.91000e+00
435000 -9.80000e-01 -1.92000e+00
436000 -9.70000e-01 -1.88000e+00
437000 -9.65000e-01 -1.87000e+00
438000 -9.75000e-01 -1.90000e+00
439000 -9.80000e-01 -1.92000e+00
440000 -9.65000e-01 -1.86000e+00
441000 -9.80000e-01 -1.94000e+00
442000 -9.20000e-01 -1.75000e+00
443000 -9.80000e-01 -1.92000e+00
444000 -9.65000e-01 -1.91000e+00
445000 -9.80000e-01 -1.94000e+00
446000 -9.85000e-01 -1.95000e+00
447000 -9.65000e-01 -1.88000e+00
448000 -9.60000e-01 -1.86000e+00
449000 -9.90000e-01 -1.97000e+00
450000 -9.45000e-01 -1.83000e+00
451000 -9.80000e-01 -1.94000e+00
452000 -9.90000e-01 -1.96000e+00
453000 -9.95000e-01 -1.98000e+00
454000 -9.85000e-01 -1.94000e+00
455000 -9.80000e-01 -1.92000e+00
456000 -9.70000e-01 -1.91000e+00
457000 -9.90000e-01 -1.96000e+00
458000 -9.75000e-01 -1.94000e+00
459000 -9.85000e-01 -1.95000e+00
460000 -9.95000e-01 -1.98000e+00
461000 -9.45000e-01 -1.85000e+00
462000 -9.60000e-01 -1.86000e+00
463000 -9.90000e-01 -1.97000e+00
464000 -9.75000e-01 -1.91000e+00
465000 -9.55000e-01 -1.85000e+00
466000 -9.70000e-01 -1.90000e+00
467000 -1.00000e+00 -2.00000e+00
468000 -9.85000e-01 -1.94000e+00
469000 -9.75000e-01 -1.92000e+00
470000 -9.30000e-01 -1.77000e+00
471000 -9.85000e-01 -1.94000e+00
472000 -9.95000e-01 -1.98000e+00
473000 -9.75000e-01 -1.90000e+00
474000 -9.75000e-01 -1.92000e+00
475000 -9.55000e-01 -1.88000e+00
476000 -9.85000e-01 -1.94000e+00
477000 -9.80000e-01 -1.92000e+00
478000 -9.80000e-01 -1.92000e+00
479000 -9.80000e-01 -1.94000e+00
480000 -9.70000e-01 -1.90000e+00
481000 -9.80000e-01 -1.92000e+00
482000 -9.80000e-01 -1.93000e+00
483000 -9.85000e-01 -1.94000e+00
484000 -9.80000e-01 -1.92000e+00
485000 -9.80000e-01 -1.93000e+00
486000 -9.60000e-01 -1.87000e+00
487000 -9.70000e-01 -1.89000e+00
488000 -9.55000e-01 -1.85000e+00
489000 -9.85000e-01 -1.94000e+00
490000 -9.65000e-01 -1.88000e+00
491000 -9.90000e-01 -1.96000e+00
492000 -9.50000e-01 -1.86000e+00
493000 -9.85000e-01 -1.94000e+00
494000 -9.50000e-01 -1.81000e+00
495000 -9.85000e-01 -1.95000e+00
496000 -9.55000e-01 -1.83000e+00
497000 -9.75000e-01 -1.92000e+00
498000 -9.80000e-01 -1.92000e+00
499000 -9.50000e-01 -1.85000e+00
500000 -9.80000e-01 -1.93000e+00
501000 -9.90000e-01 -1.96000e+00
502000 -9.50000e-01 -1.85000e+00
503000 -9.95000e-01 -1.98000e+00
504000 -9.85000e-01 -1.94000e+00
505000 -9.70000e-01 -1.90000e+00
506000 -9.85000e-01 -1.95000e+00
507000 -9.40000e-01 -1.82000e+00
508000 -9.55000e-01 -1.85000e+00
509000 -9.65000e-01 -1.87000e+00
510000 -9.80000e-01 -1.94000e+00
511000 -9.70000e-01 -1.88000e+00
512000 -9.50000e-01 -1.88000e+00
513000 -9.50000e-01 -1.84000e+00
514000 -9.70000e-01 -1.90000e+00
515000 -9.90000e-01 -1.96000e+00
516000 -9.00000e-01 -1.69000e+00
517000 -9.85000e-01 -1.95000e+00
518000 -9.65000e-01 -1.91000e+00
519000 -9.65000e-01 -1.87000e+00
520000 -9.95000e-01 -1.98000e+00
521000 -9.55000e-01 -1.86000e+00
522000 -9.60000e-01 -1.87000e+00
523000 -9.50000e-01 -1.84000e+00
524000 -9.90000e-01 -1.96000e+00
525000 -9.50000e-01 -1.84000e+00
526000 -9.75000e-01 -1.91000e+00
527000 -9.70000e-01 -1.90000e+00
528000 -9.90000e-01 -1.96000e+00
529000 -9.40000e-01 -1.80000e+00
530000 -9.90000e-01 -1.96000e+00
531000 -9.40000e-01 -1.81000e+00
532000 -9.45000e-01 -1.84000e+00
533000 -9.80000e-01 -1.92000e+00
534000 -9.75000e-01 -1.93000e+00
535000 -9.75000e-01 -1.92000e+00
536000 -9.75000e-01 -1.91000e+00
537000 -9.30000e-01 -1.81000e+00
538000 -9.80000e-01 -1.93000e+00
539000 -9.65000e-01 -1.89000e+00
540000 -9.70000e-01 -1.89000e+00
541000 -9.55000e-01 -1.83000e+00
542000 -9.50000e-01 -1.83000e+00
543000 -9.65000e-01 -1.89000e+00
544000 -8.90000e-01 -1.72000e+00
545000 -9.80000e-01 -1.93000e+00
546000 -9.80000e-01 -1.92000e+00
547000 -9.50000e-01 -1.80000e+00
548000 -9.75000e-01 -1.90000e+00
549000 -9.85000e-01 -1.94000e+00
550000 -9.65000e-01 -1.87000e+00
551000 -9.95000e-01 -1.98000e+00
552000 -9.90000e-01 -1.96000e+00
553000 -9.85000e-01 -1.94000e+00
554000 -9.75000e-01 -1.91000e+00
555000 -9.75000e-01 -1.90000e+00
556000 -9.85000e-01 -1.95000e+00
557000 -9.85000e-01 -1.94000e+00
558000 -9.65000e-01 -1.87000e+00
559000 -9.70000e-01 -1.88000e+00
560000 -9.65000e-01 -1.88000e+00
561000 -9.60000e-01 -1.85000e+00
562000 -9.60000e-01 -1.84000e+00
563000 -1.00000e+00 -2.00000e+00
564000 -9.85000e-01 -1.94000e+00
565000 -9.85000e-01 -1.94000e+00
566000 -9.60000e-01 -1.86000e+00
567000 -9.75000e-01 -1.90000e+00
568000 -9.90000e-01 -1.96000e+00
569000 -9.70000e-01 -1.88000e+00
570000 -9.70000e-01 -1.88000e+00
571000 -9.70000e-01 -1.89000e+00
572000 -9.40000e-01 -1.86000e+00
573000 -9.50000e-01 -1.83000e+00
574000 -9.80000e-01 -1.92000e+00
575000 -9.80000e-01 -1.92000e+00
576000 -9.75000e-01 -1.90000e+00
577000 -9.90000e-01 -1.97000e+00
578000 -9.75000e-01 -1.90000e+00
579000 -9.75000e-01 -1.91000e+00
580000 -9.75000e-01 -1.92000e+00
581000 -9.80000e-01 -1.93000e+00
582000 -9.90000e-01 -1.96000e+00
583000 -9.70000e-01 -1.88000e+00
584000 -9.65000e-01 -1.88000e+00
585000 -9.65000e-01 -1.89000e+00
586000 -9.35000e-01 -1.77000e+00
587000 -9.70000e-01 -1.89000e+00
588000 -9.60000e-01 -1.85000e+00
589000 -9.95000e-01 -1.98000e+00
590000 -9.60000e-01 -1.84000e+00
591000 -9.70000e-01 -1.89000e+00
592000 -9.80000e-01 -1.92000e+00
593000 -9.85000e-01 -1.95000e+00
594000 -9.70000e-01 -1.89000e+00
595000 -9.65000e-01 -1.88000e+00
596000 -9.80000e-01 -1.93000e+00
597000 -9.80000e-01 -1.92000e+00
598000 -9.60000e-01 -1.85000e+00
599000 -9.70000e-01 -1.89000e+00
600000 -9.65000e-01 -1.88000e+00
601000 -9.80000e-01 -1.92000e+00
602000 -9.85000e-01 -1.95000e+00
603000 -9.80000e-01 -1.92000e+00
604000 -1.00000e+00 -2.00000e+00
605000 -9.90000e-01 -1.96000e+00
606000 -9.65000e-01 -1.89000e+00
607000 -9.65000e-01 -1.90000e+00
608000 -9.70000e-01 -1.89000e+00
609000 -9.85000e-01 -1.94000e+00
610000 -9.55000e-01 -1.85000e+00
611000 -9.65000e-01 -1.89000e+00
612000 -9.60000e-01 -1.84000e+00
613000 -9.95000e-01 -1.98000e+00
614000 -9.55000e-01 -1.83000e+00
615000 -9.90000e-01 -1.96000e+00
616000 -9.15000e-01 -1.72000e+00
617000 -9.40000e-01 -1.81000e+00
618000 -9.75000e-01 -1.93000e+00
619000 -9.80000e-01 -1.92000e+00
620000 -9.65000e-01 -1.88000e+00
621000 -9.80000e-01 -1.92000e+00
622000 -9.55000e-01 -1.85000e+00
623000 -9.90000e-01 -1.96000e+00
624000 -9.50000e-01 -1.85000e+00
625000 -9.95000e-01 -1.98000e+00
626000 -9.80000e-01 -1.93000e+00
627000 -9.85000e-01 -1.94000e+00
628000 -9.35000e-01 -1.79000e+00
629000 -9.95000e-01 -1.98000e+00
630000 -9.90000e-01 -1.96000e+00
631000 -9.75000e-01 -1.91000e+00
632000 -9.55000e-01 -1.85000e+00
633000 -1.00000e+00 -2.00000e+00
634000 -9.70000e-01 -1.89000e+00
635000 -9.75000e-01 -1.90000e+00
636000 -9.35000e-01 -1.81000e+00
637000 -9.75000e-01 -1.91000e+00
638000 -9.55000e-01 -1.84000e+00
639000 -9.65000e-01 -1.86000e+00
640000 -9.80000e-01 -1.93000e+00
641000 -9.85000e-01 -1.95000e+00
642000 -9.85000e-01 -1.95000e+00
643000 -9.85000e-01 -1.94000e+00
644000 -9.85000e-01 -1.94000e+00
645000 -9.70000e-01 -1.88000e+00
646000 -9.75000e-01 -1.90000e+00
647000 -9.70000e-01 -1.89000e+00
648000 -9.65000e-01 -1.87000e+00
649000 -9.80000e-01 -1.94000e+00
650000 -9.40000e-01 -1.86000e+00
651000 -9.60000e-01 -1.86000e+00
652000 -9.60000e-01 -1.86000e+00
653000 -9.45000e-01 -1.81000e+00
654000 -9.25000e-01 -1.75000e+00
655000 -9.60000e-01 -1.85000e+00
656000 -9.70000e-01 -1.90000e+00
657000 -9.35000e-01 -1.82000e+00
658000 -9.55000e-01 -1.89000e+00
659000 -9.85000e-01 -1.94000e+00
660000 -9.90000e-01 -1.96000e+00
661000 -9.80000e-01 -1.93000e+00
662000 -9.70000e-01 -1.90000e+00
663000 -9.60000e-01 -1.85000e+00
664000 -9.45000e-01 -1.81000e+00
665000 -9.85000e-01 -1.94000e+00
666000 -9.40000e-01 -1.82000e+00
667000 -9.50000e-01 -1.82000e+00
668000 -9.60000e-01 -1.85000e+00
669000 -9.95000e-01 -1.98000e+00
670000 -9.80000e-01 -1.92000e+00
671000 -9.85000e-01 -1.95000e+00
672000 -9.75000e-01 -1.92000e+00
673000 -9.55000e-01 -1.92000e+00
674000 -9.80000e-01 -1.93000e+00
675000 -9.45000e-01 -1.79000e+00
676000 -9.85000e-01 -1.94000e+00
677000 -9.55000e-01 -1.83000e+00
678000 -9.70000e-01 -1.90000e+00
679000 -9.80000e-01 -1.92000e+00
680000 -9.90000e-01 -1.96000e+00
681000 -9.70000e-01 -1.92000e+00
682000 -9.90000e-01 -1.96000e+00
683000 -9.95000e-01 -1.98000e+00
684000 -9.75000e-01 -1.90000e+00
685000 -9.85000e-01 -1.94000e+00
686000 -9.75000e-01 -1.91000e+00
687000 -9.40000e-01 -1.81000e+00
688000 -9.80000e-01 -1.92000e+00
689000 -9.90000e-01 -1.96000e+00
690000 -9.95000e-01 -1.98000e+00
691000 -9.60000e-01 -1.85000e+00
692000 -9.50000e-01 -1.82000e+00
693000 -9.95000e-01 -1.98000e+00
694000 -9.55000e-01 -1.84000e+00
695000 -9.60000e-01 -1.85000e+00
696000 -9.55000e-01 -1.84000e+00
697000 -9.90000e-01 -1.96000e+00
698000 -9.75000e-01 -1.92000e+00
699000 -9.80000e-01 -1.93000e+00
700000 -9.75000e-01 -1.91000e+00
701000 -9.60000e-01 -1.84000e+00
702000 -9.85000e-01 -1.95000e+00
703000 -9.75000e-01 -1.90000e+00
704000 -9.80000e-01 -1.92000e+00
705000 -9.70000e-01 -1.91000e+00
706000 -9.80000e-01 -1.92000e+00
707000 -9.75000e-01 -1.92000e+00
708000 -9.80000e-01 -1.92000e+00
709000 -9.55000e-01 -1.85000e+00
710000 -9.40000e-01 -1.80000e+00
711000 -9.75000e-01 -1.90000e+00
712000 -9.60000e-01 -1.86000e+00
713000 -9.75000e-01 -1.91000e+00
714000 -9.55000e-01 -1.85000e+00
715000 -9.70000e-01 -1.93000e+00
716000 -9.55000e-01 -1.85000e+00
717000 -9.85000e-01 -1.95000e+00
718000 -9.60000e-01 -1.88000e+00
719000 -9.60000e-01 -1.87000e+00
720000 -9.80000e-01 -1.92000e+00
721000 -9.90000e-01 -1.96000e+00
722000 -9.80000e-01 -1.93000e+00
723000 -9.65000e-01 -1.88000e+00
724000 -9.65000e-01 -1.89000e+00
725000 -9.85000e-01 -1.94000e+00
726000 -9.85000e-01 -1.94000e+00
727000 -9.85000e-01 -1.94000e+00
728000 -9.45000e-01 -1.83000e+00
729000 -9.50000e-01 -1.84000e+00
730000 -9.20000e-01 -1.75000e+00
731000 -9.40000e-01 -1.81000e+00
732000 -9.95000e-01 -1.98000e+00
733000 -9.85000e-01 -1.95000e+00
734000 -9.75000e-01 -1.90000e+00
735000 -9.50000e-01 -1.87000e+00
736000 -9.40000e-01 -1.81000e+00
737000 -9.70000e-01 -1.88000e+00
738000 -9.85000e-01 -1.94000e+00
739000 -9.85000e-01 -1.94000e+00
740000 -9.80000e-01 -1.93000e+00
741000 -9.85000e-01 -1.94000e+00
742000 -9.85000e-01 -1.94000e+00
743000 -9.55000e-01 -1.87000e+00
744000 -9.65000e-01 -1.90000e+00
745000 -9.65000e-01 -1.89000e+00
746000 -9.55000e-01 -1.88000e+00
747000 -9.85000e-01 -1.94000e+00
748000 -9.65000e-01 -1.87000e+00
749000 -9.65000e-01 -1.86000e+00
750000 -9.75000e-01 -1.92000e+00
751000 -9.65000e-01 -1.89000e+00
752000 -9.70000e-01 -1.88000e+00
753000 -9.70000e-01 -1.88000e+00
754000 -9.65000e-01 -1.88000e+00
755000 -9.65000e-01 -1.87000e+00
756000 -9.30000e-01 -1.83000e+00
757000 -9.65000e-01 -1.86000e+00
758000 -9.60000e-01 -1.89000e+00
759000 -9.90000e-01 -1.96000e+00
760000 -9.90000e-01 -1.96000e+00
761000 -9.70000e-01 -1.89000e+00
762000 -9.70000e-01 -1.89000e+00
763000 -9.70000e-01 -1.89000e+00
764000 -9.85000e-01 -1.94000e+00
765000 -9.65000e-01 -1.91000e+00
766000 -9.85000e-01 -1.94000e+00
767000 -9.65000e-01 -1.87000e+00
768000 -9.85000e-01 -1.94000e+00
769000 -9.65000e-01 -1.87000e+00
770000 -9.65000e-01 -1.89000e+00
771000 -9.70000e-01 -1.90000e+00
772000 -9.75000e-01 -1.92000e+00
773000 -9.85000e-01 -1.94000e+00
774000 -9.65000e-01 -1.87000e+00
775000 -9.05000e-01 -1.78000e+00
776000 -9.50000e-01 -1.82000e+00
777000 -9.75000e-01 -1.91000e+00
778000 -9.80000e-01 -1.92000e+00
779000 -9.55000e-01 -1.87000e+00
780000 -9.90000e-01 -1.96000e+00
781000 -9.80000e-01 -1.93000e+00
782000 -9.80000e-01 -1.93000e+00
783000 -9.70000e-01 -1.88000e+00
784000 -9.85000e-01 -1.94000e+00
785000 -9.85000e-01 -1.94000e+00
786000 -9.60000e-01 -1.86000e+00
787000 -9.65000e-01 -1.87000e+00
788000 -9.30000e-01 -1.84000e+00
789000 -9.80000e-01 -1.93000e+00
790000 -9.80000e-01 -1.92000e+00
791000 -9.45000e-01 -1.85000e+00
792000 -9.75000e-01 -1.91000e+00
793000 -9.75000e-01 -1.91000e+00
794000 -9.45000e-01 -1.82000e+00
795000 -9.95000e-01 -1.98000e+00
796000 -9.85000e-01 -1.94000e+00
797000 -9.60000e-01 -1.88000e+00
798000 -9.95000e-01 -1.98000e+00
799000 -9.75000e-01 -1.92000e+00
800000 -9.60000e-01 -1.86000e+00
801000 -9.55000e-01 -1.83000e+00
802000 -9.80000e-01 -1.92000e+00
803000 -1.00000e+00 -2.00000e+00
804000 -9.75000e-01 -1.91000e+00
805000 -9.95000e-01 -1.98000e+00
806000 -1.00000e+00 -2.00000e+00
807000 -9.80000e-01 -1.92000e+00
808000 -9.50000e-01 -1.85000e+00
809000 -9.55000e-01 -1.88000e+00
810000 -9.75000e-01 -1.91000e+00
811000 -9.55000e-01 -1.84000e+00
812000 -9.60000e-01 -1.85000e+00
813000 -9.60000e-01 -1.84000e+00
814000 -9.35000e-01 -1.85000e+00
815000 -9.55000e-01 -1.85000e+00
816000 -9.70000e-01 -1.90000e+00
817000 -9.70000e-01 -1.90000e+00
818000 -9.75000e-01 -1.91000e+00
819000 -9.80000e-01 -1.92000e+00
820000 -9.30000e-01 -1.78000e+00
821000 -1.00000e+00 -2.00000e+00
822000 -9.85000e-01 -1.94000e+00
823000 -9.70000e-01 -1.89000e+00
824000 -9.70000e-01 -1.90000e+00
825000 -9.70000e-01 -1.89000e+00
826000 -9.95000e-01 -1.98000e+00
827000 -9.65000e-01 -1.87000e+00
828000 -9.75000e-01 -1.92000e+00
829000 -9.80000e-01 -1.94000e+00
830000 -9.95000e-01 -1.98000e+00
831000 -9.75000e-01 -1.91000e+00
832000 -9.65000e-01 -1.88000e+00
833000 -9.65000e-01 -1.87000e+00
834000 -9.65000e-01 -1.89000e+00
835000 -9.80000e-01 -1.93000e+00
836000 -9.65000e-01 -1.92000e+00
837000 -9.80000e-01 -1.94000e+00
838000 -9.50000e-01 -1.84000e+00
839000 -9.85000e-01 -1.94000e+00
840000 -9.70000e-01 -1.91000e+00
841000 -9.55000e-01 -1.84000e+00
842000 -9.80000e-01 -1.93000e+00
843000 -9.85000e-01 -1.94000e+00
844000 -9.95000e-01 -1.98000e+00
845000 -9.70000e-01 -1.89000e+00
846000 -9.75000e-01 -1.91000e+00
847000 -9.80000e-01 -1.92000e+00
848000 -9.95000e-01 -1.98000e+00
849000 -9.85000e-01 -1.94000e+00
850000 -9.70000e-01 -1.91000e+00
851000 -9.60000e-01 -1.87000e+00
852000 -9.15000e-01 -1.74000e+00
853000 -9.10000e-01 -1.72000e+00
854000 -9.70000e-01 -1.88000e+00
855000 -9.80000e-01 -1.92000e+00
856000 -9.60000e-01 -1.89000e+00
857000 -9.60000e-01 -1.86000e+00
858000 -9.85000e-01 -1.94000e+00
859000 -9.70000e-01 -1.89000e+00
860000 -9.95000e-01 -1.98000e+00
861000 -9.65000e-01 -1.87000e+00
862000 -9.85000e-01 -1.94000e+00
863000 -9.55000e-01 -1.84000e+00
864000 -9.90000e-01 -1.96000e+00
865000 -9.65000e-01 -1.86000e+00
866000 -9.60000e-01 -1.87000e+00
867000 -9.90000e-01 -1.96000e+00
868000 -9.90000e-01 -1.96000e+00
869000 -9.80000e-01 -1.93000e+00
870000 -9.25000e-01 -1.79000e+00
871000 -9.55000e-01 -1.84000e+00
872000 -9.95000e-01 -1.98000e+00
873000 -9.60000e-01 -1.88000e+00
874000 -9.85000e-01 -1.94000e+00
875000 -9.50000e-01 -1.86000e+00
876000 -9.75000e-01 -1.91000e+00
877000 -9.90000e-01 -1.96000e+00
878000 -9.70000e-01 -1.89000e+00
879000 -9.95000e-01 -1.98000e+00
880000 -9.60000e-01 -1.87000e+00
881000 -9.65000e-01 -1.88000e+00
882000 -9.45000e-01 -1.84000e+00
883000 -9.80000e-01 -1.92000e+00
884000 -9.30000e-01 -1.80000e+00
885000 -9.75000e-01 -1.90000e+00
886000 -9.80000e-01 -1.92000e+00
887000 -9.70000e-01 -1.90000e+00
888000 -9.75000e-01 -1.92000e+00
889000 -9.85000e-01 -1.95000e+00
890000 -9.45000e-01 -1.83000e+00
891000 -9.55000e-01 -1.83000e+00
892000 -9.85000e-01 -1.95000e+00
893000 -9.55000e-01 -1.83000e+00
894000 -9.60000e-01 -1.85000e+00
895000 -9.60000e-01 -1.86000e+00
896000 -9.80000e-01 -1.92000e+00
897000 -9.90000e-01 -1.97000e+00
898000 -9.75000e-01 -1.91000e+00
899000 -9.85000e-01 -1.94000e+00
900000 -9.50000e-01 -1.85000e+00
901000 -9.80000e-01 -1.92000e+00
902000 -9.60000e-01 -1.88000e+00
903000 -9.85000e-01 -1.94000e+00
904000 -9.75000e-01 -1.92000e+00
905000 -9.75000e-01 -1.91000e+00
906000 -9.95000e-01 -1.98000e+00
907000 -9.70000e-01 -1.88000e+00
908000 -9.75000e-01 -1.92000e+00
909000 -9.50000e-01 -1.84000e+00
910000 -9.65000e-01 -1.90000e+00
911000 -9.80000e-01 -1.93000e+00
912000 -9.70000e-01 -1.88000e+00
913000 -9.90000e-01 -1.97000e+00
914000 -9.55000e-01 -1.84000e+00
915000 -9.40000e-01 -1.82000e+00
916000 -9.70000e-01 -1.90000e+00
917000 -9.60000e-01 -1.85000e+00
918000 -9.75000e-01 -1.92000e+00
919000 -9.45000e-01 -1.85000e+00
920000 -9.60000e-01 -1.88000e+00
921000 -9.45000e-01 -1.84000e+00
922000 -9.65000e-01 -1.86000e+00
923000 -9.80000e-01 -1.92000e+00
924000 -9.20000e-01 -1.76000e+00
925000 -9.95000e-01 -1.98000e+00
926000 -9.75000e-01 -1.91000e+00
927000 -9.85000e-01 -1.94000e+00
928000 -9.70000e-01 -1.90000e+00
929000 -9.35000e-01 -1.77000e+00
930000 -9.80000e-01 -1.93000e+00
931000 -9.20000e-01 -1.77000e+00
932000 -9.85000e-01 -1.94000e+00
933000 -9.55000e-01 -1.84000e+00
934000 -9.65000e-01 -1.90000e+00
935000 -9.60000e-01 -1.85000e+00
936000 -9.95000e-01 -1.98000e+00
937000 -9.35000e-01 -1.76000e+00
938000 -9.85000e-01 -1.94000e+00
939000 -9.55000e-01 -1.86000e+00
940000 -9.85000e-01 -1.94000e+00
941000 -9.60000e-01 -1.85000e+00
942000 -9.80000e-01 -1.92000e+00
943000 -9.80000e-01 -1.93000e+00
944000 -9.75000e-01 -1.92000e+00
945000 -9.85000e-01 -1.94000e+00
946000 -1.00000e+00 -2.00000e+00
947000 -9.65000e-01 -1.87000e+00
948000 -9.90000e-01 -1.96000e+00
949000 -9.60000e-01 -1.86000e+00
950000 -9.90000e-01 -1.96000e+00
951000 -9.70000e-01 -1.89000e+00
952000 -9.80000e-01 -1.92000e+00
953000 -9.55000e-01 -1.85000e+00
954000 -9.80000e-01 -1.92000e+00
955000 -9.65000e-01 -1.87000e+00
956000 -9.85000e-01 -1.94000e+00
957000 -9.90000e-01 -1.97000e+00
958000 -9.85000e-01 -1.94000e+00
959000 -9.55000e-01 -1.86000e+00
960000 -9.35000e-01 -1.83000e+00
961000 -9.80000e-01 -1.93000e+00
962000 -9.80000e-01 -1.93000e+00
963000 -9.35000e-01 -1.80000e+00
964000 -9.80000e-01 -1.93000e+00
965000 -9.75000e-01 -1.91000e+00
966000 -9.60000e-01 -1.88000e+00
967000 -1.00000e+00 -2.00000e+00
968000 -9.60000e-01 -1.88000e+00
969000 -9.85000e-01 -1.94000e+00
970000 -9.80000e-01 -1.92000e+00
971000 -9.40000e-01 -1.81000e+00
972000 -9.65000e-01 -1.88000e+00
973000 -9.80000e-01 -1.92000e+00
974000 -9.45000e-01 -1.80000e+00
975000 -9.85000e-01 -1.94000e+00
976000 -9.75000e-01 -1.90000e+00
977000 -9.30000e-01 -1.81000e+00
978000 -9.90000e-01 -1.97000e+00
979000 -9.55000e-01 -1.86000e+00
980000 -9.80000e-01 -1.92000e+00
981000 -9.70000e-01 -1.90000e+00
982000 -9.80000e-01 -1.92000e+00
983000 -9.65000e-01 -1.89000e+00
984000 -9.35000e-01 -1.79000e+00
985000 -9.65000e-01 -1.91000e+00
986000 -9.85000e-01 -1.94000e+00
987000 -9.85000e-01 -1.94000e+00
988000 -9.85000e-01 -1.94000e+00
989000 -9.75000e-01 -1.94000e+00
990000 -9.50000e-01 -1.87000e+00
991000 -9.60000e-01 -1.84000e+00
992000 -9.50000e-01 -1.84000e+00
993000 -9.60000e-01 -1.86000e+00
994000 -9.75000e-01 -1.91000e+00
995000 -9.85000e-01 -1.95000e+00
996000 -9.85000e-01 -1.95000e+00
997000 -9.90000e-01 -1.96000e+00
998000 -9.60000e-01 -1.84000e+00
999000 -9.55000e-01 -1.85000e+00
# The average magnetization is -0.96888
# The average energy per spin is -1.89564
# Program ends.
