=========================================
SLURM_JOB_ID = 60339
SLURM_JOB_NODELIST = node20-78
SLURM_CPUS_ON_NODE = 4
SLURM_JOB_PARTITION = RT
SLURM_TASK_PID = 729129
==========================================
# command: ./a.out -T 1.0 -s 100 
# ISING simulation, NVT Metropolis Monte Carlo
# L = 20, T = 1.000, nCycles 1000000, fSamp 1000, Seed 100
0 -3.50000e-02 -6.70000e-01
1000 -9.95000e-01 -1.98000e+00
2000 -9.95000e-01 -1.98000e+00
3000 -1.00000e+00 -2.00000e+00
4000 -1.00000e+00 -2.00000e+00
5000 -1.00000e+00 -2.00000e+00
6000 -1.00000e+00 -2.00000e+00
7000 -1.00000e+00 -2.00000e+00
8000 -1.00000e+00 -2.00000e+00
9000 -1.00000e+00 -2.00000e+00
10000 -1.00000e+00 -2.00000e+00
11000 -1.00000e+00 -2.00000e+00
12000 -1.00000e+00 -2.00000e+00
13000 -1.00000e+00 -2.00000e+00
14000 -9.95000e-01 -1.98000e+00
15000 -1.00000e+00 -2.00000e+00
16000 -1.00000e+00 -2.00000e+00
17000 -1.00000e+00 -2.00000e+00
18000 -1.00000e+00 -2.00000e+00
19000 -1.00000e+00 -2.00000e+00
20000 -1.00000e+00 -2.00000e+00
21000 -1.00000e+00 -2.00000e+00
22000 -1.00000e+00 -2.00000e+00
23000 -1.00000e+00 -2.00000e+00
24000 -1.00000e+00 -2.00000e+00
25000 -1.00000e+00 -2.00000e+00
26000 -1.00000e+00 -2.00000e+00
27000 -1.00000e+00 -2.00000e+00
28000 -1.00000e+00 -2.00000e+00
29000 -1.00000e+00 -2.00000e+00
30000 -1.00000e+00 -2.00000e+00
31000 -1.00000e+00 -2.00000e+00
32000 -1.00000e+00 -2.00000e+00
33000 -1.00000e+00 -2.00000e+00
34000 -1.00000e+00 -2.00000e+00
35000 -1.00000e+00 -2.00000e+00
36000 -1.00000e+00 -2.00000e+00
37000 -1.00000e+00 -2.00000e+00
38000 -1.00000e+00 -2.00000e+00
39000 -1.00000e+00 -2.00000e+00
40000 -1.00000e+00 -2.00000e+00
41000 -1.00000e+00 -2.00000e+00
42000 -1.00000e+00 -2.00000e+00
43000 -1.00000e+00 -2.00000e+00
44000 -1.00000e+00 -2.00000e+00
45000 -1.00000e+00 -2.00000e+00
46000 -1.00000e+00 -2.00000e+00
47000 -1.00000e+00 -2.00000e+00
48000 -1.00000e+00 -2.00000e+00
49000 -1.00000e+00 -2.00000e+00
50000 -9.90000e-01 -1.97000e+00
51000 -1.00000e+00 -2.00000e+00
52000 -9.95000e-01 -1.98000e+00
53000 -1.00000e+00 -2.00000e+00
54000 -1.00000e+00 -2.00000e+00
55000 -1.00000e+00 -2.00000e+00
56000 -1.00000e+00 -2.00000e+00
57000 -1.00000e+00 -2.00000e+00
58000 -1.00000e+00 -2.00000e+00
59000 -1.00000e+00 -2.00000e+00
60000 -1.00000e+00 -2.00000e+00
61000 -9.95000e-01 -1.98000e+00
62000 -1.00000e+00 -2.00000e+00
63000 -1.00000e+00 -2.00000e+00
64000 -9.95000e-01 -1.98000e+00
65000 -1.00000e+00 -2.00000e+00
66000 -1.00000e+00 -2.00000e+00
67000 -1.00000e+00 -2.00000e+00
68000 -1.00000e+00 -2.00000e+00
69000 -1.00000e+00 -2.00000e+00
70000 -1.00000e+00 -2.00000e+00
71000 -1.00000e+00 -2.00000e+00
72000 -1.00000e+00 -2.00000e+00
73000 -1.00000e+00 -2.00000e+00
74000 -1.00000e+00 -2.00000e+00
75000 -1.00000e+00 -2.00000e+00
76000 -1.00000e+00 -2.00000e+00
77000 -1.00000e+00 -2.00000e+00
78000 -1.00000e+00 -2.00000e+00
79000 -1.00000e+00 -2.00000e+00
80000 -1.00000e+00 -2.00000e+00
81000 -1.00000e+00 -2.00000e+00
82000 -1.00000e+00 -2.00000e+00
83000 -1.00000e+00 -2.00000e+00
84000 -1.00000e+00 -2.00000e+00
85000 -1.00000e+00 -2.00000e+00
86000 -1.00000e+00 -2.00000e+00
87000 -1.00000e+00 -2.00000e+00
88000 -1.00000e+00 -2.00000e+00
89000 -1.00000e+00 -2.00000e+00
90000 -1.00000e+00 -2.00000e+00
91000 -1.00000e+00 -2.00000e+00
92000 -1.00000e+00 -2.00000e+00
93000 -1.00000e+00 -2.00000e+00
94000 -1.00000e+00 -2.00000e+00
95000 -1.00000e+00 -2.00000e+00
96000 -1.00000e+00 -2.00000e+00
97000 -1.00000e+00 -2.00000e+00
98000 -1.00000e+00 -2.00000e+00
99000 -1.00000e+00 -2.00000e+00
100000 -1.00000e+00 -2.00000e+00
101000 -1.00000e+00 -2.00000e+00
102000 -1.00000e+00 -2.00000e+00
103000 -1.00000e+00 -2.00000e+00
104000 -1.00000e+00 -2.00000e+00
105000 -9.95000e-01 -1.98000e+00
106000 -1.00000e+00 -2.00000e+00
107000 -1.00000e+00 -2.00000e+00
108000 -9.95000e-01 -1.98000e+00
109000 -1.00000e+00 -2.00000e+00
110000 -1.00000e+00 -2.00000e+00
111000 -1.00000e+00 -2.00000e+00
112000 -1.00000e+00 -2.00000e+00
113000 -1.00000e+00 -2.00000e+00
114000 -1.00000e+00 -2.00000e+00
115000 -1.00000e+00 -2.00000e+00
116000 -1.00000e+00 -2.00000e+00
117000 -1.00000e+00 -2.00000e+00
118000 -1.00000e+00 -2.00000e+00
119000 -9.80000e-01 -1.93000e+00
120000 -1.00000e+00 -2.00000e+00
121000 -1.00000e+00 -2.00000e+00
122000 -1.00000e+00 -2.00000e+00
123000 -1.00000e+00 -2.00000e+00
124000 -9.95000e-01 -1.98000e+00
125000 -1.00000e+00 -2.00000e+00
126000 -1.00000e+00 -2.00000e+00
127000 -1.00000e+00 -2.00000e+00
128000 -1.00000e+00 -2.00000e+00
129000 -1.00000e+00 -2.00000e+00
130000 -1.00000e+00 -2.00000e+00
131000 -1.00000e+00 -2.00000e+00
132000 -1.00000e+00 -2.00000e+00
133000 -1.00000e+00 -2.00000e+00
134000 -9.90000e-01 -1.96000e+00
135000 -1.00000e+00 -2.00000e+00
136000 -1.00000e+00 -2.00000e+00
137000 -1.00000e+00 -2.00000e+00
138000 -1.00000e+00 -2.00000e+00
139000 -1.00000e+00 -2.00000e+00
140000 -1.00000e+00 -2.00000e+00
141000 -1.00000e+00 -2.00000e+00
142000 -1.00000e+00 -2.00000e+00
143000 -1.00000e+00 -2.00000e+00
144000 -9.95000e-01 -1.98000e+00
145000 -1.00000e+00 -2.00000e+00
146000 -1.00000e+00 -2.00000e+00
147000 -1.00000e+00 -2.00000e+00
148000 -1.00000e+00 -2.00000e+00
149000 -1.00000e+00 -2.00000e+00
150000 -1.00000e+00 -2.00000e+00
151000 -1.00000e+00 -2.00000e+00
152000 -1.00000e+00 -2.00000e+00
153000 -1.00000e+00 -2.00000e+00
154000 -1.00000e+00 -2.00000e+00
155000 -1.00000e+00 -2.00000e+00
156000 -1.00000e+00 -2.00000e+00
157000 -9.95000e-01 -1.98000e+00
158000 -9.95000e-01 -1.98000e+00
159000 -1.00000e+00 -2.00000e+00
160000 -1.00000e+00 -2.00000e+00
161000 -1.00000e+00 -2.00000e+00
162000 -1.00000e+00 -2.00000e+00
163000 -1.00000e+00 -2.00000e+00
164000 -1.00000e+00 -2.00000e+00
165000 -9.95000e-01 -1.98000e+00
166000 -1.00000e+00 -2.00000e+00
167000 -9.95000e-01 -1.98000e+00
168000 -1.00000e+00 -2.00000e+00
169000 -1.00000e+00 -2.00000e+00
170000 -1.00000e+00 -2.00000e+00
171000 -1.00000e+00 -2.00000e+00
172000 -1.00000e+00 -2.00000e+00
173000 -1.00000e+00 -2.00000e+00
174000 -1.00000e+00 -2.00000e+00
175000 -1.00000e+00 -2.00000e+00
176000 -1.00000e+00 -2.00000e+00
177000 -1.00000e+00 -2.00000e+00
178000 -1.00000e+00 -2.00000e+00
179000 -1.00000e+00 -2.00000e+00
180000 -1.00000e+00 -2.00000e+00
181000 -1.00000e+00 -2.00000e+00
182000 -1.00000e+00 -2.00000e+00
183000 -1.00000e+00 -2.00000e+00
184000 -1.00000e+00 -2.00000e+00
185000 -1.00000e+00 -2.00000e+00
186000 -1.00000e+00 -2.00000e+00
187000 -1.00000e+00 -2.00000e+00
188000 -1.00000e+00 -2.00000e+00
189000 -9.95000e-01 -1.98000e+00
190000 -9.95000e-01 -1.98000e+00
191000 -1.00000e+00 -2.00000e+00
192000 -1.00000e+00 -2.00000e+00
193000 -1.00000e+00 -2.00000e+00
194000 -1.00000e+00 -2.00000e+00
195000 -1.00000e+00 -2.00000e+00
196000 -1.00000e+00 -2.00000e+00
197000 -9.95000e-01 -1.98000e+00
198000 -9.95000e-01 -1.98000e+00
199000 -1.00000e+00 -2.00000e+00
200000 -1.00000e+00 -2.00000e+00
201000 -9.95000e-01 -1.98000e+00
202000 -1.00000e+00 -2.00000e+00
203000 -1.00000e+00 -2.00000e+00
204000 -1.00000e+00 -2.00000e+00
205000 -1.00000e+00 -2.00000e+00
206000 -1.00000e+00 -2.00000e+00
207000 -1.00000e+00 -2.00000e+00
208000 -9.90000e-01 -1.96000e+00
209000 -1.00000e+00 -2.00000e+00
210000 -1.00000e+00 -2.00000e+00
211000 -1.00000e+00 -2.00000e+00
212000 -1.00000e+00 -2.00000e+00
213000 -1.00000e+00 -2.00000e+00
214000 -1.00000e+00 -2.00000e+00
215000 -1.00000e+00 -2.00000e+00
216000 -1.00000e+00 -2.00000e+00
217000 -1.00000e+00 -2.00000e+00
218000 -1.00000e+00 -2.00000e+00
219000 -1.00000e+00 -2.00000e+00
220000 -1.00000e+00 -2.00000e+00
221000 -1.00000e+00 -2.00000e+00
222000 -1.00000e+00 -2.00000e+00
223000 -1.00000e+00 -2.00000e+00
224000 -1.00000e+00 -2.00000e+00
225000 -1.00000e+00 -2.00000e+00
226000 -1.00000e+00 -2.00000e+00
227000 -1.00000e+00 -2.00000e+00
228000 -1.00000e+00 -2.00000e+00
229000 -1.00000e+00 -2.00000e+00
230000 -1.00000e+00 -2.00000e+00
231000 -1.00000e+00 -2.00000e+00
232000 -9.95000e-01 -1.98000e+00
233000 -9.95000e-01 -1.98000e+00
234000 -9.95000e-01 -1.98000e+00
235000 -1.00000e+00 -2.00000e+00
236000 -1.00000e+00 -2.00000e+00
237000 -1.00000e+00 -2.00000e+00
238000 -1.00000e+00 -2.00000e+00
239000 -1.00000e+00 -2.00000e+00
240000 -9.95000e-01 -1.98000e+00
241000 -9.95000e-01 -1.98000e+00
242000 -1.00000e+00 -2.00000e+00
243000 -1.00000e+00 -2.00000e+00
244000 -1.00000e+00 -2.00000e+00
245000 -9.95000e-01 -1.98000e+00
246000 -1.00000e+00 -2.00000e+00
247000 -1.00000e+00 -2.00000e+00
248000 -9.95000e-01 -1.98000e+00
249000 -1.00000e+00 -2.00000e+00
250000 -1.00000e+00 -2.00000e+00
251000 -1.00000e+00 -2.00000e+00
252000 -1.00000e+00 -2.00000e+00
253000 -1.00000e+00 -2.00000e+00
254000 -1.00000e+00 -2.00000e+00
255000 -1.00000e+00 -2.00000e+00
256000 -1.00000e+00 -2.00000e+00
257000 -1.00000e+00 -2.00000e+00
258000 -1.00000e+00 -2.00000e+00
259000 -1.00000e+00 -2.00000e+00
260000 -1.00000e+00 -2.00000e+00
261000 -1.00000e+00 -2.00000e+00
262000 -1.00000e+00 -2.00000e+00
263000 -1.00000e+00 -2.00000e+00
264000 -1.00000e+00 -2.00000e+00
265000 -1.00000e+00 -2.00000e+00
266000 -1.00000e+00 -2.00000e+00
267000 -1.00000e+00 -2.00000e+00
268000 -1.00000e+00 -2.00000e+00
269000 -9.95000e-01 -1.98000e+00
270000 -1.00000e+00 -2.00000e+00
271000 -9.95000e-01 -1.98000e+00
272000 -1.00000e+00 -2.00000e+00
273000 -9.95000e-01 -1.98000e+00
274000 -1.00000e+00 -2.00000e+00
275000 -1.00000e+00 -2.00000e+00
276000 -1.00000e+00 -2.00000e+00
277000 -1.00000e+00 -2.00000e+00
278000 -1.00000e+00 -2.00000e+00
279000 -1.00000e+00 -2.00000e+00
280000 -1.00000e+00 -2.00000e+00
281000 -1.00000e+00 -2.00000e+00
282000 -1.00000e+00 -2.00000e+00
283000 -1.00000e+00 -2.00000e+00
284000 -1.00000e+00 -2.00000e+00
285000 -1.00000e+00 -2.00000e+00
286000 -1.00000e+00 -2.00000e+00
287000 -1.00000e+00 -2.00000e+00
288000 -1.00000e+00 -2.00000e+00
289000 -1.00000e+00 -2.00000e+00
290000 -1.00000e+00 -2.00000e+00
291000 -1.00000e+00 -2.00000e+00
292000 -1.00000e+00 -2.00000e+00
293000 -1.00000e+00 -2.00000e+00
294000 -1.00000e+00 -2.00000e+00
295000 -1.00000e+00 -2.00000e+00
296000 -1.00000e+00 -2.00000e+00
297000 -1.00000e+00 -2.00000e+00
298000 -1.00000e+00 -2.00000e+00
299000 -1.00000e+00 -2.00000e+00
300000 -1.00000e+00 -2.00000e+00
301000 -1.00000e+00 -2.00000e+00
302000 -1.00000e+00 -2.00000e+00
303000 -1.00000e+00 -2.00000e+00
304000 -1.00000e+00 -2.00000e+00
305000 -9.95000e-01 -1.98000e+00
306000 -1.00000e+00 -2.00000e+00
307000 -1.00000e+00 -2.00000e+00
308000 -1.00000e+00 -2.00000e+00
309000 -1.00000e+00 -2.00000e+00
310000 -1.00000e+00 -2.00000e+00
311000 -9.90000e-01 -1.96000e+00
312000 -9.95000e-01 -1.98000e+00
313000 -1.00000e+00 -2.00000e+00
314000 -1.00000e+00 -2.00000e+00
315000 -1.00000e+00 -2.00000e+00
316000 -9.95000e-01 -1.98000e+00
317000 -1.00000e+00 -2.00000e+00
318000 -1.00000e+00 -2.00000e+00
319000 -1.00000e+00 -2.00000e+00
320000 -9.95000e-01 -1.98000e+00
321000 -9.90000e-01 -1.96000e+00
322000 -1.00000e+00 -2.00000e+00
323000 -1.00000e+00 -2.00000e+00
324000 -1.00000e+00 -2.00000e+00
325000 -1.00000e+00 -2.00000e+00
326000 -1.00000e+00 -2.00000e+00
327000 -1.00000e+00 -2.00000e+00
328000 -1.00000e+00 -2.00000e+00
329000 -1.00000e+00 -2.00000e+00
330000 -9.90000e-01 -1.97000e+00
331000 -1.00000e+00 -2.00000e+00
332000 -1.00000e+00 -2.00000e+00
333000 -9.95000e-01 -1.98000e+00
334000 -9.95000e-01 -1.98000e+00
335000 -1.00000e+00 -2.00000e+00
336000 -9.90000e-01 -1.97000e+00
337000 -1.00000e+00 -2.00000e+00
338000 -1.00000e+00 -2.00000e+00
339000 -1.00000e+00 -2.00000e+00
340000 -1.00000e+00 -2.00000e+00
341000 -9.95000e-01 -1.98000e+00
342000 -1.00000e+00 -2.00000e+00
343000 -1.00000e+00 -2.00000e+00
344000 -9.95000e-01 -1.98000e+00
345000 -1.00000e+00 -2.00000e+00
346000 -1.00000e+00 -2.00000e+00
347000 -1.00000e+00 -2.00000e+00
348000 -1.00000e+00 -2.00000e+00
349000 -1.00000e+00 -2.00000e+00
350000 -1.00000e+00 -2.00000e+00
351000 -9.95000e-01 -1.98000e+00
352000 -1.00000e+00 -2.00000e+00
353000 -1.00000e+00 -2.00000e+00
354000 -1.00000e+00 -2.00000e+00
355000 -9.95000e-01 -1.98000e+00
356000 -9.95000e-01 -1.98000e+00
357000 -1.00000e+00 -2.00000e+00
358000 -1.00000e+00 -2.00000e+00
359000 -1.00000e+00 -2.00000e+00
360000 -1.00000e+00 -2.00000e+00
361000 -1.00000e+00 -2.00000e+00
362000 -1.00000e+00 -2.00000e+00
363000 -9.95000e-01 -1.98000e+00
364000 -1.00000e+00 -2.00000e+00
365000 -1.00000e+00 -2.00000e+00
366000 -1.00000e+00 -2.00000e+00
367000 -1.00000e+00 -2.00000e+00
368000 -1.00000e+00 -2.00000e+00
369000 -1.00000e+00 -2.00000e+00
370000 -1.00000e+00 -2.00000e+00
371000 -1.00000e+00 -2.00000e+00
372000 -1.00000e+00 -2.00000e+00
373000 -1.00000e+00 -2.00000e+00
374000 -9.95000e-01 -1.98000e+00
375000 -9.95000e-01 -1.98000e+00
376000 -1.00000e+00 -2.00000e+00
377000 -9.95000e-01 -1.98000e+00
378000 -1.00000e+00 -2.00000e+00
379000 -1.00000e+00 -2.00000e+00
380000 -1.00000e+00 -2.00000e+00
381000 -1.00000e+00 -2.00000e+00
382000 -1.00000e+00 -2.00000e+00
383000 -1.00000e+00 -2.00000e+00
384000 -1.00000e+00 -2.00000e+00
385000 -1.00000e+00 -2.00000e+00
386000 -1.00000e+00 -2.00000e+00
387000 -1.00000e+00 -2.00000e+00
388000 -1.00000e+00 -2.00000e+00
389000 -1.00000e+00 -2.00000e+00
390000 -9.95000e-01 -1.98000e+00
391000 -9.95000e-01 -1.98000e+00
392000 -9.95000e-01 -1.98000e+00
393000 -1.00000e+00 -2.00000e+00
394000 -1.00000e+00 -2.00000e+00
395000 -1.00000e+00 -2.00000e+00
396000 -1.00000e+00 -2.00000e+00
397000 -1.00000e+00 -2.00000e+00
398000 -1.00000e+00 -2.00000e+00
399000 -1.00000e+00 -2.00000e+00
400000 -1.00000e+00 -2.00000e+00
401000 -1.00000e+00 -2.00000e+00
402000 -1.00000e+00 -2.00000e+00
403000 -9.95000e-01 -1.98000e+00
404000 -1.00000e+00 -2.00000e+00
405000 -1.00000e+00 -2.00000e+00
406000 -1.00000e+00 -2.00000e+00
407000 -1.00000e+00 -2.00000e+00
408000 -1.00000e+00 -2.00000e+00
409000 -1.00000e+00 -2.00000e+00
410000 -1.00000e+00 -2.00000e+00
411000 -1.00000e+00 -2.00000e+00
412000 -1.00000e+00 -2.00000e+00
413000 -1.00000e+00 -2.00000e+00
414000 -1.00000e+00 -2.00000e+00
415000 -1.00000e+00 -2.00000e+00
416000 -1.00000e+00 -2.00000e+00
417000 -1.00000e+00 -2.00000e+00
418000 -1.00000e+00 -2.00000e+00
419000 -9.95000e-01 -1.98000e+00
420000 -9.95000e-01 -1.98000e+00
421000 -1.00000e+00 -2.00000e+00
422000 -1.00000e+00 -2.00000e+00
423000 -1.00000e+00 -2.00000e+00
424000 -9.95000e-01 -1.98000e+00
425000 -1.00000e+00 -2.00000e+00
426000 -1.00000e+00 -2.00000e+00
427000 -9.95000e-01 -1.98000e+00
428000 -1.00000e+00 -2.00000e+00
429000 -1.00000e+00 -2.00000e+00
430000 -1.00000e+00 -2.00000e+00
431000 -1.00000e+00 -2.00000e+00
432000 -9.95000e-01 -1.98000e+00
433000 -1.00000e+00 -2.00000e+00
434000 -1.00000e+00 -2.00000e+00
435000 -1.00000e+00 -2.00000e+00
436000 -1.00000e+00 -2.00000e+00
437000 -1.00000e+00 -2.00000e+00
438000 -9.95000e-01 -1.98000e+00
439000 -1.00000e+00 -2.00000e+00
440000 -1.00000e+00 -2.00000e+00
441000 -1.00000e+00 -2.00000e+00
442000 -1.00000e+00 -2.00000e+00
443000 -1.00000e+00 -2.00000e+00
444000 -1.00000e+00 -2.00000e+00
445000 -1.00000e+00 -2.00000e+00
446000 -1.00000e+00 -2.00000e+00
447000 -1.00000e+00 -2.00000e+00
448000 -1.00000e+00 -2.00000e+00
449000 -1.00000e+00 -2.00000e+00
450000 -1.00000e+00 -2.00000e+00
451000 -9.95000e-01 -1.98000e+00
452000 -1.00000e+00 -2.00000e+00
453000 -1.00000e+00 -2.00000e+00
454000 -1.00000e+00 -2.00000e+00
455000 -1.00000e+00 -2.00000e+00
456000 -1.00000e+00 -2.00000e+00
457000 -1.00000e+00 -2.00000e+00
458000 -1.00000e+00 -2.00000e+00
459000 -1.00000e+00 -2.00000e+00
460000 -1.00000e+00 -2.00000e+00
461000 -1.00000e+00 -2.00000e+00
462000 -1.00000e+00 -2.00000e+00
463000 -1.00000e+00 -2.00000e+00
464000 -1.00000e+00 -2.00000e+00
465000 -1.00000e+00 -2.00000e+00
466000 -1.00000e+00 -2.00000e+00
467000 -1.00000e+00 -2.00000e+00
468000 -1.00000e+00 -2.00000e+00
469000 -1.00000e+00 -2.00000e+00
470000 -1.00000e+00 -2.00000e+00
471000 -1.00000e+00 -2.00000e+00
472000 -1.00000e+00 -2.00000e+00
473000 -1.00000e+00 -2.00000e+00
474000 -1.00000e+00 -2.00000e+00
475000 -1.00000e+00 -2.00000e+00
476000 -1.00000e+00 -2.00000e+00
477000 -1.00000e+00 -2.00000e+00
478000 -1.00000e+00 -2.00000e+00
479000 -9.95000e-01 -1.98000e+00
480000 -1.00000e+00 -2.00000e+00
481000 -1.00000e+00 -2.00000e+00
482000 -1.00000e+00 -2.00000e+00
483000 -1.00000e+00 -2.00000e+00
484000 -1.00000e+00 -2.00000e+00
485000 -9.95000e-01 -1.98000e+00
486000 -1.00000e+00 -2.00000e+00
487000 -1.00000e+00 -2.00000e+00
488000 -9.95000e-01 -1.98000e+00
489000 -1.00000e+00 -2.00000e+00
490000 -9.95000e-01 -1.98000e+00
491000 -1.00000e+00 -2.00000e+00
492000 -1.00000e+00 -2.00000e+00
493000 -1.00000e+00 -2.00000e+00
494000 -1.00000e+00 -2.00000e+00
495000 -1.00000e+00 -2.00000e+00
496000 -1.00000e+00 -2.00000e+00
497000 -1.00000e+00 -2.00000e+00
498000 -1.00000e+00 -2.00000e+00
499000 -1.00000e+00 -2.00000e+00
500000 -1.00000e+00 -2.00000e+00
501000 -1.00000e+00 -2.00000e+00
502000 -9.95000e-01 -1.98000e+00
503000 -1.00000e+00 -2.00000e+00
504000 -1.00000e+00 -2.00000e+00
505000 -1.00000e+00 -2.00000e+00
506000 -1.00000e+00 -2.00000e+00
507000 -1.00000e+00 -2.00000e+00
508000 -1.00000e+00 -2.00000e+00
509000 -1.00000e+00 -2.00000e+00
510000 -1.00000e+00 -2.00000e+00
511000 -1.00000e+00 -2.00000e+00
512000 -1.00000e+00 -2.00000e+00
513000 -1.00000e+00 -2.00000e+00
514000 -1.00000e+00 -2.00000e+00
515000 -1.00000e+00 -2.00000e+00
516000 -9.85000e-01 -1.94000e+00
517000 -1.00000e+00 -2.00000e+00
518000 -9.95000e-01 -1.98000e+00
519000 -1.00000e+00 -2.00000e+00
520000 -1.00000e+00 -2.00000e+00
521000 -9.95000e-01 -1.98000e+00
522000 -1.00000e+00 -2.00000e+00
523000 -1.00000e+00 -2.00000e+00
524000 -1.00000e+00 -2.00000e+00
525000 -1.00000e+00 -2.00000e+00
526000 -1.00000e+00 -2.00000e+00
527000 -1.00000e+00 -2.00000e+00
528000 -1.00000e+00 -2.00000e+00
529000 -1.00000e+00 -2.00000e+00
530000 -1.00000e+00 -2.00000e+00
531000 -1.00000e+00 -2.00000e+00
532000 -1.00000e+00 -2.00000e+00
533000 -9.90000e-01 -1.96000e+00
534000 -1.00000e+00 -2.00000e+00
535000 -1.00000e+00 -2.00000e+00
536000 -1.00000e+00 -2.00000e+00
537000 -1.00000e+00 -2.00000e+00
538000 -1.00000e+00 -2.00000e+00
539000 -1.00000e+00 -2.00000e+00
540000 -9.95000e-01 -1.98000e+00
541000 -1.00000e+00 -2.00000e+00
542000 -1.00000e+00 -2.00000e+00
543000 -1.00000e+00 -2.00000e+00
544000 -1.00000e+00 -2.00000e+00
545000 -1.00000e+00 -2.00000e+00
546000 -1.00000e+00 -2.00000e+00
547000 -1.00000e+00 -2.00000e+00
548000 -1.00000e+00 -2.00000e+00
549000 -1.00000e+00 -2.00000e+00
550000 -1.00000e+00 -2.00000e+00
551000 -1.00000e+00 -2.00000e+00
552000 -1.00000e+00 -2.00000e+00
553000 -1.00000e+00 -2.00000e+00
554000 -1.00000e+00 -2.00000e+00
555000 -1.00000e+00 -2.00000e+00
556000 -1.00000e+00 -2.00000e+00
557000 -1.00000e+00 -2.00000e+00
558000 -1.00000e+00 -2.00000e+00
559000 -1.00000e+00 -2.00000e+00
560000 -1.00000e+00 -2.00000e+00
561000 -1.00000e+00 -2.00000e+00
562000 -1.00000e+00 -2.00000e+00
563000 -1.00000e+00 -2.00000e+00
564000 -1.00000e+00 -2.00000e+00
565000 -1.00000e+00 -2.00000e+00
566000 -9.95000e-01 -1.98000e+00
567000 -9.95000e-01 -1.98000e+00
568000 -1.00000e+00 -2.00000e+00
569000 -1.00000e+00 -2.00000e+00
570000 -1.00000e+00 -2.00000e+00
571000 -1.00000e+00 -2.00000e+00
572000 -1.00000e+00 -2.00000e+00
573000 -1.00000e+00 -2.00000e+00
574000 -1.00000e+00 -2.00000e+00
575000 -1.00000e+00 -2.00000e+00
576000 -9.95000e-01 -1.98000e+00
577000 -1.00000e+00 -2.00000e+00
578000 -1.00000e+00 -2.00000e+00
579000 -1.00000e+00 -2.00000e+00
580000 -1.00000e+00 -2.00000e+00
581000 -1.00000e+00 -2.00000e+00
582000 -1.00000e+00 -2.00000e+00
583000 -1.00000e+00 -2.00000e+00
584000 -9.95000e-01 -1.98000e+00
585000 -1.00000e+00 -2.00000e+00
586000 -1.00000e+00 -2.00000e+00
587000 -1.00000e+00 -2.00000e+00
588000 -9.95000e-01 -1.98000e+00
589000 -1.00000e+00 -2.00000e+00
590000 -1.00000e+00 -2.00000e+00
591000 -1.00000e+00 -2.00000e+00
592000 -1.00000e+00 -2.00000e+00
593000 -1.00000e+00 -2.00000e+00
594000 -9.95000e-01 -1.98000e+00
595000 -1.00000e+00 -2.00000e+00
596000 -1.00000e+00 -2.00000e+00
597000 -1.00000e+00 -2.00000e+00
598000 -1.00000e+00 -2.00000e+00
599000 -1.00000e+00 -2.00000e+00
600000 -1.00000e+00 -2.00000e+00
601000 -1.00000e+00 -2.00000e+00
602000 -1.00000e+00 -2.00000e+00
603000 -1.00000e+00 -2.00000e+00
604000 -1.00000e+00 -2.00000e+00
605000 -1.00000e+00 -2.00000e+00
606000 -1.00000e+00 -2.00000e+00
607000 -1.00000e+00 -2.00000e+00
608000 -1.00000e+00 -2.00000e+00
609000 -1.00000e+00 -2.00000e+00
610000 -1.00000e+00 -2.00000e+00
611000 -1.00000e+00 -2.00000e+00
612000 -1.00000e+00 -2.00000e+00
613000 -1.00000e+00 -2.00000e+00
614000 -1.00000e+00 -2.00000e+00
615000 -1.00000e+00 -2.00000e+00
616000 -9.95000e-01 -1.98000e+00
617000 -1.00000e+00 -2.00000e+00
618000 -1.00000e+00 -2.00000e+00
619000 -1.00000e+00 -2.00000e+00
620000 -9.95000e-01 -1.98000e+00
621000 -1.00000e+00 -2.00000e+00
622000 -1.00000e+00 -2.00000e+00
623000 -1.00000e+00 -2.00000e+00
624000 -1.00000e+00 -2.00000e+00
625000 -1.00000e+00 -2.00000e+00
626000 -1.00000e+00 -2.00000e+00
627000 -1.00000e+00 -2.00000e+00
628000 -1.00000e+00 -2.00000e+00
629000 -1.00000e+00 -2.00000e+00
630000 -1.00000e+00 -2.00000e+00
631000 -1.00000e+00 -2.00000e+00
632000 -1.00000e+00 -2.00000e+00
633000 -1.00000e+00 -2.00000e+00
634000 -1.00000e+00 -2.00000e+00
635000 -1.00000e+00 -2.00000e+00
636000 -1.00000e+00 -2.00000e+00
637000 -1.00000e+00 -2.00000e+00
638000 -1.00000e+00 -2.00000e+00
639000 -1.00000e+00 -2.00000e+00
640000 -1.00000e+00 -2.00000e+00
641000 -1.00000e+00 -2.00000e+00
642000 -1.00000e+00 -2.00000e+00
643000 -1.00000e+00 -2.00000e+00
644000 -9.95000e-01 -1.98000e+00
645000 -9.95000e-01 -1.98000e+00
646000 -1.00000e+00 -2.00000e+00
647000 -1.00000e+00 -2.00000e+00
648000 -1.00000e+00 -2.00000e+00
649000 -1.00000e+00 -2.00000e+00
650000 -1.00000e+00 -2.00000e+00
651000 -1.00000e+00 -2.00000e+00
652000 -1.00000e+00 -2.00000e+00
653000 -1.00000e+00 -2.00000e+00
654000 -1.00000e+00 -2.00000e+00
655000 -1.00000e+00 -2.00000e+00
656000 -1.00000e+00 -2.00000e+00
657000 -1.00000e+00 -2.00000e+00
658000 -1.00000e+00 -2.00000e+00
659000 -1.00000e+00 -2.00000e+00
660000 -1.00000e+00 -2.00000e+00
661000 -1.00000e+00 -2.00000e+00
662000 -1.00000e+00 -2.00000e+00
663000 -1.00000e+00 -2.00000e+00
664000 -1.00000e+00 -2.00000e+00
665000 -1.00000e+00 -2.00000e+00
666000 -1.00000e+00 -2.00000e+00
667000 -1.00000e+00 -2.00000e+00
668000 -1.00000e+00 -2.00000e+00
669000 -1.00000e+00 -2.00000e+00
670000 -1.00000e+00 -2.00000e+00
671000 -1.00000e+00 -2.00000e+00
672000 -1.00000e+00 -2.00000e+00
673000 -1.00000e+00 -2.00000e+00
674000 -1.00000e+00 -2.00000e+00
675000 -9.95000e-01 -1.98000e+00
676000 -1.00000e+00 -2.00000e+00
677000 -1.00000e+00 -2.00000e+00
678000 -1.00000e+00 -2.00000e+00
679000 -9.95000e-01 -1.98000e+00
680000 -1.00000e+00 -2.00000e+00
681000 -9.95000e-01 -1.98000e+00
682000 -1.00000e+00 -2.00000e+00
683000 -1.00000e+00 -2.00000e+00
684000 -1.00000e+00 -2.00000e+00
685000 -9.95000e-01 -1.98000e+00
686000 -1.00000e+00 -2.00000e+00
687000 -1.00000e+00 -2.00000e+00
688000 -1.00000e+00 -2.00000e+00
689000 -1.00000e+00 -2.00000e+00
690000 -1.00000e+00 -2.00000e+00
691000 -1.00000e+00 -2.00000e+00
692000 -1.00000e+00 -2.00000e+00
693000 -1.00000e+00 -2.00000e+00
694000 -9.95000e-01 -1.98000e+00
695000 -1.00000e+00 -2.00000e+00
696000 -1.00000e+00 -2.00000e+00
697000 -1.00000e+00 -2.00000e+00
698000 -1.00000e+00 -2.00000e+00
699000 -9.95000e-01 -1.98000e+00
700000 -1.00000e+00 -2.00000e+00
701000 -1.00000e+00 -2.00000e+00
702000 -1.00000e+00 -2.00000e+00
703000 -1.00000e+00 -2.00000e+00
704000 -1.00000e+00 -2.00000e+00
705000 -1.00000e+00 -2.00000e+00
706000 -1.00000e+00 -2.00000e+00
707000 -1.00000e+00 -2.00000e+00
708000 -1.00000e+00 -2.00000e+00
709000 -1.00000e+00 -2.00000e+00
710000 -1.00000e+00 -2.00000e+00
711000 -1.00000e+00 -2.00000e+00
712000 -9.95000e-01 -1.98000e+00
713000 -1.00000e+00 -2.00000e+00
714000 -1.00000e+00 -2.00000e+00
715000 -1.00000e+00 -2.00000e+00
716000 -1.00000e+00 -2.00000e+00
717000 -1.00000e+00 -2.00000e+00
718000 -1.00000e+00 -2.00000e+00
719000 -1.00000e+00 -2.00000e+00
720000 -1.00000e+00 -2.00000e+00
721000 -1.00000e+00 -2.00000e+00
722000 -1.00000e+00 -2.00000e+00
723000 -9.95000e-01 -1.98000e+00
724000 -1.00000e+00 -2.00000e+00
725000 -1.00000e+00 -2.00000e+00
726000 -1.00000e+00 -2.00000e+00
727000 -9.95000e-01 -1.98000e+00
728000 -1.00000e+00 -2.00000e+00
729000 -1.00000e+00 -2.00000e+00
730000 -1.00000e+00 -2.00000e+00
731000 -1.00000e+00 -2.00000e+00
732000 -1.00000e+00 -2.00000e+00
733000 -1.00000e+00 -2.00000e+00
734000 -9.95000e-01 -1.98000e+00
735000 -1.00000e+00 -2.00000e+00
736000 -1.00000e+00 -2.00000e+00
737000 -9.90000e-01 -1.96000e+00
738000 -1.00000e+00 -2.00000e+00
739000 -1.00000e+00 -2.00000e+00
740000 -9.90000e-01 -1.97000e+00
741000 -1.00000e+00 -2.00000e+00
742000 -1.00000e+00 -2.00000e+00
743000 -1.00000e+00 -2.00000e+00
744000 -1.00000e+00 -2.00000e+00
745000 -1.00000e+00 -2.00000e+00
746000 -1.00000e+00 -2.00000e+00
747000 -1.00000e+00 -2.00000e+00
748000 -1.00000e+00 -2.00000e+00
749000 -9.90000e-01 -1.96000e+00
750000 -1.00000e+00 -2.00000e+00
751000 -1.00000e+00 -2.00000e+00
752000 -1.00000e+00 -2.00000e+00
753000 -1.00000e+00 -2.00000e+00
754000 -9.95000e-01 -1.98000e+00
755000 -1.00000e+00 -2.00000e+00
756000 -1.00000e+00 -2.00000e+00
757000 -1.00000e+00 -2.00000e+00
758000 -9.95000e-01 -1.98000e+00
759000 -1.00000e+00 -2.00000e+00
760000 -1.00000e+00 -2.00000e+00
761000 -1.00000e+00 -2.00000e+00
762000 -1.00000e+00 -2.00000e+00
763000 -1.00000e+00 -2.00000e+00
764000 -1.00000e+00 -2.00000e+00
765000 -1.00000e+00 -2.00000e+00
766000 -1.00000e+00 -2.00000e+00
767000 -1.00000e+00 -2.00000e+00
768000 -9.95000e-01 -1.98000e+00
769000 -1.00000e+00 -2.00000e+00
770000 -1.00000e+00 -2.00000e+00
771000 -1.00000e+00 -2.00000e+00
772000 -1.00000e+00 -2.00000e+00
773000 -1.00000e+00 -2.00000e+00
774000 -9.90000e-01 -1.96000e+00
775000 -9.95000e-01 -1.98000e+00
776000 -1.00000e+00 -2.00000e+00
777000 -1.00000e+00 -2.00000e+00
778000 -1.00000e+00 -2.00000e+00
779000 -1.00000e+00 -2.00000e+00
780000 -1.00000e+00 -2.00000e+00
781000 -9.95000e-01 -1.98000e+00
782000 -1.00000e+00 -2.00000e+00
783000 -1.00000e+00 -2.00000e+00
784000 -9.95000e-01 -1.98000e+00
785000 -1.00000e+00 -2.00000e+00
786000 -9.95000e-01 -1.98000e+00
787000 -1.00000e+00 -2.00000e+00
788000 -1.00000e+00 -2.00000e+00
789000 -9.95000e-01 -1.98000e+00
790000 -1.00000e+00 -2.00000e+00
791000 -1.00000e+00 -2.00000e+00
792000 -1.00000e+00 -2.00000e+00
793000 -1.00000e+00 -2.00000e+00
794000 -9.95000e-01 -1.98000e+00
795000 -1.00000e+00 -2.00000e+00
796000 -1.00000e+00 -2.00000e+00
797000 -1.00000e+00 -2.00000e+00
798000 -1.00000e+00 -2.00000e+00
799000 -1.00000e+00 -2.00000e+00
800000 -1.00000e+00 -2.00000e+00
801000 -9.95000e-01 -1.98000e+00
802000 -1.00000e+00 -2.00000e+00
803000 -1.00000e+00 -2.00000e+00
804000 -1.00000e+00 -2.00000e+00
805000 -1.00000e+00 -2.00000e+00
806000 -1.00000e+00 -2.00000e+00
807000 -1.00000e+00 -2.00000e+00
808000 -1.00000e+00 -2.00000e+00
809000 -9.95000e-01 -1.98000e+00
810000 -1.00000e+00 -2.00000e+00
811000 -1.00000e+00 -2.00000e+00
812000 -1.00000e+00 -2.00000e+00
813000 -1.00000e+00 -2.00000e+00
814000 -1.00000e+00 -2.00000e+00
815000 -9.95000e-01 -1.98000e+00
816000 -1.00000e+00 -2.00000e+00
817000 -1.00000e+00 -2.00000e+00
818000 -1.00000e+00 -2.00000e+00
819000 -1.00000e+00 -2.00000e+00
820000 -9.95000e-01 -1.98000e+00
821000 -1.00000e+00 -2.00000e+00
822000 -1.00000e+00 -2.00000e+00
823000 -1.00000e+00 -2.00000e+00
824000 -1.00000e+00 -2.00000e+00
825000 -1.00000e+00 -2.00000e+00
826000 -1.00000e+00 -2.00000e+00
827000 -1.00000e+00 -2.00000e+00
828000 -9.95000e-01 -1.98000e+00
829000 -1.00000e+00 -2.00000e+00
830000 -1.00000e+00 -2.00000e+00
831000 -1.00000e+00 -2.00000e+00
832000 -1.00000e+00 -2.00000e+00
833000 -9.90000e-01 -1.96000e+00
834000 -1.00000e+00 -2.00000e+00
835000 -1.00000e+00 -2.00000e+00
836000 -1.00000e+00 -2.00000e+00
837000 -1.00000e+00 -2.00000e+00
838000 -1.00000e+00 -2.00000e+00
839000 -1.00000e+00 -2.00000e+00
840000 -1.00000e+00 -2.00000e+00
841000 -1.00000e+00 -2.00000e+00
842000 -1.00000e+00 -2.00000e+00
843000 -1.00000e+00 -2.00000e+00
844000 -1.00000e+00 -2.00000e+00
845000 -1.00000e+00 -2.00000e+00
846000 -1.00000e+00 -2.00000e+00
847000 -1.00000e+00 -2.00000e+00
848000 -1.00000e+00 -2.00000e+00
849000 -1.00000e+00 -2.00000e+00
850000 -1.00000e+00 -2.00000e+00
851000 -1.00000e+00 -2.00000e+00
852000 -1.00000e+00 -2.00000e+00
853000 -1.00000e+00 -2.00000e+00
854000 -9.95000e-01 -1.98000e+00
855000 -1.00000e+00 -2.00000e+00
856000 -1.00000e+00 -2.00000e+00
857000 -1.00000e+00 -2.00000e+00
858000 -1.00000e+00 -2.00000e+00
859000 -1.00000e+00 -2.00000e+00
860000 -1.00000e+00 -2.00000e+00
861000 -1.00000e+00 -2.00000e+00
862000 -1.00000e+00 -2.00000e+00
863000 -9.95000e-01 -1.98000e+00
864000 -1.00000e+00 -2.00000e+00
865000 -1.00000e+00 -2.00000e+00
866000 -1.00000e+00 -2.00000e+00
867000 -1.00000e+00 -2.00000e+00
868000 -9.95000e-01 -1.98000e+00
869000 -1.00000e+00 -2.00000e+00
870000 -1.00000e+00 -2.00000e+00
871000 -1.00000e+00 -2.00000e+00
872000 -1.00000e+00 -2.00000e+00
873000 -1.00000e+00 -2.00000e+00
874000 -1.00000e+00 -2.00000e+00
875000 -9.95000e-01 -1.98000e+00
876000 -9.95000e-01 -1.98000e+00
877000 -1.00000e+00 -2.00000e+00
878000 -1.00000e+00 -2.00000e+00
879000 -1.00000e+00 -2.00000e+00
880000 -1.00000e+00 -2.00000e+00
881000 -1.00000e+00 -2.00000e+00
882000 -1.00000e+00 -2.00000e+00
883000 -1.00000e+00 -2.00000e+00
884000 -1.00000e+00 -2.00000e+00
885000 -1.00000e+00 -2.00000e+00
886000 -1.00000e+00 -2.00000e+00
887000 -1.00000e+00 -2.00000e+00
888000 -1.00000e+00 -2.00000e+00
889000 -1.00000e+00 -2.00000e+00
890000 -9.95000e-01 -1.98000e+00
891000 -9.95000e-01 -1.98000e+00
892000 -1.00000e+00 -2.00000e+00
893000 -1.00000e+00 -2.00000e+00
894000 -1.00000e+00 -2.00000e+00
895000 -1.00000e+00 -2.00000e+00
896000 -1.00000e+00 -2.00000e+00
897000 -1.00000e+00 -2.00000e+00
898000 -1.00000e+00 -2.00000e+00
899000 -1.00000e+00 -2.00000e+00
900000 -9.90000e-01 -1.96000e+00
901000 -1.00000e+00 -2.00000e+00
902000 -1.00000e+00 -2.00000e+00
903000 -1.00000e+00 -2.00000e+00
904000 -1.00000e+00 -2.00000e+00
905000 -9.95000e-01 -1.98000e+00
906000 -1.00000e+00 -2.00000e+00
907000 -1.00000e+00 -2.00000e+00
908000 -1.00000e+00 -2.00000e+00
909000 -1.00000e+00 -2.00000e+00
910000 -1.00000e+00 -2.00000e+00
911000 -1.00000e+00 -2.00000e+00
912000 -1.00000e+00 -2.00000e+00
913000 -1.00000e+00 -2.00000e+00
914000 -1.00000e+00 -2.00000e+00
915000 -1.00000e+00 -2.00000e+00
916000 -9.90000e-01 -1.97000e+00
917000 -1.00000e+00 -2.00000e+00
918000 -1.00000e+00 -2.00000e+00
919000 -1.00000e+00 -2.00000e+00
920000 -1.00000e+00 -2.00000e+00
921000 -1.00000e+00 -2.00000e+00
922000 -9.95000e-01 -1.98000e+00
923000 -9.95000e-01 -1.98000e+00
924000 -1.00000e+00 -2.00000e+00
925000 -1.00000e+00 -2.00000e+00
926000 -1.00000e+00 -2.00000e+00
927000 -1.00000e+00 -2.00000e+00
928000 -1.00000e+00 -2.00000e+00
929000 -1.00000e+00 -2.00000e+00
930000 -1.00000e+00 -2.00000e+00
931000 -1.00000e+00 -2.00000e+00
932000 -1.00000e+00 -2.00000e+00
933000 -1.00000e+00 -2.00000e+00
934000 -1.00000e+00 -2.00000e+00
935000 -1.00000e+00 -2.00000e+00
936000 -1.00000e+00 -2.00000e+00
937000 -1.00000e+00 -2.00000e+00
938000 -1.00000e+00 -2.00000e+00
939000 -1.00000e+00 -2.00000e+00
940000 -1.00000e+00 -2.00000e+00
941000 -1.00000e+00 -2.00000e+00
942000 -1.00000e+00 -2.00000e+00
943000 -1.00000e+00 -2.00000e+00
944000 -1.00000e+00 -2.00000e+00
945000 -1.00000e+00 -2.00000e+00
946000 -1.00000e+00 -2.00000e+00
947000 -1.00000e+00 -2.00000e+00
948000 -1.00000e+00 -2.00000e+00
949000 -9.95000e-01 -1.98000e+00
950000 -1.00000e+00 -2.00000e+00
951000 -1.00000e+00 -2.00000e+00
952000 -1.00000e+00 -2.00000e+00
953000 -1.00000e+00 -2.00000e+00
954000 -1.00000e+00 -2.00000e+00
955000 -1.00000e+00 -2.00000e+00
956000 -1.00000e+00 -2.00000e+00
957000 -1.00000e+00 -2.00000e+00
958000 -1.00000e+00 -2.00000e+00
959000 -1.00000e+00 -2.00000e+00
960000 -1.00000e+00 -2.00000e+00
961000 -1.00000e+00 -2.00000e+00
962000 -1.00000e+00 -2.00000e+00
963000 -9.95000e-01 -1.98000e+00
964000 -1.00000e+00 -2.00000e+00
965000 -1.00000e+00 -2.00000e+00
966000 -1.00000e+00 -2.00000e+00
967000 -1.00000e+00 -2.00000e+00
968000 -1.00000e+00 -2.00000e+00
969000 -1.00000e+00 -2.00000e+00
970000 -1.00000e+00 -2.00000e+00
971000 -9.95000e-01 -1.98000e+00
972000 -9.95000e-01 -1.98000e+00
973000 -9.95000e-01 -1.98000e+00
974000 -1.00000e+00 -2.00000e+00
975000 -1.00000e+00 -2.00000e+00
976000 -1.00000e+00 -2.00000e+00
977000 -1.00000e+00 -2.00000e+00
978000 -1.00000e+00 -2.00000e+00
979000 -1.00000e+00 -2.00000e+00
980000 -1.00000e+00 -2.00000e+00
981000 -1.00000e+00 -2.00000e+00
982000 -1.00000e+00 -2.00000e+00
983000 -9.95000e-01 -1.98000e+00
984000 -9.90000e-01 -1.97000e+00
985000 -1.00000e+00 -2.00000e+00
986000 -1.00000e+00 -2.00000e+00
987000 -1.00000e+00 -2.00000e+00
988000 -1.00000e+00 -2.00000e+00
989000 -1.00000e+00 -2.00000e+00
990000 -1.00000e+00 -2.00000e+00
991000 -1.00000e+00 -2.00000e+00
992000 -1.00000e+00 -2.00000e+00
993000 -1.00000e+00 -2.00000e+00
994000 -9.95000e-01 -1.98000e+00
995000 -1.00000e+00 -2.00000e+00
996000 -1.00000e+00 -2.00000e+00
997000 -1.00000e+00 -2.00000e+00
998000 -1.00000e+00 -2.00000e+00
999000 -1.00000e+00 -2.00000e+00
# The average magnetization is -0.99827
# The average energy per spin is -1.99568
# Program ends.
