=========================================
SLURM_JOB_ID = 60283
SLURM_JOB_NODELIST = node20-78
SLURM_CPUS_ON_NODE = 4
SLURM_JOB_PARTITION = RT
SLURM_TASK_PID = 728089
==========================================
# command: ./a.out -T 2.2 -s 100 
# ISING simulation, NVT Metropolis Monte Carlo
# L = 20, T = 2.200, nCycles 1000000, fSamp 1000, Seed 100
0 -6.00000e-02 -5.40000e-01
1000 8.70000e-01 -1.61000e+00
2000 7.00000e-01 -1.39000e+00
3000 7.85000e-01 -1.43000e+00
4000 8.95000e-01 -1.69000e+00
5000 9.10000e-01 -1.70000e+00
6000 8.20000e-01 -1.59000e+00
7000 8.05000e-01 -1.43000e+00
8000 7.45000e-01 -1.43000e+00
9000 8.25000e-01 -1.54000e+00
10000 7.75000e-01 -1.36000e+00
11000 4.60000e-01 -1.19000e+00
12000 8.10000e-01 -1.65000e+00
13000 9.20000e-01 -1.79000e+00
14000 5.90000e-01 -1.48000e+00
15000 9.05000e-01 -1.69000e+00
16000 6.55000e-01 -1.62000e+00
17000 8.15000e-01 -1.49000e+00
18000 8.90000e-01 -1.70000e+00
19000 8.80000e-01 -1.63000e+00
20000 8.45000e-01 -1.53000e+00
21000 8.35000e-01 -1.51000e+00
22000 8.40000e-01 -1.58000e+00
23000 8.30000e-01 -1.61000e+00
24000 8.60000e-01 -1.60000e+00
25000 7.90000e-01 -1.50000e+00
26000 8.75000e-01 -1.66000e+00
27000 8.80000e-01 -1.61000e+00
28000 8.25000e-01 -1.54000e+00
29000 8.65000e-01 -1.64000e+00
30000 8.55000e-01 -1.72000e+00
31000 8.65000e-01 -1.61000e+00
32000 7.15000e-01 -1.35000e+00
33000 8.90000e-01 -1.61000e+00
34000 7.20000e-01 -1.52000e+00
35000 6.05000e-01 -1.43000e+00
36000 -7.30000e-01 -1.47000e+00
37000 -8.95000e-01 -1.70000e+00
38000 -7.80000e-01 -1.48000e+00
39000 -8.85000e-01 -1.64000e+00
40000 -8.55000e-01 -1.58000e+00
41000 -7.90000e-01 -1.51000e+00
42000 -8.70000e-01 -1.73000e+00
43000 -8.55000e-01 -1.62000e+00
44000 -4.45000e-01 -1.32000e+00
45000 7.50000e-01 -1.49000e+00
46000 7.10000e-01 -1.48000e+00
47000 9.35000e-01 -1.78000e+00
48000 -7.80000e-01 -1.43000e+00
49000 -8.60000e-01 -1.59000e+00
50000 -8.85000e-01 -1.67000e+00
51000 -6.45000e-01 -1.39000e+00
52000 -7.75000e-01 -1.40000e+00
53000 -6.55000e-01 -1.40000e+00
54000 -6.55000e-01 -1.40000e+00
55000 -7.25000e-01 -1.60000e+00
56000 7.25000e-01 -1.49000e+00
57000 -7.40000e-01 -1.42000e+00
58000 9.05000e-01 -1.75000e+00
59000 9.30000e-01 -1.77000e+00
60000 -8.40000e-01 -1.63000e+00
61000 -8.05000e-01 -1.53000e+00
62000 -8.50000e-01 -1.54000e+00
63000 -8.80000e-01 -1.61000e+00
64000 -8.05000e-01 -1.49000e+00
65000 -8.45000e-01 -1.66000e+00
66000 -8.45000e-01 -1.57000e+00
67000 -8.60000e-01 -1.61000e+00
68000 -6.90000e-01 -1.48000e+00
69000 -9.05000e-01 -1.69000e+00
70000 -8.50000e-01 -1.55000e+00
71000 -8.75000e-01 -1.62000e+00
72000 -9.40000e-01 -1.79000e+00
73000 -5.80000e-01 -1.21000e+00
74000 -7.05000e-01 -1.40000e+00
75000 -9.15000e-01 -1.76000e+00
76000 -6.60000e-01 -1.43000e+00
77000 -7.15000e-01 -1.34000e+00
78000 -8.95000e-01 -1.62000e+00
79000 -8.15000e-01 -1.52000e+00
80000 -8.60000e-01 -1.57000e+00
81000 8.55000e-01 -1.72000e+00
82000 8.95000e-01 -1.64000e+00
83000 -7.45000e-01 -1.48000e+00
84000 -8.15000e-01 -1.56000e+00
85000 -8.95000e-01 -1.65000e+00
86000 8.50000e-01 -1.60000e+00
87000 9.25000e-01 -1.73000e+00
88000 6.05000e-01 -1.40000e+00
89000 -8.10000e-01 -1.57000e+00
90000 -8.50000e-01 -1.64000e+00
91000 -8.40000e-01 -1.60000e+00
92000 -8.85000e-01 -1.74000e+00
93000 -9.15000e-01 -1.81000e+00
94000 -8.10000e-01 -1.55000e+00
95000 -9.25000e-01 -1.75000e+00
96000 -5.95000e-01 -1.37000e+00
97000 -8.90000e-01 -1.70000e+00
98000 -7.00000e-01 -1.43000e+00
99000 -5.95000e-01 -1.26000e+00
100000 -8.15000e-01 -1.56000e+00
101000 -8.70000e-01 -1.65000e+00
102000 -8.10000e-01 -1.52000e+00
103000 -8.40000e-01 -1.67000e+00
104000 -7.35000e-01 -1.44000e+00
105000 -7.80000e-01 -1.52000e+00
106000 -5.95000e-01 -1.23000e+00
107000 -7.30000e-01 -1.38000e+00
108000 -7.50000e-01 -1.38000e+00
109000 -8.90000e-01 -1.70000e+00
110000 -7.65000e-01 -1.40000e+00
111000 -6.40000e-01 -1.33000e+00
112000 8.75000e-01 -1.59000e+00
113000 8.40000e-01 -1.55000e+00
114000 -8.35000e-01 -1.51000e+00
115000 -7.35000e-01 -1.53000e+00
116000 -7.75000e-01 -1.44000e+00
117000 -8.75000e-01 -1.64000e+00
118000 -3.35000e-01 -1.27000e+00
119000 -7.50000e-01 -1.48000e+00
120000 -7.80000e-01 -1.54000e+00
121000 -9.20000e-01 -1.75000e+00
122000 -8.80000e-01 -1.61000e+00
123000 -8.95000e-01 -1.63000e+00
124000 -6.95000e-01 -1.45000e+00
125000 -9.05000e-01 -1.70000e+00
126000 -7.70000e-01 -1.65000e+00
127000 -7.90000e-01 -1.33000e+00
128000 -8.80000e-01 -1.63000e+00
129000 -9.00000e-01 -1.68000e+00
130000 -9.20000e-01 -1.81000e+00
131000 -7.80000e-01 -1.44000e+00
132000 -8.40000e-01 -1.60000e+00
133000 -9.10000e-01 -1.69000e+00
134000 -8.30000e-01 -1.55000e+00
135000 -7.90000e-01 -1.56000e+00
136000 -8.15000e-01 -1.51000e+00
137000 -8.10000e-01 -1.48000e+00
138000 -8.75000e-01 -1.69000e+00
139000 -6.75000e-01 -1.47000e+00
140000 -8.65000e-01 -1.55000e+00
141000 -8.50000e-01 -1.56000e+00
142000 -5.90000e-01 -1.39000e+00
143000 -8.50000e-01 -1.58000e+00
144000 -8.65000e-01 -1.57000e+00
145000 7.70000e-01 -1.45000e+00
146000 6.90000e-01 -1.44000e+00
147000 6.95000e-01 -1.44000e+00
148000 7.05000e-01 -1.45000e+00
149000 7.40000e-01 -1.52000e+00
150000 8.50000e-01 -1.56000e+00
151000 8.40000e-01 -1.67000e+00
152000 7.60000e-01 -1.53000e+00
153000 8.45000e-01 -1.60000e+00
154000 8.40000e-01 -1.55000e+00
155000 6.65000e-01 -1.33000e+00
156000 9.30000e-01 -1.78000e+00
157000 8.65000e-01 -1.66000e+00
158000 8.25000e-01 -1.66000e+00
159000 6.85000e-01 -1.33000e+00
160000 5.50000e-01 -1.47000e+00
161000 9.15000e-01 -1.72000e+00
162000 8.55000e-01 -1.53000e+00
163000 8.25000e-01 -1.60000e+00
164000 8.65000e-01 -1.64000e+00
165000 7.30000e-01 -1.47000e+00
166000 8.40000e-01 -1.53000e+00
167000 7.95000e-01 -1.51000e+00
168000 9.35000e-01 -1.77000e+00
169000 9.40000e-01 -1.79000e+00
170000 7.95000e-01 -1.52000e+00
171000 4.10000e-01 -1.13000e+00
172000 8.70000e-01 -1.60000e+00
173000 9.00000e-01 -1.70000e+00
174000 8.40000e-01 -1.55000e+00
175000 7.55000e-01 -1.51000e+00
176000 7.75000e-01 -1.43000e+00
177000 6.15000e-01 -1.47000e+00
178000 9.30000e-01 -1.77000e+00
179000 7.00000e-01 -1.33000e+00
180000 8.90000e-01 -1.68000e+00
181000 7.80000e-01 -1.47000e+00
182000 8.60000e-01 -1.59000e+00
183000 4.60000e-01 -1.32000e+00
184000 9.25000e-01 -1.78000e+00
185000 7.10000e-01 -1.48000e+00
186000 8.75000e-01 -1.64000e+00
187000 5.15000e-01 -1.32000e+00
188000 9.05000e-01 -1.67000e+00
189000 7.30000e-01 -1.44000e+00
190000 -8.15000e-01 -1.54000e+00
191000 -7.45000e-01 -1.39000e+00
192000 1.35000e-01 -1.32000e+00
193000 8.05000e-01 -1.55000e+00
194000 8.80000e-01 -1.63000e+00
195000 8.30000e-01 -1.60000e+00
196000 8.80000e-01 -1.64000e+00
197000 8.35000e-01 -1.51000e+00
198000 6.90000e-01 -1.54000e+00
199000 8.20000e-01 -1.44000e+00
200000 8.35000e-01 -1.50000e+00
201000 8.65000e-01 -1.60000e+00
202000 7.55000e-01 -1.57000e+00
203000 7.80000e-01 -1.42000e+00
204000 5.95000e-01 -1.30000e+00
205000 9.40000e-01 -1.81000e+00
206000 8.30000e-01 -1.55000e+00
207000 8.15000e-01 -1.53000e+00
208000 7.50000e-01 -1.41000e+00
209000 7.15000e-01 -1.42000e+00
210000 8.65000e-01 -1.67000e+00
211000 8.20000e-01 -1.61000e+00
212000 8.85000e-01 -1.62000e+00
213000 8.80000e-01 -1.69000e+00
214000 7.30000e-01 -1.33000e+00
215000 9.05000e-01 -1.72000e+00
216000 8.85000e-01 -1.66000e+00
217000 5.55000e-01 -1.27000e+00
218000 6.25000e-01 -1.36000e+00
219000 7.55000e-01 -1.46000e+00
220000 9.20000e-01 -1.71000e+00
221000 8.35000e-01 -1.59000e+00
222000 7.55000e-01 -1.39000e+00
223000 3.00000e-01 -1.17000e+00
224000 -9.25000e-01 -1.73000e+00
225000 7.85000e-01 -1.52000e+00
226000 5.25000e-01 -1.34000e+00
227000 8.00000e-01 -1.50000e+00
228000 8.95000e-01 -1.71000e+00
229000 7.60000e-01 -1.50000e+00
230000 8.65000e-01 -1.59000e+00
231000 8.70000e-01 -1.64000e+00
232000 8.50000e-01 -1.52000e+00
233000 5.30000e-01 -1.23000e+00
234000 8.35000e-01 -1.50000e+00
235000 8.95000e-01 -1.71000e+00
236000 8.70000e-01 -1.56000e+00
237000 9.40000e-01 -1.79000e+00
238000 8.20000e-01 -1.54000e+00
239000 9.10000e-01 -1.76000e+00
240000 8.05000e-01 -1.53000e+00
241000 7.05000e-01 -1.43000e+00
242000 8.85000e-01 -1.67000e+00
243000 8.35000e-01 -1.55000e+00
244000 8.15000e-01 -1.44000e+00
245000 8.85000e-01 -1.67000e+00
246000 8.45000e-01 -1.62000e+00
247000 9.05000e-01 -1.71000e+00
248000 8.60000e-01 -1.63000e+00
249000 8.15000e-01 -1.48000e+00
250000 4.35000e-01 -1.50000e+00
251000 8.00000e-01 -1.49000e+00
252000 7.20000e-01 -1.51000e+00
253000 -7.65000e-01 -1.51000e+00
254000 -8.65000e-01 -1.62000e+00
255000 -3.90000e-01 -1.37000e+00
256000 -8.20000e-01 -1.60000e+00
257000 -9.30000e-01 -1.78000e+00
258000 -7.95000e-01 -1.52000e+00
259000 -8.55000e-01 -1.55000e+00
260000 -7.45000e-01 -1.52000e+00
261000 -8.85000e-01 -1.65000e+00
262000 -8.50000e-01 -1.59000e+00
263000 -8.45000e-01 -1.53000e+00
264000 -5.20000e-01 -1.32000e+00
265000 -7.20000e-01 -1.52000e+00
266000 -7.00000e-01 -1.40000e+00
267000 -7.90000e-01 -1.50000e+00
268000 -6.55000e-01 -1.57000e+00
269000 -8.50000e-01 -1.60000e+00
270000 -8.25000e-01 -1.52000e+00
271000 -7.85000e-01 -1.63000e+00
272000 -8.55000e-01 -1.59000e+00
273000 -8.75000e-01 -1.65000e+00
274000 -8.45000e-01 -1.57000e+00
275000 -7.60000e-01 -1.53000e+00
276000 -7.60000e-01 -1.54000e+00
277000 -9.30000e-01 -1.77000e+00
278000 -2.90000e-01 -1.14000e+00
279000 -7.80000e-01 -1.62000e+00
280000 -6.35000e-01 -1.42000e+00
281000 -5.15000e-01 -1.20000e+00
282000 -8.35000e-01 -1.58000e+00
283000 -7.75000e-01 -1.50000e+00
284000 7.35000e-01 -1.52000e+00
285000 9.20000e-01 -1.74000e+00
286000 6.60000e-01 -1.44000e+00
287000 7.05000e-01 -1.47000e+00
288000 -6.75000e-01 -1.40000e+00
289000 -8.20000e-01 -1.51000e+00
290000 9.15000e-01 -1.68000e+00
291000 8.35000e-01 -1.58000e+00
292000 7.90000e-01 -1.50000e+00
293000 6.85000e-01 -1.36000e+00
294000 8.65000e-01 -1.65000e+00
295000 8.30000e-01 -1.56000e+00
296000 4.10000e-01 -1.27000e+00
297000 8.40000e-01 -1.61000e+00
298000 6.70000e-01 -1.43000e+00
299000 8.15000e-01 -1.57000e+00
300000 8.60000e-01 -1.57000e+00
301000 8.55000e-01 -1.61000e+00
302000 6.95000e-01 -1.43000e+00
303000 6.05000e-01 -1.36000e+00
304000 6.50000e-01 -1.45000e+00
305000 7.45000e-01 -1.60000e+00
306000 8.40000e-01 -1.58000e+00
307000 6.75000e-01 -1.32000e+00
308000 7.95000e-01 -1.47000e+00
309000 6.55000e-01 -1.44000e+00
310000 -4.00000e-01 -1.38000e+00
311000 -7.80000e-01 -1.46000e+00
312000 -8.30000e-01 -1.67000e+00
313000 -8.75000e-01 -1.68000e+00
314000 -9.20000e-01 -1.77000e+00
315000 -8.75000e-01 -1.58000e+00
316000 -6.95000e-01 -1.34000e+00
317000 -9.00000e-01 -1.69000e+00
318000 -7.70000e-01 -1.51000e+00
319000 -8.70000e-01 -1.56000e+00
320000 -7.20000e-01 -1.41000e+00
321000 -7.55000e-01 -1.47000e+00
322000 -6.70000e-01 -1.44000e+00
323000 -9.15000e-01 -1.70000e+00
324000 -4.65000e-01 -1.47000e+00
325000 -9.45000e-01 -1.78000e+00
326000 -8.20000e-01 -1.49000e+00
327000 -9.00000e-01 -1.67000e+00
328000 -5.95000e-01 -1.40000e+00
329000 -8.85000e-01 -1.60000e+00
330000 -8.00000e-01 -1.49000e+00
331000 -8.85000e-01 -1.63000e+00
332000 -6.40000e-01 -1.44000e+00
333000 -7.95000e-01 -1.60000e+00
334000 -9.05000e-01 -1.70000e+00
335000 -9.35000e-01 -1.78000e+00
336000 -8.70000e-01 -1.67000e+00
337000 -8.35000e-01 -1.64000e+00
338000 -7.85000e-01 -1.49000e+00
339000 -8.30000e-01 -1.50000e+00
340000 -8.70000e-01 -1.65000e+00
341000 -8.75000e-01 -1.59000e+00
342000 -7.85000e-01 -1.63000e+00
343000 -7.25000e-01 -1.55000e+00
344000 -5.00000e-01 -1.25000e+00
345000 3.65000e-01 -1.25000e+00
346000 7.50000e-01 -1.51000e+00
347000 8.70000e-01 -1.64000e+00
348000 9.25000e-01 -1.75000e+00
349000 7.20000e-01 -1.47000e+00
350000 7.15000e-01 -1.39000e+00
351000 8.55000e-01 -1.57000e+00
352000 6.90000e-01 -1.44000e+00
353000 8.50000e-01 -1.63000e+00
354000 9.30000e-01 -1.78000e+00
355000 2.10000e-01 -1.28000e+00
356000 8.85000e-01 -1.68000e+00
357000 5.55000e-01 -1.35000e+00
358000 9.45000e-01 -1.80000e+00
359000 8.65000e-01 -1.59000e+00
360000 8.35000e-01 -1.66000e+00
361000 9.45000e-01 -1.80000e+00
362000 8.85000e-01 -1.65000e+00
363000 8.75000e-01 -1.67000e+00
364000 9.40000e-01 -1.83000e+00
365000 8.85000e-01 -1.61000e+00
366000 9.10000e-01 -1.70000e+00
367000 9.70000e-01 -1.88000e+00
368000 6.40000e-01 -1.46000e+00
369000 8.90000e-01 -1.64000e+00
370000 7.80000e-01 -1.41000e+00
371000 8.15000e-01 -1.53000e+00
372000 8.55000e-01 -1.55000e+00
373000 9.00000e-01 -1.69000e+00
374000 -7.40000e-01 -1.45000e+00
375000 -8.60000e-01 -1.58000e+00
376000 -7.90000e-01 -1.62000e+00
377000 -9.20000e-01 -1.73000e+00
378000 -8.95000e-01 -1.68000e+00
379000 -3.55000e-01 -1.21000e+00
380000 -7.90000e-01 -1.48000e+00
381000 -5.90000e-01 -1.26000e+00
382000 -7.90000e-01 -1.46000e+00
383000 7.40000e-01 -1.43000e+00
384000 8.10000e-01 -1.45000e+00
385000 7.55000e-01 -1.49000e+00
386000 9.20000e-01 -1.74000e+00
387000 8.10000e-01 -1.56000e+00
388000 8.05000e-01 -1.56000e+00
389000 7.80000e-01 -1.52000e+00
390000 8.05000e-01 -1.54000e+00
391000 8.75000e-01 -1.62000e+00
392000 -8.80000e-01 -1.65000e+00
393000 -8.90000e-01 -1.65000e+00
394000 -8.25000e-01 -1.49000e+00
395000 -7.85000e-01 -1.47000e+00
396000 -8.05000e-01 -1.53000e+00
397000 -8.65000e-01 -1.65000e+00
398000 -8.50000e-01 -1.59000e+00
399000 -6.30000e-01 -1.48000e+00
400000 -8.55000e-01 -1.53000e+00
401000 -6.95000e-01 -1.39000e+00
402000 -7.75000e-01 -1.47000e+00
403000 -7.05000e-01 -1.49000e+00
404000 -7.45000e-01 -1.49000e+00
405000 -8.25000e-01 -1.64000e+00
406000 -7.00000e-01 -1.44000e+00
407000 -9.00000e-01 -1.66000e+00
408000 -8.30000e-01 -1.54000e+00
409000 -9.00000e-01 -1.69000e+00
410000 -6.00000e-01 -1.29000e+00
411000 -7.20000e-01 -1.48000e+00
412000 -7.65000e-01 -1.49000e+00
413000 -8.90000e-01 -1.62000e+00
414000 -5.85000e-01 -1.31000e+00
415000 -3.35000e-01 -1.30000e+00
416000 8.70000e-01 -1.65000e+00
417000 8.35000e-01 -1.57000e+00
418000 8.40000e-01 -1.67000e+00
419000 8.35000e-01 -1.48000e+00
420000 8.35000e-01 -1.67000e+00
421000 9.40000e-01 -1.80000e+00
422000 8.75000e-01 -1.62000e+00
423000 6.95000e-01 -1.32000e+00
424000 8.60000e-01 -1.56000e+00
425000 7.80000e-01 -1.48000e+00
426000 8.70000e-01 -1.63000e+00
427000 7.50000e-01 -1.42000e+00
428000 8.90000e-01 -1.70000e+00
429000 8.40000e-01 -1.60000e+00
430000 8.10000e-01 -1.52000e+00
431000 6.45000e-01 -1.41000e+00
432000 7.50000e-01 -1.42000e+00
433000 8.70000e-01 -1.67000e+00
434000 8.70000e-01 -1.66000e+00
435000 7.75000e-01 -1.61000e+00
436000 9.00000e-01 -1.65000e+00
437000 7.65000e-01 -1.40000e+00
438000 8.75000e-01 -1.59000e+00
439000 7.65000e-01 -1.49000e+00
440000 8.70000e-01 -1.61000e+00
441000 9.65000e-01 -1.88000e+00
442000 6.20000e-01 -1.35000e+00
443000 6.90000e-01 -1.49000e+00
444000 8.40000e-01 -1.57000e+00
445000 8.40000e-01 -1.58000e+00
446000 8.50000e-01 -1.70000e+00
447000 8.35000e-01 -1.53000e+00
448000 8.50000e-01 -1.60000e+00
449000 8.85000e-01 -1.66000e+00
450000 8.40000e-01 -1.58000e+00
451000 8.45000e-01 -1.57000e+00
452000 4.40000e-01 -1.47000e+00
453000 8.70000e-01 -1.66000e+00
454000 8.65000e-01 -1.60000e+00
455000 3.50000e-01 -1.31000e+00
456000 8.35000e-01 -1.59000e+00
457000 8.10000e-01 -1.56000e+00
458000 8.70000e-01 -1.62000e+00
459000 8.60000e-01 -1.58000e+00
460000 9.10000e-01 -1.72000e+00
461000 7.95000e-01 -1.53000e+00
462000 8.75000e-01 -1.62000e+00
463000 8.90000e-01 -1.71000e+00
464000 8.80000e-01 -1.62000e+00
465000 8.50000e-01 -1.61000e+00
466000 5.80000e-01 -1.48000e+00
467000 8.00000e-01 -1.65000e+00
468000 8.55000e-01 -1.58000e+00
469000 5.90000e-01 -1.31000e+00
470000 -8.00000e-01 -1.43000e+00
471000 -8.55000e-01 -1.67000e+00
472000 -9.05000e-01 -1.70000e+00
473000 -7.90000e-01 -1.68000e+00
474000 -6.35000e-01 -1.43000e+00
475000 -7.20000e-01 -1.51000e+00
476000 -8.50000e-01 -1.59000e+00
477000 -8.35000e-01 -1.55000e+00
478000 8.15000e-01 -1.59000e+00
479000 9.35000e-01 -1.78000e+00
480000 -8.80000e-01 -1.59000e+00
481000 -8.05000e-01 -1.47000e+00
482000 -8.20000e-01 -1.57000e+00
483000 -8.45000e-01 -1.60000e+00
484000 -9.15000e-01 -1.73000e+00
485000 -8.85000e-01 -1.67000e+00
486000 -8.10000e-01 -1.61000e+00
487000 -7.95000e-01 -1.49000e+00
488000 -7.85000e-01 -1.47000e+00
489000 -8.45000e-01 -1.66000e+00
490000 -8.70000e-01 -1.63000e+00
491000 -8.20000e-01 -1.66000e+00
492000 -7.25000e-01 -1.43000e+00
493000 -9.00000e-01 -1.68000e+00
494000 -7.75000e-01 -1.44000e+00
495000 -8.70000e-01 -1.65000e+00
496000 -8.40000e-01 -1.58000e+00
497000 -7.70000e-01 -1.51000e+00
498000 -7.50000e-01 -1.43000e+00
499000 -8.50000e-01 -1.57000e+00
500000 -8.25000e-01 -1.66000e+00
501000 -8.45000e-01 -1.66000e+00
502000 -7.95000e-01 -1.44000e+00
503000 -7.85000e-01 -1.51000e+00
504000 -8.65000e-01 -1.64000e+00
505000 -6.95000e-01 -1.32000e+00
506000 -8.10000e-01 -1.51000e+00
507000 -7.50000e-01 -1.44000e+00
508000 -6.80000e-01 -1.25000e+00
509000 -7.50000e-01 -1.47000e+00
510000 -8.85000e-01 -1.68000e+00
511000 -8.85000e-01 -1.69000e+00
512000 -8.50000e-01 -1.60000e+00
513000 -8.05000e-01 -1.51000e+00
514000 -7.70000e-01 -1.51000e+00
515000 -5.65000e-01 -1.48000e+00
516000 -8.05000e-01 -1.43000e+00
517000 -8.50000e-01 -1.62000e+00
518000 -8.65000e-01 -1.63000e+00
519000 -4.25000e-01 -1.30000e+00
520000 -7.90000e-01 -1.61000e+00
521000 -8.05000e-01 -1.58000e+00
522000 -7.95000e-01 -1.50000e+00
523000 -8.55000e-01 -1.57000e+00
524000 -9.30000e-01 -1.76000e+00
525000 -8.05000e-01 -1.50000e+00
526000 7.05000e-01 -1.50000e+00
527000 7.50000e-01 -1.46000e+00
528000 6.80000e-01 -1.37000e+00
529000 7.25000e-01 -1.38000e+00
530000 7.60000e-01 -1.60000e+00
531000 8.05000e-01 -1.54000e+00
532000 8.40000e-01 -1.57000e+00
533000 8.70000e-01 -1.64000e+00
534000 8.50000e-01 -1.61000e+00
535000 8.55000e-01 -1.59000e+00
536000 7.80000e-01 -1.44000e+00
537000 7.00000e-01 -1.42000e+00
538000 8.90000e-01 -1.64000e+00
539000 6.85000e-01 -1.34000e+00
540000 8.85000e-01 -1.68000e+00
541000 8.05000e-01 -1.52000e+00
542000 8.40000e-01 -1.56000e+00
543000 7.70000e-01 -1.47000e+00
544000 7.35000e-01 -1.45000e+00
545000 7.55000e-01 -1.43000e+00
546000 8.75000e-01 -1.63000e+00
547000 4.75000e-01 -1.32000e+00
548000 4.35000e-01 -1.28000e+00
549000 7.60000e-01 -1.51000e+00
550000 8.10000e-01 -1.49000e+00
551000 7.25000e-01 -1.47000e+00
552000 7.40000e-01 -1.53000e+00
553000 8.80000e-01 -1.62000e+00
554000 8.65000e-01 -1.63000e+00
555000 9.15000e-01 -1.69000e+00
556000 6.65000e-01 -1.42000e+00
557000 8.50000e-01 -1.56000e+00
558000 8.10000e-01 -1.48000e+00
559000 -6.75000e-01 -1.43000e+00
560000 -9.15000e-01 -1.75000e+00
561000 -7.50000e-01 -1.47000e+00
562000 -6.30000e-01 -1.30000e+00
563000 8.90000e-01 -1.69000e+00
564000 9.10000e-01 -1.76000e+00
565000 5.80000e-01 -1.30000e+00
566000 8.15000e-01 -1.53000e+00
567000 6.70000e-01 -1.42000e+00
568000 -7.95000e-01 -1.54000e+00
569000 -8.20000e-01 -1.53000e+00
570000 -8.35000e-01 -1.50000e+00
571000 -9.10000e-01 -1.68000e+00
572000 -7.50000e-01 -1.49000e+00
573000 -8.05000e-01 -1.47000e+00
574000 -8.90000e-01 -1.67000e+00
575000 -7.20000e-01 -1.41000e+00
576000 -8.70000e-01 -1.59000e+00
577000 -8.50000e-01 -1.60000e+00
578000 -7.65000e-01 -1.47000e+00
579000 -8.25000e-01 -1.53000e+00
580000 -6.75000e-01 -1.36000e+00
581000 -6.00000e-01 -1.33000e+00
582000 -9.00000e-01 -1.72000e+00
583000 -8.15000e-01 -1.55000e+00
584000 -8.90000e-01 -1.65000e+00
585000 -7.15000e-01 -1.46000e+00
586000 -7.75000e-01 -1.40000e+00
587000 -7.45000e-01 -1.63000e+00
588000 -8.20000e-01 -1.53000e+00
589000 -9.55000e-01 -1.83000e+00
590000 -8.15000e-01 -1.49000e+00
591000 -9.20000e-01 -1.75000e+00
592000 -8.55000e-01 -1.50000e+00
593000 -8.85000e-01 -1.60000e+00
594000 -6.35000e-01 -1.31000e+00
595000 -8.25000e-01 -1.55000e+00
596000 -8.85000e-01 -1.70000e+00
597000 -8.45000e-01 -1.54000e+00
598000 -6.15000e-01 -1.23000e+00
599000 -8.70000e-01 -1.57000e+00
600000 -7.00000e-01 -1.36000e+00
601000 -8.10000e-01 -1.52000e+00
602000 -8.50000e-01 -1.62000e+00
603000 -8.50000e-01 -1.68000e+00
604000 -7.70000e-01 -1.58000e+00
605000 8.05000e-01 -1.60000e+00
606000 8.70000e-01 -1.63000e+00
607000 8.20000e-01 -1.58000e+00
608000 8.80000e-01 -1.63000e+00
609000 7.80000e-01 -1.42000e+00
610000 8.70000e-01 -1.60000e+00
611000 9.30000e-01 -1.78000e+00
612000 7.85000e-01 -1.55000e+00
613000 8.70000e-01 -1.68000e+00
614000 8.95000e-01 -1.66000e+00
615000 9.15000e-01 -1.72000e+00
616000 7.50000e-01 -1.41000e+00
617000 7.75000e-01 -1.47000e+00
618000 -7.05000e-01 -1.40000e+00
619000 8.80000e-01 -1.68000e+00
620000 6.40000e-01 -1.47000e+00
621000 8.85000e-01 -1.66000e+00
622000 7.10000e-01 -1.51000e+00
623000 8.65000e-01 -1.63000e+00
624000 7.35000e-01 -1.34000e+00
625000 8.20000e-01 -1.64000e+00
626000 9.15000e-01 -1.71000e+00
627000 8.75000e-01 -1.59000e+00
628000 8.50000e-01 -1.57000e+00
629000 8.75000e-01 -1.65000e+00
630000 9.00000e-01 -1.72000e+00
631000 8.85000e-01 -1.65000e+00
632000 8.65000e-01 -1.62000e+00
633000 9.15000e-01 -1.75000e+00
634000 5.40000e-01 -1.21000e+00
635000 8.40000e-01 -1.59000e+00
636000 7.20000e-01 -1.49000e+00
637000 8.65000e-01 -1.66000e+00
638000 6.90000e-01 -1.39000e+00
639000 7.35000e-01 -1.56000e+00
640000 7.40000e-01 -1.47000e+00
641000 7.70000e-01 -1.52000e+00
642000 9.15000e-01 -1.74000e+00
643000 7.20000e-01 -1.40000e+00
644000 9.20000e-01 -1.74000e+00
645000 9.05000e-01 -1.70000e+00
646000 8.25000e-01 -1.52000e+00
647000 8.05000e-01 -1.47000e+00
648000 8.45000e-01 -1.61000e+00
649000 8.05000e-01 -1.59000e+00
650000 6.70000e-01 -1.39000e+00
651000 7.70000e-01 -1.39000e+00
652000 8.60000e-01 -1.56000e+00
653000 8.50000e-01 -1.58000e+00
654000 4.75000e-01 -1.18000e+00
655000 6.85000e-01 -1.39000e+00
656000 7.95000e-01 -1.58000e+00
657000 8.20000e-01 -1.55000e+00
658000 8.70000e-01 -1.64000e+00
659000 8.50000e-01 -1.64000e+00
660000 8.10000e-01 -1.59000e+00
661000 8.25000e-01 -1.58000e+00
662000 9.00000e-01 -1.68000e+00
663000 5.90000e-01 -1.46000e+00
664000 8.80000e-01 -1.60000e+00
665000 7.60000e-01 -1.54000e+00
666000 7.60000e-01 -1.51000e+00
667000 7.90000e-01 -1.49000e+00
668000 8.05000e-01 -1.43000e+00
669000 -9.05000e-01 -1.72000e+00
670000 -8.50000e-01 -1.60000e+00
671000 -9.15000e-01 -1.74000e+00
672000 -7.50000e-01 -1.50000e+00
673000 -8.90000e-01 -1.70000e+00
674000 -9.00000e-01 -1.67000e+00
675000 -8.55000e-01 -1.57000e+00
676000 -9.20000e-01 -1.72000e+00
677000 -8.85000e-01 -1.66000e+00
678000 -6.50000e-01 -1.41000e+00
679000 -8.80000e-01 -1.66000e+00
680000 -7.70000e-01 -1.56000e+00
681000 -6.55000e-01 -1.48000e+00
682000 -8.70000e-01 -1.59000e+00
683000 -8.35000e-01 -1.70000e+00
684000 -6.95000e-01 -1.34000e+00
685000 -9.15000e-01 -1.72000e+00
686000 -8.95000e-01 -1.68000e+00
687000 -7.95000e-01 -1.47000e+00
688000 -7.60000e-01 -1.49000e+00
689000 -8.35000e-01 -1.57000e+00
690000 -7.15000e-01 -1.51000e+00
691000 -6.55000e-01 -1.45000e+00
692000 -8.25000e-01 -1.52000e+00
693000 9.05000e-01 -1.69000e+00
694000 6.60000e-01 -1.30000e+00
695000 8.65000e-01 -1.55000e+00
696000 6.50000e-01 -1.36000e+00
697000 9.00000e-01 -1.71000e+00
698000 8.90000e-01 -1.64000e+00
699000 9.15000e-01 -1.74000e+00
700000 9.00000e-01 -1.67000e+00
701000 9.05000e-01 -1.68000e+00
702000 7.40000e-01 -1.51000e+00
703000 9.10000e-01 -1.72000e+00
704000 8.00000e-01 -1.54000e+00
705000 8.85000e-01 -1.63000e+00
706000 6.50000e-01 -1.40000e+00
707000 -8.50000e-02 -1.38000e+00
708000 -8.35000e-01 -1.50000e+00
709000 -8.95000e-01 -1.68000e+00
710000 -7.10000e-01 -1.47000e+00
711000 -8.20000e-01 -1.44000e+00
712000 -8.00000e-01 -1.52000e+00
713000 -9.00000e-01 -1.69000e+00
714000 -7.80000e-01 -1.53000e+00
715000 -8.50000e-01 -1.59000e+00
716000 -8.70000e-01 -1.65000e+00
717000 -8.75000e-01 -1.62000e+00
718000 -8.30000e-01 -1.57000e+00
719000 -8.45000e-01 -1.63000e+00
720000 -8.90000e-01 -1.68000e+00
721000 -7.90000e-01 -1.61000e+00
722000 -8.10000e-01 -1.54000e+00
723000 -7.20000e-01 -1.52000e+00
724000 9.20000e-01 -1.75000e+00
725000 8.95000e-01 -1.70000e+00
726000 9.20000e-01 -1.73000e+00
727000 8.60000e-01 -1.55000e+00
728000 8.40000e-01 -1.60000e+00
729000 8.30000e-01 -1.57000e+00
730000 7.80000e-01 -1.43000e+00
731000 7.70000e-01 -1.44000e+00
732000 7.75000e-01 -1.52000e+00
733000 8.75000e-01 -1.72000e+00
734000 8.10000e-01 -1.46000e+00
735000 9.15000e-01 -1.76000e+00
736000 8.35000e-01 -1.61000e+00
737000 9.25000e-01 -1.72000e+00
738000 7.95000e-01 -1.52000e+00
739000 8.50000e-01 -1.57000e+00
740000 7.50000e-01 -1.43000e+00
741000 8.05000e-01 -1.50000e+00
742000 6.95000e-01 -1.36000e+00
743000 -1.10000e-01 -1.36000e+00
744000 -8.55000e-01 -1.61000e+00
745000 -5.90000e-01 -1.37000e+00
746000 -7.90000e-01 -1.49000e+00
747000 -9.05000e-01 -1.71000e+00
748000 -8.15000e-01 -1.51000e+00
749000 -7.95000e-01 -1.55000e+00
750000 -7.85000e-01 -1.54000e+00
751000 -8.85000e-01 -1.68000e+00
752000 7.70000e-01 -1.47000e+00
753000 5.85000e-01 -1.28000e+00
754000 8.75000e-01 -1.67000e+00
755000 4.10000e-01 -1.28000e+00
756000 8.00000e-01 -1.52000e+00
757000 8.00000e-01 -1.48000e+00
758000 -6.80000e-01 -1.43000e+00
759000 -9.30000e-01 -1.74000e+00
760000 -9.15000e-01 -1.79000e+00
761000 -6.65000e-01 -1.39000e+00
762000 -7.65000e-01 -1.56000e+00
763000 -8.85000e-01 -1.69000e+00
764000 -8.40000e-01 -1.51000e+00
765000 -7.00000e-01 -1.35000e+00
766000 -5.45000e-01 -1.49000e+00
767000 -8.50000e-01 -1.55000e+00
768000 -7.05000e-01 -1.48000e+00
769000 3.95000e-01 -1.35000e+00
770000 -5.15000e-01 -1.40000e+00
771000 3.90000e-01 -1.30000e+00
772000 8.25000e-01 -1.61000e+00
773000 7.95000e-01 -1.54000e+00
774000 7.15000e-01 -1.49000e+00
775000 7.65000e-01 -1.44000e+00
776000 8.30000e-01 -1.55000e+00
777000 8.85000e-01 -1.62000e+00
778000 8.30000e-01 -1.53000e+00
779000 8.10000e-01 -1.64000e+00
780000 -8.10000e-01 -1.53000e+00
781000 -8.85000e-01 -1.65000e+00
782000 -8.75000e-01 -1.68000e+00
783000 -8.40000e-01 -1.56000e+00
784000 -9.00000e-01 -1.70000e+00
785000 9.50000e-01 -1.81000e+00
786000 8.45000e-01 -1.57000e+00
787000 5.40000e-01 -1.36000e+00
788000 5.20000e-01 -1.38000e+00
789000 -8.65000e-01 -1.62000e+00
790000 -8.90000e-01 -1.67000e+00
791000 1.85000e-01 -1.16000e+00
792000 1.20000e-01 -1.31000e+00
793000 9.00000e-01 -1.67000e+00
794000 6.60000e-01 -1.31000e+00
795000 8.25000e-01 -1.60000e+00
796000 5.65000e-01 -1.16000e+00
797000 6.65000e-01 -1.62000e+00
798000 8.55000e-01 -1.64000e+00
799000 9.30000e-01 -1.79000e+00
800000 7.35000e-01 -1.51000e+00
801000 7.15000e-01 -1.47000e+00
802000 7.65000e-01 -1.48000e+00
803000 8.95000e-01 -1.76000e+00
804000 8.25000e-01 -1.53000e+00
805000 5.65000e-01 -1.38000e+00
806000 -8.10000e-01 -1.53000e+00
807000 -9.35000e-01 -1.76000e+00
808000 -7.55000e-01 -1.43000e+00
809000 -8.35000e-01 -1.56000e+00
810000 -9.05000e-01 -1.70000e+00
811000 -7.15000e-01 -1.47000e+00
812000 -7.70000e-01 -1.47000e+00
813000 -8.70000e-01 -1.59000e+00
814000 -7.85000e-01 -1.52000e+00
815000 -7.65000e-01 -1.50000e+00
816000 -8.40000e-01 -1.54000e+00
817000 -7.65000e-01 -1.60000e+00
818000 -9.35000e-01 -1.78000e+00
819000 -9.05000e-01 -1.65000e+00
820000 -7.05000e-01 -1.40000e+00
821000 8.55000e-01 -1.63000e+00
822000 6.10000e-01 -1.37000e+00
823000 8.85000e-01 -1.68000e+00
824000 4.35000e-01 -1.28000e+00
825000 -8.00000e-01 -1.51000e+00
826000 -9.05000e-01 -1.69000e+00
827000 -7.75000e-01 -1.57000e+00
828000 8.15000e-01 -1.60000e+00
829000 7.70000e-01 -1.47000e+00
830000 8.50000e-01 -1.61000e+00
831000 8.65000e-01 -1.59000e+00
832000 -1.00000e-02 -1.13000e+00
833000 7.30000e-01 -1.47000e+00
834000 8.35000e-01 -1.55000e+00
835000 9.45000e-01 -1.82000e+00
836000 6.70000e-01 -1.41000e+00
837000 9.10000e-01 -1.75000e+00
838000 7.85000e-01 -1.51000e+00
839000 6.50000e-01 -1.41000e+00
840000 9.30000e-01 -1.76000e+00
841000 8.10000e-01 -1.55000e+00
842000 7.60000e-01 -1.52000e+00
843000 8.80000e-01 -1.62000e+00
844000 7.80000e-01 -1.57000e+00
845000 7.50000e-01 -1.44000e+00
846000 8.60000e-01 -1.65000e+00
847000 4.45000e-01 -1.52000e+00
848000 8.85000e-01 -1.63000e+00
849000 8.65000e-01 -1.64000e+00
850000 8.35000e-01 -1.59000e+00
851000 6.55000e-01 -1.46000e+00
852000 5.15000e-01 -1.39000e+00
853000 6.10000e-01 -1.32000e+00
854000 7.35000e-01 -1.41000e+00
855000 8.50000e-01 -1.61000e+00
856000 3.80000e-01 -1.33000e+00
857000 8.40000e-01 -1.57000e+00
858000 8.45000e-01 -1.56000e+00
859000 8.40000e-01 -1.59000e+00
860000 7.95000e-01 -1.58000e+00
861000 8.75000e-01 -1.58000e+00
862000 9.00000e-01 -1.73000e+00
863000 8.05000e-01 -1.42000e+00
864000 8.85000e-01 -1.70000e+00
865000 8.40000e-01 -1.53000e+00
866000 8.95000e-01 -1.68000e+00
867000 6.80000e-01 -1.47000e+00
868000 8.40000e-01 -1.60000e+00
869000 8.25000e-01 -1.57000e+00
870000 7.75000e-01 -1.44000e+00
871000 -8.75000e-01 -1.69000e+00
872000 -8.40000e-01 -1.60000e+00
873000 -7.95000e-01 -1.46000e+00
874000 -8.95000e-01 -1.66000e+00
875000 -6.90000e-01 -1.43000e+00
876000 -7.70000e-01 -1.53000e+00
877000 -5.65000e-01 -1.43000e+00
878000 -7.25000e-01 -1.43000e+00
879000 -8.90000e-01 -1.66000e+00
880000 -2.30000e-01 -1.11000e+00
881000 -8.30000e-01 -1.52000e+00
882000 -8.35000e-01 -1.58000e+00
883000 -7.55000e-01 -1.52000e+00
884000 -7.25000e-01 -1.34000e+00
885000 -6.75000e-01 -1.43000e+00
886000 -8.65000e-01 -1.61000e+00
887000 -8.15000e-01 -1.54000e+00
888000 -8.65000e-01 -1.64000e+00
889000 -8.45000e-01 -1.62000e+00
890000 -7.80000e-01 -1.46000e+00
891000 -8.00000e-01 -1.50000e+00
892000 -5.35000e-01 -1.43000e+00
893000 7.30000e-01 -1.37000e+00
894000 8.20000e-01 -1.51000e+00
895000 8.45000e-01 -1.60000e+00
896000 8.25000e-01 -1.58000e+00
897000 2.20000e-01 -1.33000e+00
898000 7.30000e-01 -1.37000e+00
899000 9.10000e-01 -1.69000e+00
900000 8.65000e-01 -1.65000e+00
901000 8.05000e-01 -1.56000e+00
902000 8.45000e-01 -1.60000e+00
903000 9.00000e-01 -1.67000e+00
904000 8.05000e-01 -1.55000e+00
905000 6.70000e-01 -1.37000e+00
906000 7.25000e-01 -1.50000e+00
907000 8.15000e-01 -1.53000e+00
908000 8.70000e-01 -1.61000e+00
909000 8.00000e-01 -1.57000e+00
910000 6.30000e-01 -1.48000e+00
911000 9.05000e-01 -1.69000e+00
912000 7.85000e-01 -1.56000e+00
913000 9.15000e-01 -1.77000e+00
914000 8.75000e-01 -1.60000e+00
915000 8.55000e-01 -1.57000e+00
916000 8.90000e-01 -1.64000e+00
917000 8.35000e-01 -1.49000e+00
918000 8.45000e-01 -1.62000e+00
919000 8.25000e-01 -1.62000e+00
920000 8.70000e-01 -1.71000e+00
921000 7.30000e-01 -1.45000e+00
922000 7.55000e-01 -1.48000e+00
923000 8.20000e-01 -1.55000e+00
924000 -8.05000e-01 -1.62000e+00
925000 -9.65000e-01 -1.88000e+00
926000 -8.50000e-01 -1.66000e+00
927000 -8.45000e-01 -1.65000e+00
928000 -8.30000e-01 -1.56000e+00
929000 -8.65000e-01 -1.60000e+00
930000 -6.15000e-01 -1.49000e+00
931000 -5.70000e-01 -1.29000e+00
932000 -8.00000e-01 -1.50000e+00
933000 -8.60000e-01 -1.60000e+00
934000 7.95000e-01 -1.50000e+00
935000 7.05000e-01 -1.40000e+00
936000 9.30000e-01 -1.76000e+00
937000 8.20000e-01 -1.45000e+00
938000 7.90000e-01 -1.47000e+00
939000 8.75000e-01 -1.64000e+00
940000 8.30000e-01 -1.59000e+00
941000 8.25000e-01 -1.62000e+00
942000 6.55000e-01 -1.56000e+00
943000 7.70000e-01 -1.48000e+00
944000 8.65000e-01 -1.69000e+00
945000 8.80000e-01 -1.70000e+00
946000 9.20000e-01 -1.76000e+00
947000 8.35000e-01 -1.48000e+00
948000 8.50000e-01 -1.52000e+00
949000 8.00000e-01 -1.47000e+00
950000 -8.65000e-01 -1.64000e+00
951000 -7.85000e-01 -1.62000e+00
952000 -9.15000e-01 -1.73000e+00
953000 -9.00000e-01 -1.68000e+00
954000 -9.05000e-01 -1.72000e+00
955000 -8.10000e-01 -1.48000e+00
956000 -4.95000e-01 -1.26000e+00
957000 9.55000e-01 -1.83000e+00
958000 -6.25000e-01 -1.30000e+00
959000 -8.30000e-01 -1.55000e+00
960000 -7.40000e-01 -1.46000e+00
961000 -7.40000e-01 -1.46000e+00
962000 -8.85000e-01 -1.65000e+00
963000 -4.80000e-01 -1.31000e+00
964000 -8.55000e-01 -1.66000e+00
965000 -8.70000e-01 -1.74000e+00
966000 9.00000e-01 -1.67000e+00
967000 8.50000e-01 -1.59000e+00
968000 8.75000e-01 -1.66000e+00
969000 7.35000e-01 -1.42000e+00
970000 8.80000e-01 -1.71000e+00
971000 8.50000e-01 -1.53000e+00
972000 7.55000e-01 -1.47000e+00
973000 -8.65000e-01 -1.59000e+00
974000 -7.70000e-01 -1.31000e+00
975000 -9.35000e-01 -1.78000e+00
976000 -7.85000e-01 -1.55000e+00
977000 -8.60000e-01 -1.59000e+00
978000 -6.35000e-01 -1.43000e+00
979000 -8.00000e-01 -1.58000e+00
980000 -8.00000e-01 -1.64000e+00
981000 -7.60000e-01 -1.48000e+00
982000 -7.90000e-01 -1.51000e+00
983000 8.50000e-01 -1.56000e+00
984000 8.30000e-01 -1.49000e+00
985000 8.60000e-01 -1.64000e+00
986000 8.70000e-01 -1.56000e+00
987000 8.85000e-01 -1.60000e+00
988000 8.50000e-01 -1.58000e+00
989000 8.45000e-01 -1.56000e+00
990000 8.95000e-01 -1.71000e+00
991000 7.30000e-01 -1.41000e+00
992000 6.05000e-01 -1.41000e+00
993000 8.80000e-01 -1.66000e+00
994000 8.20000e-01 -1.61000e+00
995000 8.05000e-01 -1.53000e+00
996000 5.75000e-01 -1.48000e+00
997000 8.30000e-01 -1.57000e+00
998000 6.05000e-01 -1.17000e+00
999000 8.50000e-01 -1.54000e+00
# The average magnetization is 0.09416
# The average energy per spin is -1.54720
# Program ends.
