=========================================
SLURM_JOB_ID = 60113
SLURM_JOB_NODELIST = node20-78
SLURM_CPUS_ON_NODE = 4
SLURM_JOB_PARTITION = RT
SLURM_TASK_PID = 725453
==========================================
# command: ./a.out -T 3.0 
# ISING simulation, NVT Metropolis Monte Carlo
# L = 20, T = 3.000, nCycles 1000000, fSamp 1000, Seed 23410981
0 -4.00000e-02 -5.00000e-01
1000 2.40000e-01 -7.40000e-01
2000 1.55000e-01 -8.80000e-01
3000 -9.00000e-02 -7.30000e-01
4000 -7.50000e-02 -9.30000e-01
5000 4.50000e-02 -9.10000e-01
6000 1.50000e-02 -7.90000e-01
7000 -3.50000e-02 -8.10000e-01
8000 -8.00000e-02 -9.20000e-01
9000 1.95000e-01 -7.80000e-01
10000 4.00000e-02 -7.90000e-01
11000 2.00000e-01 -1.03000e+00
12000 -9.50000e-02 -6.80000e-01
13000 1.15000e-01 -7.10000e-01
14000 1.75000e-01 -8.50000e-01
15000 8.50000e-02 -8.80000e-01
16000 -6.50000e-02 -7.30000e-01
17000 1.95000e-01 -7.30000e-01
18000 3.00000e-02 -8.40000e-01
19000 -3.60000e-01 -9.30000e-01
20000 1.00000e-02 -8.50000e-01
21000 2.00000e-01 -8.40000e-01
22000 -1.00000e-01 -7.10000e-01
23000 -1.40000e-01 -7.30000e-01
24000 -1.00000e-02 -7.10000e-01
25000 -1.30000e-01 -7.50000e-01
26000 -1.90000e-01 -7.80000e-01
27000 9.50000e-02 -7.50000e-01
28000 -5.50000e-02 -7.90000e-01
29000 3.00000e-01 -9.60000e-01
30000 8.50000e-02 -8.10000e-01
31000 2.60000e-01 -8.40000e-01
32000 3.50000e-02 -5.70000e-01
33000 1.30000e-01 -8.60000e-01
34000 2.15000e-01 -8.90000e-01
35000 1.60000e-01 -8.70000e-01
36000 4.50000e-02 -7.40000e-01
37000 1.05000e-01 -8.60000e-01
38000 3.45000e-01 -9.70000e-01
39000 -2.45000e-01 -7.20000e-01
40000 -3.50000e-02 -6.20000e-01
41000 -3.70000e-01 -9.10000e-01
42000 -1.75000e-01 -7.50000e-01
43000 -1.45000e-01 -9.40000e-01
44000 1.00000e-02 -8.00000e-01
45000 0.00000e+00 -9.40000e-01
46000 -1.00000e-02 -7.90000e-01
47000 1.00000e-01 -8.90000e-01
48000 -2.40000e-01 -8.60000e-01
49000 9.50000e-02 -7.90000e-01
50000 1.00000e-02 -9.10000e-01
51000 -2.45000e-01 -8.70000e-01
52000 2.65000e-01 -9.10000e-01
53000 -2.50000e-01 -1.00000e+00
54000 2.30000e-01 -8.20000e-01
55000 -6.00000e-02 -8.10000e-01
56000 6.50000e-02 -8.60000e-01
57000 4.50000e-02 -7.00000e-01
58000 1.45000e-01 -9.00000e-01
59000 2.50000e-01 -9.60000e-01
60000 -1.45000e-01 -8.90000e-01
61000 2.85000e-01 -9.50000e-01
62000 3.00000e-02 -6.30000e-01
63000 -1.90000e-01 -9.20000e-01
64000 2.05000e-01 -1.00000e+00
65000 1.00000e-02 -8.60000e-01
66000 2.25000e-01 -1.04000e+00
67000 2.25000e-01 -8.80000e-01
68000 1.85000e-01 -9.00000e-01
69000 -4.50000e-02 -8.30000e-01
70000 3.50000e-02 -8.40000e-01
71000 -3.05000e-01 -8.80000e-01
72000 -2.10000e-01 -8.20000e-01
73000 -1.65000e-01 -7.20000e-01
74000 1.85000e-01 -7.80000e-01
75000 -1.80000e-01 -9.00000e-01
76000 1.60000e-01 -8.20000e-01
77000 -1.30000e-01 -7.90000e-01
78000 -2.45000e-01 -8.20000e-01
79000 -1.00000e-01 -8.10000e-01
80000 1.00000e-01 -9.00000e-01
81000 -2.00000e-01 -7.60000e-01
82000 -2.40000e-01 -7.90000e-01
83000 -1.00000e-02 -9.40000e-01
84000 -2.55000e-01 -7.70000e-01
85000 6.50000e-02 -7.60000e-01
86000 3.65000e-01 -1.01000e+00
87000 3.95000e-01 -8.50000e-01
88000 5.00000e-02 -8.20000e-01
89000 -1.40000e-01 -9.20000e-01
90000 -8.50000e-02 -8.80000e-01
91000 5.00000e-02 -7.30000e-01
92000 9.00000e-02 -9.20000e-01
93000 5.50000e-02 -8.20000e-01
94000 1.50000e-01 -9.00000e-01
95000 1.05000e-01 -7.90000e-01
96000 1.70000e-01 -7.60000e-01
97000 -1.30000e-01 -8.00000e-01
98000 -4.40000e-01 -1.06000e+00
99000 -1.35000e-01 -8.80000e-01
100000 -2.40000e-01 -8.00000e-01
101000 3.50000e-01 -1.04000e+00
102000 -4.00000e-02 -8.00000e-01
103000 -1.25000e-01 -9.70000e-01
104000 7.00000e-02 -7.60000e-01
105000 -3.00000e-01 -8.80000e-01
106000 -1.40000e-01 -8.70000e-01
107000 -6.00000e-02 -7.30000e-01
108000 -5.00000e-03 -8.80000e-01
109000 -8.00000e-02 -8.00000e-01
110000 2.50000e-02 -8.90000e-01
111000 2.05000e-01 -6.90000e-01
112000 6.50000e-02 -7.90000e-01
113000 -3.00000e-02 -7.60000e-01
114000 -2.30000e-01 -7.50000e-01
115000 -3.50000e-02 -1.08000e+00
116000 1.80000e-01 -7.30000e-01
117000 -7.50000e-02 -9.60000e-01
118000 -6.50000e-02 -7.50000e-01
119000 -3.55000e-01 -7.70000e-01
120000 1.00000e-01 -7.80000e-01
121000 -2.60000e-01 -1.01000e+00
122000 7.00000e-02 -8.90000e-01
123000 1.00000e-02 -8.40000e-01
124000 2.00000e-02 -9.60000e-01
125000 1.45000e-01 -7.10000e-01
126000 -1.25000e-01 -8.10000e-01
127000 -4.00000e-02 -7.40000e-01
128000 8.50000e-02 -8.00000e-01
129000 -1.90000e-01 -8.70000e-01
130000 3.00000e-02 -7.50000e-01
131000 2.90000e-01 -8.80000e-01
132000 2.00000e-02 -8.70000e-01
133000 2.55000e-01 -7.40000e-01
134000 -1.95000e-01 -8.50000e-01
135000 6.50000e-02 -7.30000e-01
136000 1.50000e-01 -8.80000e-01
137000 -2.60000e-01 -8.60000e-01
138000 -2.05000e-01 -9.50000e-01
139000 -1.50000e-01 -8.50000e-01
140000 -2.35000e-01 -7.20000e-01
141000 2.20000e-01 -1.04000e+00
142000 1.60000e-01 -7.00000e-01
143000 1.55000e-01 -6.30000e-01
144000 -9.00000e-02 -6.20000e-01
145000 5.00000e-02 -6.30000e-01
146000 -1.35000e-01 -9.70000e-01
147000 -3.75000e-01 -1.01000e+00
148000 3.00000e-02 -8.90000e-01
149000 7.50000e-02 -9.80000e-01
150000 -3.90000e-01 -8.60000e-01
151000 3.50000e-02 -8.20000e-01
152000 1.90000e-01 -7.60000e-01
153000 2.00000e-01 -5.90000e-01
154000 2.15000e-01 -8.00000e-01
155000 8.00000e-02 -7.90000e-01
156000 -2.15000e-01 -9.70000e-01
157000 1.30000e-01 -8.80000e-01
158000 5.50000e-02 -8.60000e-01
159000 -3.60000e-01 -7.80000e-01
160000 -1.40000e-01 -6.70000e-01
161000 -1.50000e-02 -7.70000e-01
162000 2.85000e-01 -6.90000e-01
163000 1.40000e-01 -8.70000e-01
164000 7.00000e-02 -6.50000e-01
165000 -9.50000e-02 -7.90000e-01
166000 1.35000e-01 -7.50000e-01
167000 1.55000e-01 -7.50000e-01
168000 -2.60000e-01 -7.50000e-01
169000 3.00000e-02 -8.90000e-01
170000 5.00000e-02 -9.30000e-01
171000 -5.00000e-02 -6.90000e-01
172000 -2.00000e-02 -8.30000e-01
173000 1.65000e-01 -8.40000e-01
174000 2.50000e-02 -7.30000e-01
175000 -1.65000e-01 -1.04000e+00
176000 5.50000e-02 -7.30000e-01
177000 1.90000e-01 -7.70000e-01
178000 4.00000e-02 -8.50000e-01
179000 3.00000e-01 -1.07000e+00
180000 -1.60000e-01 -8.00000e-01
181000 3.00000e-01 -8.30000e-01
182000 1.40000e-01 -8.40000e-01
183000 0.00000e+00 -6.60000e-01
184000 -1.15000e-01 -7.00000e-01
185000 1.30000e-01 -8.20000e-01
186000 1.75000e-01 -9.00000e-01
187000 1.00000e-02 -9.20000e-01
188000 3.85000e-01 -9.50000e-01
189000 -2.85000e-01 -8.80000e-01
190000 -5.00000e-02 -9.40000e-01
191000 -7.50000e-02 -8.70000e-01
192000 -3.35000e-01 -9.30000e-01
193000 6.50000e-02 -8.60000e-01
194000 6.00000e-02 -6.80000e-01
195000 -3.50000e-02 -7.00000e-01
196000 -1.20000e-01 -8.80000e-01
197000 -5.00000e-03 -7.20000e-01
198000 1.75000e-01 -7.80000e-01
199000 -3.00000e-02 -6.40000e-01
200000 4.00000e-02 -6.60000e-01
201000 -1.10000e-01 -7.10000e-01
202000 -2.70000e-01 -7.70000e-01
203000 1.60000e-01 -7.40000e-01
204000 -3.50000e-01 -9.80000e-01
205000 1.15000e-01 -8.70000e-01
206000 2.85000e-01 -8.20000e-01
207000 4.50000e-02 -8.90000e-01
208000 -1.00000e-01 -7.20000e-01
209000 4.50000e-02 -7.80000e-01
210000 -1.40000e-01 -8.90000e-01
211000 4.50000e-02 -8.70000e-01
212000 1.15000e-01 -7.10000e-01
213000 -1.00000e-01 -7.40000e-01
214000 9.00000e-02 -8.40000e-01
215000 -8.50000e-02 -6.70000e-01
216000 1.20000e-01 -8.70000e-01
217000 -2.05000e-01 -8.60000e-01
218000 -5.00000e-03 -8.30000e-01
219000 -3.50000e-02 -8.20000e-01
220000 -1.35000e-01 -7.20000e-01
221000 -4.50000e-02 -9.00000e-01
222000 -5.00000e-02 -7.30000e-01
223000 -1.00000e-02 -7.90000e-01
224000 -4.50000e-02 -7.20000e-01
225000 -9.00000e-02 -8.70000e-01
226000 -2.85000e-01 -7.90000e-01
227000 -2.65000e-01 -9.10000e-01
228000 2.50000e-02 -7.30000e-01
229000 5.50000e-02 -8.40000e-01
230000 2.00000e-02 -7.60000e-01
231000 3.50000e-02 -8.70000e-01
232000 -3.50000e-02 -7.40000e-01
233000 -2.25000e-01 -7.90000e-01
234000 -2.55000e-01 -8.20000e-01
235000 -5.00000e-03 -8.20000e-01
236000 -1.00000e-02 -8.40000e-01
237000 -1.80000e-01 -7.60000e-01
238000 -4.00000e-02 -8.70000e-01
239000 9.00000e-02 -6.40000e-01
240000 2.90000e-01 -8.50000e-01
241000 -1.55000e-01 -7.70000e-01
242000 -2.50000e-02 -7.50000e-01
243000 1.85000e-01 -8.20000e-01
244000 -2.00000e-01 -6.90000e-01
245000 5.00000e-03 -8.10000e-01
246000 -1.00000e-02 -7.50000e-01
247000 2.40000e-01 -8.80000e-01
248000 -6.00000e-02 -8.30000e-01
249000 -1.90000e-01 -8.30000e-01
250000 -2.60000e-01 -8.30000e-01
251000 0.00000e+00 -8.50000e-01
252000 3.50000e-02 -8.60000e-01
253000 -1.85000e-01 -9.60000e-01
254000 -2.15000e-01 -8.70000e-01
255000 -1.15000e-01 -6.30000e-01
256000 1.50000e-01 -7.80000e-01
257000 -3.45000e-01 -9.30000e-01
258000 -1.55000e-01 -7.90000e-01
259000 -9.50000e-02 -8.20000e-01
260000 2.85000e-01 -8.60000e-01
261000 1.05000e-01 -8.70000e-01
262000 -8.00000e-02 -6.90000e-01
263000 5.00000e-02 -9.00000e-01
264000 8.50000e-02 -7.30000e-01
265000 6.00000e-02 -6.70000e-01
266000 2.80000e-01 -7.50000e-01
267000 2.75000e-01 -8.20000e-01
268000 -1.45000e-01 -8.80000e-01
269000 2.50000e-02 -7.10000e-01
270000 -7.50000e-02 -9.00000e-01
271000 1.45000e-01 -8.40000e-01
272000 -8.50000e-02 -7.70000e-01
273000 1.30000e-01 -7.40000e-01
274000 -1.15000e-01 -7.90000e-01
275000 -3.25000e-01 -1.02000e+00
276000 -1.05000e-01 -7.50000e-01
277000 -1.00000e-02 -8.90000e-01
278000 -5.00000e-02 -8.30000e-01
279000 -2.00000e-02 -9.00000e-01
280000 1.80000e-01 -8.00000e-01
281000 3.75000e-01 -8.50000e-01
282000 -7.00000e-02 -7.60000e-01
283000 4.25000e-01 -8.30000e-01
284000 -1.85000e-01 -9.10000e-01
285000 -2.40000e-01 -5.80000e-01
286000 3.00000e-02 -9.10000e-01
287000 -3.05000e-01 -7.90000e-01
288000 2.30000e-01 -8.70000e-01
289000 -9.50000e-02 -7.50000e-01
290000 1.10000e-01 -6.70000e-01
291000 -1.00000e-02 -7.80000e-01
292000 -1.50000e-01 -7.40000e-01
293000 -3.05000e-01 -9.20000e-01
294000 9.50000e-02 -7.30000e-01
295000 -2.80000e-01 -1.05000e+00
296000 -1.85000e-01 -8.50000e-01
297000 1.35000e-01 -7.00000e-01
298000 1.30000e-01 -7.40000e-01
299000 -1.85000e-01 -7.50000e-01
300000 5.00000e-02 -8.10000e-01
301000 1.60000e-01 -8.10000e-01
302000 -4.70000e-01 -9.80000e-01
303000 3.75000e-01 -9.60000e-01
304000 -1.50000e-02 -9.90000e-01
305000 4.00000e-02 -8.20000e-01
306000 7.50000e-02 -8.50000e-01
307000 2.25000e-01 -8.40000e-01
308000 1.75000e-01 -8.10000e-01
309000 -3.15000e-01 -1.00000e+00
310000 4.00000e-01 -8.80000e-01
311000 1.60000e-01 -9.20000e-01
312000 1.75000e-01 -9.60000e-01
313000 0.00000e+00 -7.10000e-01
314000 3.00000e-02 -6.80000e-01
315000 9.50000e-02 -8.40000e-01
316000 4.50000e-02 -8.40000e-01
317000 6.00000e-02 -7.60000e-01
318000 1.25000e-01 -8.40000e-01
319000 -2.50000e-01 -9.80000e-01
320000 -3.10000e-01 -8.40000e-01
321000 5.00000e-03 -8.80000e-01
322000 3.00000e-02 -8.70000e-01
323000 -4.00000e-02 -8.20000e-01
324000 4.00000e-02 -6.90000e-01
325000 1.45000e-01 -8.90000e-01
326000 1.50000e-02 -7.20000e-01
327000 -1.70000e-01 -8.30000e-01
328000 -2.95000e-01 -9.50000e-01
329000 -1.40000e-01 -8.40000e-01
330000 2.15000e-01 -8.50000e-01
331000 -1.80000e-01 -8.90000e-01
332000 1.75000e-01 -8.20000e-01
333000 8.00000e-02 -1.01000e+00
334000 2.10000e-01 -6.70000e-01
335000 -2.00000e-02 -7.90000e-01
336000 -2.85000e-01 -1.03000e+00
337000 -5.00000e-02 -9.00000e-01
338000 -1.85000e-01 -6.50000e-01
339000 4.00000e-02 -6.80000e-01
340000 -3.60000e-01 -9.30000e-01
341000 -7.00000e-02 -9.80000e-01
342000 1.20000e-01 -7.70000e-01
343000 1.55000e-01 -9.00000e-01
344000 -2.85000e-01 -8.90000e-01
345000 -1.10000e-01 -7.50000e-01
346000 1.50000e-02 -8.50000e-01
347000 -2.20000e-01 -8.80000e-01
348000 -8.00000e-02 -7.20000e-01
349000 9.00000e-02 -6.50000e-01
350000 2.05000e-01 -8.80000e-01
351000 -2.50000e-01 -9.70000e-01
352000 -6.00000e-02 -8.30000e-01
353000 -8.00000e-02 -8.70000e-01
354000 -1.00000e-02 -8.90000e-01
355000 -1.50000e-02 -9.40000e-01
356000 -2.95000e-01 -9.70000e-01
357000 -3.50000e-02 -7.40000e-01
358000 1.00000e-02 -7.60000e-01
359000 -1.55000e-01 -8.00000e-01
360000 1.65000e-01 -7.10000e-01
361000 1.20000e-01 -8.20000e-01
362000 -6.00000e-02 -9.00000e-01
363000 -1.70000e-01 -8.10000e-01
364000 9.50000e-02 -9.20000e-01
365000 -2.00000e-02 -7.40000e-01
366000 -2.35000e-01 -8.30000e-01
367000 8.50000e-02 -9.60000e-01
368000 -9.50000e-02 -7.60000e-01
369000 1.10000e-01 -1.01000e+00
370000 1.75000e-01 -7.40000e-01
371000 -2.60000e-01 -9.60000e-01
372000 -5.50000e-02 -7.50000e-01
373000 2.80000e-01 -9.30000e-01
374000 3.85000e-01 -9.10000e-01
375000 -1.10000e-01 -8.40000e-01
376000 2.35000e-01 -9.30000e-01
377000 -2.15000e-01 -9.00000e-01
378000 1.00000e-01 -9.00000e-01
379000 1.85000e-01 -8.80000e-01
380000 -1.50000e-02 -7.60000e-01
381000 -1.80000e-01 -8.70000e-01
382000 1.50000e-02 -8.10000e-01
383000 2.00000e-01 -8.00000e-01
384000 -1.00000e-01 -8.50000e-01
385000 1.35000e-01 -8.30000e-01
386000 1.05000e-01 -6.90000e-01
387000 -1.10000e-01 -9.90000e-01
388000 3.10000e-01 -8.70000e-01
389000 2.25000e-01 -7.60000e-01
390000 -7.00000e-02 -7.00000e-01
391000 -3.80000e-01 -9.00000e-01
392000 1.70000e-01 -8.20000e-01
393000 -3.50000e-02 -7.50000e-01
394000 1.35000e-01 -6.80000e-01
395000 2.90000e-01 -8.20000e-01
396000 1.50000e-02 -7.90000e-01
397000 -2.25000e-01 -8.90000e-01
398000 2.95000e-01 -8.80000e-01
399000 6.50000e-02 -6.90000e-01
400000 3.60000e-01 -8.40000e-01
401000 -1.55000e-01 -1.04000e+00
402000 -2.50000e-02 -8.20000e-01
403000 5.00000e-02 -9.30000e-01
404000 -6.50000e-02 -8.00000e-01
405000 7.50000e-02 -7.20000e-01
406000 1.00000e-01 -8.70000e-01
407000 -2.65000e-01 -8.20000e-01
408000 6.00000e-02 -7.50000e-01
409000 5.50000e-02 -8.20000e-01
410000 -8.50000e-02 -7.70000e-01
411000 6.50000e-02 -7.30000e-01
412000 -1.30000e-01 -9.30000e-01
413000 -1.10000e-01 -7.60000e-01
414000 2.00000e-02 -7.90000e-01
415000 2.10000e-01 -8.10000e-01
416000 -1.50000e-02 -7.90000e-01
417000 2.00000e-02 -8.30000e-01
418000 -1.90000e-01 -8.30000e-01
419000 3.00000e-02 -9.10000e-01
420000 1.00000e-01 -6.90000e-01
421000 -5.50000e-02 -7.80000e-01
422000 1.20000e-01 -7.70000e-01
423000 -5.00000e-03 -7.40000e-01
424000 4.50000e-02 -7.50000e-01
425000 -1.00000e-01 -7.60000e-01
426000 -1.25000e-01 -7.50000e-01
427000 1.85000e-01 -9.10000e-01
428000 3.25000e-01 -8.50000e-01
429000 1.80000e-01 -8.50000e-01
430000 -2.75000e-01 -7.80000e-01
431000 -9.50000e-02 -7.20000e-01
432000 2.00000e-02 -8.30000e-01
433000 2.45000e-01 -9.20000e-01
434000 -7.00000e-02 -9.40000e-01
435000 -1.55000e-01 -6.00000e-01
436000 1.10000e-01 -9.70000e-01
437000 -1.05000e-01 -6.80000e-01
438000 -7.50000e-02 -8.40000e-01
439000 2.10000e-01 -8.00000e-01
440000 -1.05000e-01 -8.00000e-01
441000 -1.20000e-01 -9.70000e-01
442000 8.50000e-02 -8.00000e-01
443000 -8.50000e-02 -9.70000e-01
444000 5.00000e-03 -8.30000e-01
445000 -1.45000e-01 -8.80000e-01
446000 -9.00000e-02 -8.00000e-01
447000 4.50000e-02 -9.80000e-01
448000 1.05000e-01 -7.10000e-01
449000 1.35000e-01 -7.80000e-01
450000 2.15000e-01 -7.90000e-01
451000 -1.05000e-01 -8.10000e-01
452000 1.10000e-01 -8.10000e-01
453000 -1.70000e-01 -8.20000e-01
454000 -1.85000e-01 -9.60000e-01
455000 -9.50000e-02 -8.90000e-01
456000 -1.10000e-01 -6.90000e-01
457000 9.50000e-02 -6.30000e-01
458000 -4.00000e-02 -7.20000e-01
459000 -4.00000e-02 -1.01000e+00
460000 -4.00000e-02 -8.10000e-01
461000 -1.65000e-01 -7.50000e-01
462000 -2.50000e-02 -8.40000e-01
463000 1.05000e-01 -7.10000e-01
464000 -8.00000e-02 -6.50000e-01
465000 1.20000e-01 -8.50000e-01
466000 6.50000e-02 -8.70000e-01
467000 -1.35000e-01 -9.70000e-01
468000 7.00000e-02 -7.00000e-01
469000 -1.55000e-01 -7.70000e-01
470000 -1.00000e-01 -8.40000e-01
471000 1.50000e-02 -7.90000e-01
472000 1.40000e-01 -8.80000e-01
473000 -1.70000e-01 -8.90000e-01
474000 5.00000e-02 -8.00000e-01
475000 0.00000e+00 -7.70000e-01
476000 2.20000e-01 -8.70000e-01
477000 2.60000e-01 -9.50000e-01
478000 -1.35000e-01 -6.40000e-01
479000 -2.80000e-01 -8.50000e-01
480000 4.00000e-02 -8.30000e-01
481000 -9.00000e-02 -9.00000e-01
482000 8.50000e-02 -9.00000e-01
483000 -1.20000e-01 -8.30000e-01
484000 -1.50000e-01 -8.20000e-01
485000 -1.35000e-01 -7.90000e-01
486000 3.15000e-01 -8.60000e-01
487000 -5.00000e-02 -7.40000e-01
488000 -2.45000e-01 -8.70000e-01
489000 1.60000e-01 -8.70000e-01
490000 1.00000e-02 -9.10000e-01
491000 1.15000e-01 -6.60000e-01
492000 -8.50000e-02 -7.30000e-01
493000 4.50000e-02 -6.30000e-01
494000 2.00000e-02 -6.50000e-01
495000 0.00000e+00 -8.30000e-01
496000 -1.30000e-01 -7.50000e-01
497000 2.75000e-01 -1.04000e+00
498000 -1.30000e-01 -7.80000e-01
499000 1.10000e-01 -7.50000e-01
500000 -1.75000e-01 -8.70000e-01
501000 1.85000e-01 -5.90000e-01
502000 -2.65000e-01 -8.40000e-01
503000 6.00000e-02 -8.40000e-01
504000 1.35000e-01 -7.10000e-01
505000 -9.00000e-02 -7.80000e-01
506000 -3.00000e-02 -6.70000e-01
507000 2.75000e-01 -9.70000e-01
508000 2.00000e-01 -7.70000e-01
509000 1.50000e-02 -8.10000e-01
510000 -9.00000e-02 -8.80000e-01
511000 -1.50000e-02 -8.20000e-01
512000 2.90000e-01 -7.90000e-01
513000 -2.60000e-01 -9.10000e-01
514000 -3.50000e-02 -6.50000e-01
515000 1.25000e-01 -7.30000e-01
516000 1.70000e-01 -9.30000e-01
517000 2.95000e-01 -7.10000e-01
518000 2.95000e-01 -8.60000e-01
519000 1.40000e-01 -6.30000e-01
520000 -1.00000e-02 -8.60000e-01
521000 2.00000e-02 -7.60000e-01
522000 -6.50000e-02 -7.80000e-01
523000 -2.05000e-01 -7.20000e-01
524000 1.05000e-01 -8.00000e-01
525000 6.50000e-02 -8.80000e-01
526000 1.00000e-01 -7.90000e-01
527000 -4.50000e-02 -9.80000e-01
528000 1.45000e-01 -7.00000e-01
529000 1.30000e-01 -8.30000e-01
530000 1.00000e-02 -7.90000e-01
531000 1.20000e-01 -9.60000e-01
532000 -9.50000e-02 -6.90000e-01
533000 -8.00000e-02 -6.10000e-01
534000 2.15000e-01 -7.70000e-01
535000 5.00000e-02 -7.60000e-01
536000 -3.85000e-01 -8.00000e-01
537000 -3.85000e-01 -8.80000e-01
538000 9.50000e-02 -8.50000e-01
539000 -1.15000e-01 -8.70000e-01
540000 1.95000e-01 -8.50000e-01
541000 -8.50000e-02 -7.80000e-01
542000 3.25000e-01 -8.60000e-01
543000 1.25000e-01 -9.10000e-01
544000 9.00000e-02 -8.30000e-01
545000 1.90000e-01 -9.00000e-01
546000 -6.50000e-02 -7.70000e-01
547000 1.45000e-01 -8.00000e-01
548000 1.50000e-02 -7.20000e-01
549000 -4.50000e-02 -7.20000e-01
550000 1.20000e-01 -7.80000e-01
551000 -2.40000e-01 -8.10000e-01
552000 7.50000e-02 -7.40000e-01
553000 1.50000e-02 -8.20000e-01
554000 0.00000e+00 -6.90000e-01
555000 -4.00000e-02 -1.01000e+00
556000 -6.00000e-02 -7.70000e-01
557000 1.20000e-01 -7.10000e-01
558000 -1.00000e-02 -7.70000e-01
559000 2.10000e-01 -8.30000e-01
560000 -1.00000e-02 -7.50000e-01
561000 -2.20000e-01 -7.10000e-01
562000 -1.10000e-01 -8.70000e-01
563000 -2.10000e-01 -8.60000e-01
564000 2.85000e-01 -9.20000e-01
565000 -3.60000e-01 -8.20000e-01
566000 -2.40000e-01 -8.10000e-01
567000 3.85000e-01 -8.70000e-01
568000 -2.00000e-01 -7.30000e-01
569000 -3.55000e-01 -8.10000e-01
570000 -6.50000e-02 -8.10000e-01
571000 -2.50000e-01 -9.10000e-01
572000 -1.45000e-01 -7.70000e-01
573000 -3.15000e-01 -9.20000e-01
574000 1.20000e-01 -8.50000e-01
575000 -1.05000e-01 -9.20000e-01
576000 2.35000e-01 -8.70000e-01
577000 1.50000e-01 -7.60000e-01
578000 -9.00000e-02 -8.80000e-01
579000 2.30000e-01 -9.20000e-01
580000 2.70000e-01 -8.30000e-01
581000 -1.20000e-01 -7.70000e-01
582000 1.65000e-01 -7.80000e-01
583000 3.00000e-02 -9.20000e-01
584000 1.35000e-01 -8.30000e-01
585000 -1.40000e-01 -8.70000e-01
586000 3.50000e-02 -7.20000e-01
587000 -2.90000e-01 -9.60000e-01
588000 5.00000e-02 -8.20000e-01
589000 -4.00000e-01 -8.60000e-01
590000 -4.00000e-02 -7.80000e-01
591000 1.55000e-01 -8.80000e-01
592000 -1.25000e-01 -9.70000e-01
593000 -5.00000e-03 -7.00000e-01
594000 -7.50000e-02 -8.30000e-01
595000 1.15000e-01 -8.70000e-01
596000 3.80000e-01 -8.10000e-01
597000 1.10000e-01 -8.80000e-01
598000 -5.00000e-02 -8.60000e-01
599000 1.10000e-01 -7.80000e-01
600000 -2.55000e-01 -7.50000e-01
601000 2.90000e-01 -7.70000e-01
602000 2.90000e-01 -8.40000e-01
603000 1.20000e-01 -7.40000e-01
604000 -2.10000e-01 -9.00000e-01
605000 -5.50000e-02 -8.00000e-01
606000 4.00000e-02 -9.40000e-01
607000 1.85000e-01 -8.80000e-01
608000 1.00000e-01 -8.00000e-01
609000 3.05000e-01 -8.90000e-01
610000 -1.25000e-01 -8.80000e-01
611000 8.00000e-02 -6.40000e-01
612000 -2.60000e-01 -6.60000e-01
613000 -1.20000e-01 -7.20000e-01
614000 2.40000e-01 -7.90000e-01
615000 -2.00000e-02 -7.70000e-01
616000 -1.50000e-02 -8.60000e-01
617000 -1.45000e-01 -7.10000e-01
618000 2.80000e-01 -8.30000e-01
619000 1.00000e-02 -6.60000e-01
620000 1.00000e-02 -7.70000e-01
621000 -2.50000e-02 -9.40000e-01
622000 9.50000e-02 -7.30000e-01
623000 -2.05000e-01 -9.00000e-01
624000 -9.50000e-02 -8.90000e-01
625000 2.50000e-02 -7.90000e-01
626000 -2.10000e-01 -9.00000e-01
627000 -2.95000e-01 -7.60000e-01
628000 1.65000e-01 -7.60000e-01
629000 4.15000e-01 -1.02000e+00
630000 -1.25000e-01 -8.90000e-01
631000 -3.20000e-01 -7.90000e-01
632000 -8.00000e-02 -7.50000e-01
633000 1.30000e-01 -8.10000e-01
634000 1.10000e-01 -7.70000e-01
635000 -6.50000e-02 -8.10000e-01
636000 5.50000e-02 -9.10000e-01
637000 1.05000e-01 -7.50000e-01
638000 1.85000e-01 -8.00000e-01
639000 -8.00000e-02 -8.90000e-01
640000 8.50000e-02 -9.30000e-01
641000 -2.00000e-02 -8.10000e-01
642000 -1.65000e-01 -8.50000e-01
643000 -8.00000e-02 -7.90000e-01
644000 1.00000e-02 -7.00000e-01
645000 7.00000e-02 -7.40000e-01
646000 3.05000e-01 -7.30000e-01
647000 4.50000e-02 -6.20000e-01
648000 -5.00000e-03 -7.40000e-01
649000 -1.90000e-01 -8.40000e-01
650000 -8.50000e-02 -9.10000e-01
651000 2.80000e-01 -7.70000e-01
652000 -2.80000e-01 -7.70000e-01
653000 1.90000e-01 -8.60000e-01
654000 -2.25000e-01 -5.60000e-01
655000 2.65000e-01 -1.05000e+00
656000 1.65000e-01 -7.40000e-01
657000 2.60000e-01 -8.90000e-01
658000 -2.35000e-01 -8.20000e-01
659000 2.35000e-01 -8.30000e-01
660000 1.25000e-01 -9.70000e-01
661000 5.50000e-02 -8.10000e-01
662000 2.65000e-01 -9.80000e-01
663000 -2.90000e-01 -9.40000e-01
664000 3.30000e-01 -8.20000e-01
665000 -2.30000e-01 -7.90000e-01
666000 -8.50000e-02 -8.40000e-01
667000 1.70000e-01 -7.10000e-01
668000 3.00000e-02 -9.30000e-01
669000 -2.50000e-02 -7.00000e-01
670000 6.00000e-02 -7.30000e-01
671000 -1.50000e-02 -7.10000e-01
672000 -2.00000e-02 -9.20000e-01
673000 -9.50000e-02 -9.00000e-01
674000 9.00000e-02 -6.50000e-01
675000 -2.30000e-01 -9.10000e-01
676000 8.50000e-02 -7.40000e-01
677000 5.00000e-02 -7.60000e-01
678000 -1.65000e-01 -8.20000e-01
679000 1.45000e-01 -7.30000e-01
680000 1.50000e-01 -7.40000e-01
681000 -4.70000e-01 -1.02000e+00
682000 -1.95000e-01 -1.00000e+00
683000 2.50000e-02 -7.80000e-01
684000 -3.40000e-01 -9.10000e-01
685000 2.15000e-01 -8.60000e-01
686000 3.15000e-01 -8.80000e-01
687000 -7.50000e-02 -6.70000e-01
688000 0.00000e+00 -5.10000e-01
689000 -1.00000e-01 -7.00000e-01
690000 -3.00000e-02 -8.90000e-01
691000 -1.10000e-01 -7.90000e-01
692000 -1.10000e-01 -6.60000e-01
693000 5.50000e-02 -6.90000e-01
694000 1.45000e-01 -7.30000e-01
695000 -4.00000e-02 -8.50000e-01
696000 -2.35000e-01 -8.60000e-01
697000 1.50000e-01 -7.80000e-01
698000 -2.05000e-01 -1.00000e+00
699000 -1.95000e-01 -9.00000e-01
700000 2.20000e-01 -8.80000e-01
701000 1.70000e-01 -6.90000e-01
702000 4.50000e-02 -9.20000e-01
703000 3.85000e-01 -1.14000e+00
704000 -2.20000e-01 -8.70000e-01
705000 5.00000e-02 -7.90000e-01
706000 -1.00000e-02 -7.10000e-01
707000 -2.50000e-02 -7.40000e-01
708000 7.50000e-02 -8.00000e-01
709000 -2.95000e-01 -9.10000e-01
710000 7.50000e-02 -7.10000e-01
711000 2.80000e-01 -8.40000e-01
712000 -1.65000e-01 -8.50000e-01
713000 -7.00000e-02 -7.40000e-01
714000 -2.90000e-01 -1.01000e+00
715000 -5.00000e-03 -9.90000e-01
716000 4.00000e-02 -7.70000e-01
717000 1.00000e-01 -8.00000e-01
718000 -6.50000e-02 -7.10000e-01
719000 -1.85000e-01 -8.00000e-01
720000 2.40000e-01 -8.70000e-01
721000 -4.10000e-01 -9.50000e-01
722000 9.00000e-02 -7.80000e-01
723000 9.00000e-02 -7.30000e-01
724000 9.00000e-02 -7.10000e-01
725000 1.20000e-01 -7.50000e-01
726000 -9.00000e-02 -6.80000e-01
727000 -8.50000e-02 -7.20000e-01
728000 1.75000e-01 -9.50000e-01
729000 3.10000e-01 -8.10000e-01
730000 1.80000e-01 -7.30000e-01
731000 -8.50000e-02 -8.90000e-01
732000 -1.80000e-01 -7.30000e-01
733000 8.00000e-02 -8.10000e-01
734000 1.80000e-01 -7.90000e-01
735000 9.50000e-02 -7.80000e-01
736000 0.00000e+00 -1.09000e+00
737000 1.25000e-01 -8.00000e-01
738000 -5.00000e-03 -8.60000e-01
739000 -2.40000e-01 -7.70000e-01
740000 1.25000e-01 -9.80000e-01
741000 5.50000e-02 -6.30000e-01
742000 1.70000e-01 -7.70000e-01
743000 -1.65000e-01 -7.40000e-01
744000 8.00000e-02 -8.10000e-01
745000 -2.00000e-02 -6.50000e-01
746000 1.05000e-01 -8.50000e-01
747000 2.00000e-02 -7.80000e-01
748000 1.10000e-01 -7.60000e-01
749000 -2.00000e-02 -7.80000e-01
750000 -3.00000e-02 -8.20000e-01
751000 5.00000e-03 -6.60000e-01
752000 3.00000e-02 -7.70000e-01
753000 -4.50000e-02 -7.60000e-01
754000 1.25000e-01 -8.90000e-01
755000 -2.50000e-02 -6.00000e-01
756000 -1.20000e-01 -8.50000e-01
757000 1.35000e-01 -8.60000e-01
758000 -2.00000e-01 -7.80000e-01
759000 1.40000e-01 -8.00000e-01
760000 -5.00000e-02 -7.60000e-01
761000 -5.00000e-02 -7.20000e-01
762000 8.50000e-02 -7.80000e-01
763000 -2.90000e-01 -9.10000e-01
764000 2.00000e-02 -9.00000e-01
765000 -2.10000e-01 -8.20000e-01
766000 1.80000e-01 -7.60000e-01
767000 3.10000e-01 -8.40000e-01
768000 2.10000e-01 -7.40000e-01
769000 3.00000e-02 -8.70000e-01
770000 -1.65000e-01 -7.20000e-01
771000 -1.80000e-01 -8.40000e-01
772000 -8.00000e-02 -8.80000e-01
773000 3.30000e-01 -7.80000e-01
774000 -1.75000e-01 -8.80000e-01
775000 2.40000e-01 -7.20000e-01
776000 1.30000e-01 -8.20000e-01
777000 -1.00000e-01 -7.10000e-01
778000 -1.20000e-01 -8.60000e-01
779000 1.85000e-01 -9.10000e-01
780000 3.20000e-01 -8.20000e-01
781000 -1.90000e-01 -8.80000e-01
782000 -2.05000e-01 -1.01000e+00
783000 8.00000e-02 -7.50000e-01
784000 -3.50000e-02 -6.30000e-01
785000 -1.00000e-02 -8.30000e-01
786000 -8.00000e-02 -7.60000e-01
787000 -9.50000e-02 -7.00000e-01
788000 9.00000e-02 -9.00000e-01
789000 1.90000e-01 -8.90000e-01
790000 9.00000e-02 -6.40000e-01
791000 1.15000e-01 -7.20000e-01
792000 -9.50000e-02 -6.20000e-01
793000 -3.10000e-01 -7.90000e-01
794000 -4.00000e-02 -8.90000e-01
795000 8.50000e-02 -7.80000e-01
796000 -1.00000e-01 -8.60000e-01
797000 1.35000e-01 -7.60000e-01
798000 1.00000e-01 -7.40000e-01
799000 5.00000e-03 -7.10000e-01
800000 -1.55000e-01 -8.20000e-01
801000 2.35000e-01 -8.80000e-01
802000 -4.00000e-02 -7.80000e-01
803000 1.10000e-01 -8.60000e-01
804000 -2.20000e-01 -6.80000e-01
805000 1.20000e-01 -7.80000e-01
806000 -8.50000e-02 -7.90000e-01
807000 -1.95000e-01 -9.00000e-01
808000 1.50000e-01 -6.50000e-01
809000 -6.50000e-02 -7.50000e-01
810000 1.50000e-02 -7.30000e-01
811000 -1.80000e-01 -8.90000e-01
812000 2.85000e-01 -8.90000e-01
813000 -1.15000e-01 -6.80000e-01
814000 -2.85000e-01 -7.50000e-01
815000 -2.70000e-01 -7.60000e-01
816000 7.00000e-02 -7.00000e-01
817000 1.70000e-01 -8.50000e-01
818000 -1.90000e-01 -8.10000e-01
819000 -2.00000e-02 -7.30000e-01
820000 -1.15000e-01 -7.40000e-01
821000 -8.50000e-02 -7.80000e-01
822000 -9.00000e-02 -7.30000e-01
823000 -2.00000e-02 -8.30000e-01
824000 1.55000e-01 -1.02000e+00
825000 -2.20000e-01 -8.30000e-01
826000 8.50000e-02 -8.70000e-01
827000 -2.30000e-01 -8.20000e-01
828000 -3.00000e-01 -7.30000e-01
829000 1.95000e-01 -8.00000e-01
830000 -2.75000e-01 -7.90000e-01
831000 1.50000e-01 -8.40000e-01
832000 -3.90000e-01 -6.90000e-01
833000 4.50000e-02 -1.00000e+00
834000 -8.00000e-02 -7.10000e-01
835000 -3.00000e-02 -8.30000e-01
836000 -2.20000e-01 -9.10000e-01
837000 3.05000e-01 -7.60000e-01
838000 -4.00000e-02 -7.80000e-01
839000 -4.55000e-01 -8.10000e-01
840000 -1.40000e-01 -7.80000e-01
841000 -4.50000e-02 -7.60000e-01
842000 -1.55000e-01 -9.50000e-01
843000 1.50000e-02 -6.50000e-01
844000 -1.50000e-02 -7.10000e-01
845000 -4.50000e-02 -7.30000e-01
846000 1.05000e-01 -7.60000e-01
847000 -9.50000e-02 -6.40000e-01
848000 2.35000e-01 -7.30000e-01
849000 1.50000e-01 -7.90000e-01
850000 -2.40000e-01 -8.80000e-01
851000 -3.10000e-01 -1.04000e+00
852000 -1.60000e-01 -7.10000e-01
853000 1.70000e-01 -9.20000e-01
854000 -2.00000e-02 -8.10000e-01
855000 3.95000e-01 -9.50000e-01
856000 -1.15000e-01 -8.30000e-01
857000 -4.00000e-02 -7.00000e-01
858000 -2.00000e-02 -7.20000e-01
859000 1.30000e-01 -8.70000e-01
860000 -1.85000e-01 -9.20000e-01
861000 -7.00000e-02 -7.30000e-01
862000 5.00000e-03 -6.30000e-01
863000 1.85000e-01 -9.60000e-01
864000 7.50000e-02 -9.30000e-01
865000 1.25000e-01 -7.60000e-01
866000 -9.00000e-02 -8.50000e-01
867000 -3.40000e-01 -9.30000e-01
868000 2.85000e-01 -7.80000e-01
869000 3.25000e-01 -8.20000e-01
870000 -1.00000e-02 -9.00000e-01
871000 -2.25000e-01 -8.10000e-01
872000 -2.60000e-01 -8.40000e-01
873000 1.45000e-01 -8.90000e-01
874000 2.10000e-01 -8.30000e-01
875000 -2.35000e-01 -8.60000e-01
876000 -1.45000e-01 -7.60000e-01
877000 -6.50000e-02 -7.90000e-01
878000 3.50000e-02 -7.70000e-01
879000 -9.00000e-02 -9.30000e-01
880000 8.50000e-02 -7.80000e-01
881000 -2.50000e-02 -9.00000e-01
882000 -2.50000e-02 -8.80000e-01
883000 1.70000e-01 -8.40000e-01
884000 1.85000e-01 -9.50000e-01
885000 -1.50000e-02 -8.30000e-01
886000 -2.55000e-01 -8.30000e-01
887000 -1.25000e-01 -9.20000e-01
888000 9.00000e-02 -7.70000e-01
889000 3.50000e-02 -9.00000e-01
890000 1.45000e-01 -9.40000e-01
891000 -1.50000e-02 -9.00000e-01
892000 1.65000e-01 -9.10000e-01
893000 -1.15000e-01 -8.20000e-01
894000 -2.15000e-01 -9.20000e-01
895000 6.50000e-02 -6.60000e-01
896000 4.50000e-02 -9.60000e-01
897000 -2.60000e-01 -9.10000e-01
898000 -5.50000e-02 -9.40000e-01
899000 -1.95000e-01 -8.00000e-01
900000 9.00000e-02 -8.00000e-01
901000 -7.50000e-02 -8.70000e-01
902000 -2.55000e-01 -9.50000e-01
903000 -8.00000e-02 -9.00000e-01
904000 -5.00000e-03 -6.90000e-01
905000 -1.75000e-01 -7.20000e-01
906000 -9.50000e-02 -8.00000e-01
907000 -2.75000e-01 -7.30000e-01
908000 -1.95000e-01 -9.10000e-01
909000 7.50000e-02 -7.20000e-01
910000 1.80000e-01 -8.00000e-01
911000 -4.00000e-02 -7.80000e-01
912000 -1.15000e-01 -7.50000e-01
913000 5.50000e-02 -6.50000e-01
914000 1.90000e-01 -8.70000e-01
915000 4.45000e-01 -1.02000e+00
916000 -1.85000e-01 -1.01000e+00
917000 2.15000e-01 -8.10000e-01
918000 -2.50000e-02 -8.90000e-01
919000 1.35000e-01 -9.30000e-01
920000 -1.45000e-01 -6.70000e-01
921000 2.10000e-01 -7.60000e-01
922000 -1.15000e-01 -8.80000e-01
923000 -1.85000e-01 -7.30000e-01
924000 -5.00000e-02 -7.80000e-01
925000 9.00000e-02 -9.90000e-01
926000 1.85000e-01 -8.60000e-01
927000 3.50000e-02 -6.30000e-01
928000 -9.00000e-02 -7.80000e-01
929000 6.50000e-02 -8.30000e-01
930000 -7.50000e-02 -7.50000e-01
931000 1.20000e-01 -8.30000e-01
932000 2.85000e-01 -8.00000e-01
933000 -3.45000e-01 -9.10000e-01
934000 2.80000e-01 -7.80000e-01
935000 -5.50000e-02 -8.00000e-01
936000 -7.50000e-02 -6.90000e-01
937000 9.50000e-02 -5.40000e-01
938000 -1.05000e-01 -7.30000e-01
939000 1.85000e-01 -1.03000e+00
940000 -1.40000e-01 -7.90000e-01
941000 4.00000e-02 -7.50000e-01
942000 -2.80000e-01 -8.00000e-01
943000 -8.00000e-02 -9.80000e-01
944000 4.10000e-01 -8.40000e-01
945000 -3.50000e-02 -8.30000e-01
946000 1.55000e-01 -8.70000e-01
947000 -6.00000e-02 -8.00000e-01
948000 3.00000e-02 -8.10000e-01
949000 8.50000e-02 -7.20000e-01
950000 1.10000e-01 -6.80000e-01
951000 2.85000e-01 -8.70000e-01
952000 2.45000e-01 -1.05000e+00
953000 -8.00000e-02 -8.30000e-01
954000 1.90000e-01 -8.60000e-01
955000 -3.50000e-02 -8.40000e-01
956000 2.00000e-02 -7.60000e-01
957000 -1.50000e-02 -8.40000e-01
958000 3.05000e-01 -8.10000e-01
959000 -9.00000e-02 -9.00000e-01
960000 1.05000e-01 -9.50000e-01
961000 1.10000e-01 -8.30000e-01
962000 1.25000e-01 -8.20000e-01
963000 2.85000e-01 -8.10000e-01
964000 -1.30000e-01 -9.40000e-01
965000 -1.65000e-01 -8.20000e-01
966000 8.00000e-02 -6.30000e-01
967000 5.00000e-02 -7.90000e-01
968000 2.30000e-01 -7.70000e-01
969000 -5.50000e-02 -6.60000e-01
970000 5.00000e-02 -7.10000e-01
971000 -1.65000e-01 -9.10000e-01
972000 2.50000e-01 -8.30000e-01
973000 -1.45000e-01 -9.10000e-01
974000 -1.15000e-01 -7.00000e-01
975000 -1.10000e-01 -6.90000e-01
976000 -2.65000e-01 -8.70000e-01
977000 2.45000e-01 -1.05000e+00
978000 2.65000e-01 -8.00000e-01
979000 3.85000e-01 -9.00000e-01
980000 4.00000e-02 -8.40000e-01
981000 2.10000e-01 -9.30000e-01
982000 1.85000e-01 -7.30000e-01
983000 1.20000e-01 -8.00000e-01
984000 8.50000e-02 -8.80000e-01
985000 -4.45000e-01 -9.60000e-01
986000 -6.00000e-02 -7.50000e-01
987000 -5.50000e-02 -7.90000e-01
988000 -1.90000e-01 -9.20000e-01
989000 -3.65000e-01 -1.08000e+00
990000 -3.45000e-01 -9.50000e-01
991000 2.00000e-02 -8.10000e-01
992000 -1.50000e-02 -7.50000e-01
993000 -3.15000e-01 -8.40000e-01
994000 6.50000e-02 -8.20000e-01
995000 -4.50000e-02 -7.60000e-01
996000 1.70000e-01 -8.30000e-01
997000 -8.00000e-02 -9.10000e-01
998000 1.20000e-01 -9.10000e-01
999000 -6.50000e-02 -9.90000e-01
# The average magnetization is -0.00017
# The average energy per spin is -0.81896
# Program ends.
