=========================================
SLURM_JOB_ID = 60262
SLURM_JOB_NODELIST = node20-78
SLURM_CPUS_ON_NODE = 4
SLURM_JOB_PARTITION = RT
SLURM_TASK_PID = 727665
==========================================
# command: ./a.out -T 3.0 -s 100 
# ISING simulation, NVT Metropolis Monte Carlo
# L = 20, T = 3.000, nCycles 1000000, fSamp 1000, Seed 100
0 -4.50000e-02 -4.80000e-01
1000 2.00000e-02 -9.00000e-01
2000 -4.00000e-02 -9.10000e-01
3000 -1.60000e-01 -7.30000e-01
4000 2.00000e-02 -8.50000e-01
5000 -7.00000e-02 -8.50000e-01
6000 -3.10000e-01 -9.30000e-01
7000 -5.50000e-02 -7.40000e-01
8000 1.45000e-01 -8.00000e-01
9000 2.50000e-02 -8.70000e-01
10000 2.50000e-01 -9.00000e-01
11000 3.50000e-02 -6.80000e-01
12000 1.80000e-01 -7.40000e-01
13000 -3.00000e-01 -9.70000e-01
14000 -6.00000e-02 -8.40000e-01
15000 -9.00000e-02 -6.70000e-01
16000 8.00000e-02 -9.40000e-01
17000 9.00000e-02 -8.80000e-01
18000 -2.50000e-02 -7.50000e-01
19000 5.00000e-03 -7.70000e-01
20000 3.50000e-02 -7.40000e-01
21000 1.15000e-01 -8.10000e-01
22000 2.60000e-01 -8.50000e-01
23000 -3.00000e-02 -8.50000e-01
24000 -1.30000e-01 -8.10000e-01
25000 2.25000e-01 -8.40000e-01
26000 -7.50000e-02 -9.00000e-01
27000 -2.10000e-01 -9.10000e-01
28000 4.50000e-02 -7.10000e-01
29000 1.45000e-01 -8.60000e-01
30000 -7.50000e-02 -6.40000e-01
31000 -1.00000e-01 -8.50000e-01
32000 -2.25000e-01 -8.70000e-01
33000 -1.35000e-01 -7.10000e-01
34000 -1.50000e-01 -8.60000e-01
35000 -1.10000e-01 -9.00000e-01
36000 -3.65000e-01 -9.80000e-01
37000 -3.50000e-02 -7.10000e-01
38000 1.85000e-01 -7.00000e-01
39000 7.50000e-02 -7.50000e-01
40000 -1.00000e-02 -6.80000e-01
41000 6.50000e-02 -8.00000e-01
42000 2.50000e-01 -7.00000e-01
43000 2.25000e-01 -7.20000e-01
44000 -1.30000e-01 -9.10000e-01
45000 -8.00000e-02 -8.20000e-01
46000 7.50000e-02 -8.10000e-01
47000 -1.25000e-01 -9.20000e-01
48000 2.05000e-01 -8.50000e-01
49000 -2.50000e-02 -7.50000e-01
50000 1.75000e-01 -9.10000e-01
51000 4.00000e-02 -8.10000e-01
52000 1.45000e-01 -8.20000e-01
53000 -1.60000e-01 -8.30000e-01
54000 2.60000e-01 -6.70000e-01
55000 -2.70000e-01 -9.20000e-01
56000 -1.70000e-01 -7.50000e-01
57000 1.45000e-01 -8.20000e-01
58000 -1.55000e-01 -8.70000e-01
59000 -8.50000e-02 -8.50000e-01
60000 -9.50000e-02 -9.70000e-01
61000 2.45000e-01 -8.80000e-01
62000 -8.50000e-02 -8.30000e-01
63000 1.05000e-01 -7.50000e-01
64000 -2.50000e-01 -6.90000e-01
65000 1.90000e-01 -8.50000e-01
66000 -2.50000e-02 -8.00000e-01
67000 -1.00000e-02 -6.60000e-01
68000 -1.00000e-01 -8.60000e-01
69000 -4.50000e-02 -7.40000e-01
70000 2.50000e-02 -7.70000e-01
71000 5.00000e-02 -8.10000e-01
72000 2.70000e-01 -9.40000e-01
73000 2.35000e-01 -9.10000e-01
74000 -6.00000e-02 -8.20000e-01
75000 1.60000e-01 -8.00000e-01
76000 -3.00000e-01 -9.40000e-01
77000 -2.10000e-01 -7.70000e-01
78000 9.50000e-02 -9.10000e-01
79000 9.50000e-02 -7.90000e-01
80000 3.50000e-02 -7.70000e-01
81000 -8.00000e-02 -9.40000e-01
82000 1.10000e-01 -7.00000e-01
83000 -7.00000e-02 -9.40000e-01
84000 3.25000e-01 -8.50000e-01
85000 8.50000e-02 -7.70000e-01
86000 1.85000e-01 -7.60000e-01
87000 1.15000e-01 -6.90000e-01
88000 -4.00000e-02 -6.50000e-01
89000 -1.75000e-01 -7.40000e-01
90000 -3.50000e-01 -8.40000e-01
91000 2.75000e-01 -8.70000e-01
92000 -9.00000e-02 -8.80000e-01
93000 -6.50000e-02 -9.70000e-01
94000 -1.70000e-01 -7.60000e-01
95000 1.00000e-01 -8.30000e-01
96000 1.30000e-01 -9.10000e-01
97000 5.00000e-02 -7.90000e-01
98000 -2.80000e-01 -8.10000e-01
99000 4.00000e-02 -7.40000e-01
100000 -6.00000e-02 -8.30000e-01
101000 -6.00000e-02 -6.90000e-01
102000 1.65000e-01 -8.70000e-01
103000 -2.45000e-01 -8.80000e-01
104000 8.50000e-02 -6.50000e-01
105000 -7.00000e-02 -8.40000e-01
106000 1.10000e-01 -7.90000e-01
107000 1.40000e-01 -7.30000e-01
108000 4.50000e-02 -7.90000e-01
109000 -2.00000e-01 -7.70000e-01
110000 -2.05000e-01 -8.10000e-01
111000 -4.00000e-02 -8.20000e-01
112000 6.50000e-02 -7.20000e-01
113000 2.50000e-01 -7.20000e-01
114000 1.15000e-01 -8.40000e-01
115000 2.05000e-01 -8.90000e-01
116000 2.45000e-01 -7.70000e-01
117000 -5.00000e-02 -8.60000e-01
118000 2.50000e-02 -6.40000e-01
119000 -1.40000e-01 -8.40000e-01
120000 -1.45000e-01 -7.40000e-01
121000 1.95000e-01 -8.10000e-01
122000 -2.15000e-01 -7.90000e-01
123000 -7.50000e-02 -7.60000e-01
124000 1.10000e-01 -8.60000e-01
125000 1.10000e-01 -9.20000e-01
126000 1.90000e-01 -6.60000e-01
127000 -1.50000e-02 -5.80000e-01
128000 1.80000e-01 -8.50000e-01
129000 2.15000e-01 -8.50000e-01
130000 1.60000e-01 -8.20000e-01
131000 2.00000e-01 -7.80000e-01
132000 -2.40000e-01 -9.30000e-01
133000 7.00000e-02 -8.00000e-01
134000 1.00000e-01 -6.60000e-01
135000 -2.40000e-01 -8.10000e-01
136000 -9.00000e-02 -7.10000e-01
137000 3.35000e-01 -8.80000e-01
138000 3.50000e-02 -8.70000e-01
139000 -5.00000e-03 -7.10000e-01
140000 -1.05000e-01 -8.30000e-01
141000 1.40000e-01 -7.10000e-01
142000 6.50000e-02 -6.90000e-01
143000 9.00000e-02 -8.50000e-01
144000 -1.15000e-01 -8.70000e-01
145000 -5.00000e-02 -7.70000e-01
146000 -1.85000e-01 -8.50000e-01
147000 -1.50000e-02 -6.70000e-01
148000 1.50000e-02 -8.80000e-01
149000 -1.00000e-01 -7.00000e-01
150000 -1.30000e-01 -9.20000e-01
151000 2.25000e-01 -7.60000e-01
152000 -2.20000e-01 -8.40000e-01
153000 -2.05000e-01 -8.60000e-01
154000 1.50000e-02 -9.00000e-01
155000 3.50000e-02 -8.40000e-01
156000 -3.55000e-01 -1.01000e+00
157000 2.00000e-02 -6.70000e-01
158000 -1.65000e-01 -9.00000e-01
159000 1.10000e-01 -7.90000e-01
160000 -3.20000e-01 -9.10000e-01
161000 -1.35000e-01 -6.70000e-01
162000 -3.00000e-02 -7.50000e-01
163000 -6.50000e-02 -9.00000e-01
164000 3.50000e-02 -7.30000e-01
165000 -4.50000e-02 -8.70000e-01
166000 1.45000e-01 -7.00000e-01
167000 -3.35000e-01 -7.80000e-01
168000 5.00000e-03 -8.30000e-01
169000 -1.70000e-01 -8.90000e-01
170000 -2.00000e-02 -7.00000e-01
171000 1.10000e-01 -8.40000e-01
172000 3.50000e-02 -8.30000e-01
173000 3.50000e-02 -7.40000e-01
174000 -1.20000e-01 -8.50000e-01
175000 2.05000e-01 -9.70000e-01
176000 -8.50000e-02 -6.50000e-01
177000 2.10000e-01 -7.60000e-01
178000 3.70000e-01 -8.30000e-01
179000 -1.20000e-01 -7.00000e-01
180000 -1.10000e-01 -7.80000e-01
181000 -1.45000e-01 -7.70000e-01
182000 2.15000e-01 -8.50000e-01
183000 6.00000e-02 -9.60000e-01
184000 1.90000e-01 -8.20000e-01
185000 -4.00000e-02 -8.50000e-01
186000 1.35000e-01 -9.50000e-01
187000 8.50000e-02 -7.20000e-01
188000 5.00000e-03 -7.30000e-01
189000 8.00000e-02 -8.70000e-01
190000 -1.50000e-02 -8.10000e-01
191000 1.35000e-01 -7.70000e-01
192000 -5.50000e-02 -7.50000e-01
193000 -6.50000e-02 -8.00000e-01
194000 4.00000e-02 -7.10000e-01
195000 1.20000e-01 -8.20000e-01
196000 1.00000e-01 -8.40000e-01
197000 -1.30000e-01 -7.90000e-01
198000 -1.70000e-01 -7.00000e-01
199000 -6.00000e-02 -7.40000e-01
200000 -2.65000e-01 -7.90000e-01
201000 1.30000e-01 -6.70000e-01
202000 1.35000e-01 -8.40000e-01
203000 -2.75000e-01 -8.20000e-01
204000 2.30000e-01 -9.90000e-01
205000 -1.55000e-01 -8.30000e-01
206000 -1.50000e-02 -7.30000e-01
207000 2.40000e-01 -9.00000e-01
208000 -2.35000e-01 -8.40000e-01
209000 -4.50000e-02 -5.80000e-01
210000 -3.00000e-01 -7.70000e-01
211000 -8.50000e-02 -6.90000e-01
212000 -9.00000e-02 -7.60000e-01
213000 6.50000e-02 -7.90000e-01
214000 -5.50000e-02 -5.50000e-01
215000 -3.00000e-02 -8.70000e-01
216000 5.00000e-02 -7.80000e-01
217000 -7.50000e-02 -7.10000e-01
218000 -8.50000e-02 -9.00000e-01
219000 -3.40000e-01 -7.70000e-01
220000 -1.00000e-01 -8.10000e-01
221000 1.00000e-01 -7.70000e-01
222000 -1.20000e-01 -9.10000e-01
223000 -5.00000e-02 -7.80000e-01
224000 4.00000e-02 -8.10000e-01
225000 -2.50000e-02 -9.40000e-01
226000 -2.65000e-01 -9.30000e-01
227000 3.50000e-02 -8.90000e-01
228000 -3.00000e-02 -9.70000e-01
229000 2.75000e-01 -8.90000e-01
230000 1.00000e-02 -7.70000e-01
231000 8.50000e-02 -8.00000e-01
232000 -4.25000e-01 -7.70000e-01
233000 -3.50000e-02 -7.20000e-01
234000 -6.00000e-02 -7.80000e-01
235000 2.05000e-01 -7.60000e-01
236000 -7.00000e-02 -7.90000e-01
237000 -2.35000e-01 -9.10000e-01
238000 7.00000e-02 -6.50000e-01
239000 -1.10000e-01 -8.10000e-01
240000 -1.00000e-02 -8.60000e-01
241000 2.20000e-01 -8.10000e-01
242000 -3.05000e-01 -9.60000e-01
243000 -1.65000e-01 -6.90000e-01
244000 -1.00000e-02 -7.70000e-01
245000 6.50000e-02 -7.30000e-01
246000 -3.50000e-02 -8.30000e-01
247000 1.00000e-02 -7.50000e-01
248000 -1.50000e-02 -7.80000e-01
249000 8.00000e-02 -8.60000e-01
250000 5.00000e-03 -8.30000e-01
251000 -2.65000e-01 -8.10000e-01
252000 -1.00000e-01 -7.40000e-01
253000 3.00000e-02 -9.50000e-01
254000 -3.50000e-02 -9.50000e-01
255000 -2.15000e-01 -9.00000e-01
256000 3.00000e-02 -7.40000e-01
257000 1.10000e-01 -8.80000e-01
258000 1.10000e-01 -7.10000e-01
259000 2.90000e-01 -9.30000e-01
260000 1.90000e-01 -7.80000e-01
261000 -2.00000e-01 -7.60000e-01
262000 1.50000e-01 -7.10000e-01
263000 -3.10000e-01 -7.00000e-01
264000 1.40000e-01 -7.20000e-01
265000 -1.00000e-01 -8.10000e-01
266000 1.00000e-02 -7.40000e-01
267000 -4.00000e-02 -7.50000e-01
268000 2.15000e-01 -9.60000e-01
269000 2.05000e-01 -1.00000e+00
270000 5.50000e-02 -7.30000e-01
271000 1.10000e-01 -6.70000e-01
272000 2.10000e-01 -9.20000e-01
273000 6.50000e-02 -8.40000e-01
274000 -1.45000e-01 -7.30000e-01
275000 4.00000e-02 -7.80000e-01
276000 -5.00000e-02 -8.90000e-01
277000 -1.55000e-01 -7.80000e-01
278000 -1.35000e-01 -7.20000e-01
279000 -3.35000e-01 -8.70000e-01
280000 2.15000e-01 -9.20000e-01
281000 -9.50000e-02 -7.90000e-01
282000 -1.45000e-01 -9.00000e-01
283000 2.50000e-01 -7.80000e-01
284000 -9.50000e-02 -7.50000e-01
285000 1.70000e-01 -8.90000e-01
286000 3.50000e-02 -6.80000e-01
287000 1.05000e-01 -8.30000e-01
288000 7.50000e-02 -6.60000e-01
289000 -2.10000e-01 -7.80000e-01
290000 7.50000e-02 -8.00000e-01
291000 3.35000e-01 -7.30000e-01
292000 3.00000e-01 -8.80000e-01
293000 -7.50000e-02 -7.80000e-01
294000 2.50000e-02 -9.40000e-01
295000 3.65000e-01 -8.50000e-01
296000 -1.40000e-01 -8.00000e-01
297000 -6.50000e-02 -8.20000e-01
298000 -1.45000e-01 -7.50000e-01
299000 2.50000e-02 -6.90000e-01
300000 4.00000e-02 -8.00000e-01
301000 -1.55000e-01 -8.60000e-01
302000 -4.00000e-02 -8.10000e-01
303000 1.45000e-01 -7.60000e-01
304000 6.00000e-02 -6.00000e-01
305000 -1.15000e-01 -8.50000e-01
306000 -1.30000e-01 -7.90000e-01
307000 1.45000e-01 -8.50000e-01
308000 8.50000e-02 -6.80000e-01
309000 2.75000e-01 -7.40000e-01
310000 -8.50000e-02 -6.90000e-01
311000 -9.50000e-02 -8.50000e-01
312000 9.50000e-02 -7.70000e-01
313000 -3.00000e-02 -8.60000e-01
314000 3.00000e-02 -8.40000e-01
315000 -1.75000e-01 -8.90000e-01
316000 -1.80000e-01 -5.80000e-01
317000 7.00000e-02 -1.06000e+00
318000 6.00000e-02 -6.30000e-01
319000 5.50000e-02 -6.10000e-01
320000 -6.00000e-02 -8.70000e-01
321000 9.00000e-02 -7.70000e-01
322000 -1.00000e-02 -7.80000e-01
323000 -9.50000e-02 -7.80000e-01
324000 -1.90000e-01 -9.80000e-01
325000 -1.40000e-01 -8.70000e-01
326000 -7.00000e-02 -9.30000e-01
327000 -7.50000e-02 -8.30000e-01
328000 -1.30000e-01 -8.70000e-01
329000 2.55000e-01 -9.20000e-01
330000 6.00000e-02 -6.50000e-01
331000 -2.60000e-01 -9.60000e-01
332000 -2.45000e-01 -7.70000e-01
333000 -3.65000e-01 -9.20000e-01
334000 -2.60000e-01 -8.40000e-01
335000 -3.15000e-01 -9.60000e-01
336000 -2.60000e-01 -8.70000e-01
337000 5.50000e-02 -7.40000e-01
338000 -5.00000e-03 -8.60000e-01
339000 8.00000e-02 -7.10000e-01
340000 -4.75000e-01 -1.07000e+00
341000 2.50000e-01 -7.20000e-01
342000 1.65000e-01 -9.70000e-01
343000 7.00000e-02 -7.80000e-01
344000 3.50000e-02 -7.10000e-01
345000 -2.00000e-01 -8.40000e-01
346000 1.40000e-01 -8.30000e-01
347000 -5.00000e-02 -7.80000e-01
348000 -3.10000e-01 -9.30000e-01
349000 2.15000e-01 -9.80000e-01
350000 -2.60000e-01 -9.40000e-01
351000 -3.80000e-01 -8.80000e-01
352000 1.50000e-02 -6.60000e-01
353000 9.00000e-02 -8.10000e-01
354000 -2.45000e-01 -9.10000e-01
355000 2.90000e-01 -7.80000e-01
356000 6.50000e-02 -8.90000e-01
357000 -1.00000e-02 -9.10000e-01
358000 -2.20000e-01 -8.20000e-01
359000 -4.50000e-02 -6.70000e-01
360000 2.30000e-01 -8.90000e-01
361000 -7.50000e-02 -9.30000e-01
362000 -1.00000e-01 -9.70000e-01
363000 2.00000e-01 -6.60000e-01
364000 -1.50000e-02 -7.80000e-01
365000 1.25000e-01 -7.90000e-01
366000 2.35000e-01 -9.30000e-01
367000 -5.50000e-02 -8.40000e-01
368000 2.50000e-02 -8.90000e-01
369000 1.20000e-01 -8.60000e-01
370000 2.35000e-01 -8.50000e-01
371000 -1.00000e-02 -7.10000e-01
372000 -8.00000e-02 -8.40000e-01
373000 1.20000e-01 -7.20000e-01
374000 9.50000e-02 -1.01000e+00
375000 -1.45000e-01 -9.80000e-01
376000 2.05000e-01 -7.00000e-01
377000 -3.55000e-01 -9.10000e-01
378000 0.00000e+00 -8.30000e-01
379000 3.50000e-02 -7.20000e-01
380000 -1.60000e-01 -8.20000e-01
381000 6.00000e-02 -8.50000e-01
382000 9.00000e-02 -7.10000e-01
383000 2.15000e-01 -8.70000e-01
384000 -6.00000e-02 -8.30000e-01
385000 -1.15000e-01 -8.70000e-01
386000 -1.00000e-01 -8.20000e-01
387000 1.15000e-01 -7.50000e-01
388000 -1.25000e-01 -8.00000e-01
389000 3.05000e-01 -8.30000e-01
390000 1.00000e-01 -6.50000e-01
391000 2.75000e-01 -8.80000e-01
392000 -4.00000e-02 -8.40000e-01
393000 -5.20000e-01 -1.02000e+00
394000 6.50000e-02 -8.90000e-01
395000 4.50000e-02 -7.50000e-01
396000 -1.55000e-01 -8.20000e-01
397000 7.50000e-02 -7.90000e-01
398000 -2.50000e-02 -9.00000e-01
399000 -4.50000e-02 -8.10000e-01
400000 3.85000e-01 -9.10000e-01
401000 -1.00000e-01 -8.10000e-01
402000 2.65000e-01 -8.30000e-01
403000 2.55000e-01 -1.03000e+00
404000 3.50000e-02 -8.60000e-01
405000 4.00000e-02 -8.80000e-01
406000 -1.65000e-01 -9.10000e-01
407000 2.30000e-01 -7.40000e-01
408000 2.40000e-01 -9.10000e-01
409000 6.50000e-02 -7.20000e-01
410000 2.45000e-01 -7.90000e-01
411000 -3.50000e-01 -1.07000e+00
412000 -3.10000e-01 -7.60000e-01
413000 2.50000e-02 -7.60000e-01
414000 -5.00000e-03 -9.10000e-01
415000 3.30000e-01 -8.60000e-01
416000 -1.85000e-01 -7.80000e-01
417000 5.00000e-03 -7.50000e-01
418000 1.50000e-01 -8.40000e-01
419000 -2.10000e-01 -8.30000e-01
420000 0.00000e+00 -7.90000e-01
421000 -8.00000e-02 -8.20000e-01
422000 -1.85000e-01 -7.70000e-01
423000 -4.50000e-02 -7.80000e-01
424000 1.75000e-01 -7.30000e-01
425000 -4.00000e-02 -7.70000e-01
426000 3.00000e-01 -9.80000e-01
427000 2.15000e-01 -7.70000e-01
428000 1.70000e-01 -9.30000e-01
429000 -3.50000e-02 -7.50000e-01
430000 -1.05000e-01 -9.40000e-01
431000 1.45000e-01 -8.10000e-01
432000 8.00000e-02 -6.60000e-01
433000 -8.50000e-02 -1.02000e+00
434000 5.00000e-02 -8.50000e-01
435000 2.85000e-01 -8.30000e-01
436000 1.50000e-02 -7.40000e-01
437000 -1.80000e-01 -7.50000e-01
438000 -5.50000e-02 -7.50000e-01
439000 1.25000e-01 -7.20000e-01
440000 1.80000e-01 -8.70000e-01
441000 -2.10000e-01 -8.60000e-01
442000 -5.50000e-02 -8.20000e-01
443000 9.50000e-02 -6.50000e-01
444000 -3.35000e-01 -8.80000e-01
445000 -1.65000e-01 -8.80000e-01
446000 5.00000e-02 -7.70000e-01
447000 -1.90000e-01 -7.40000e-01
448000 3.50000e-01 -9.20000e-01
449000 -6.50000e-02 -8.00000e-01
450000 -2.25000e-01 -8.50000e-01
451000 -6.50000e-02 -8.00000e-01
452000 2.00000e-01 -8.30000e-01
453000 1.10000e-01 -8.70000e-01
454000 4.50000e-02 -9.50000e-01
455000 2.80000e-01 -8.70000e-01
456000 1.10000e-01 -7.00000e-01
457000 -2.85000e-01 -1.07000e+00
458000 -2.00000e-02 -7.70000e-01
459000 -1.70000e-01 -8.70000e-01
460000 -1.50000e-01 -6.40000e-01
461000 -5.50000e-02 -8.90000e-01
462000 -1.00000e-01 -8.60000e-01
463000 -7.50000e-02 -8.30000e-01
464000 8.00000e-02 -8.60000e-01
465000 3.15000e-01 -9.20000e-01
466000 4.70000e-01 -8.60000e-01
467000 2.60000e-01 -8.20000e-01
468000 -1.10000e-01 -8.00000e-01
469000 -2.35000e-01 -8.70000e-01
470000 -8.50000e-02 -9.30000e-01
471000 2.25000e-01 -1.10000e+00
472000 -1.00000e-01 -1.01000e+00
473000 -4.50000e-02 -7.80000e-01
474000 1.60000e-01 -7.60000e-01
475000 -2.20000e-01 -9.40000e-01
476000 2.50000e-02 -8.90000e-01
477000 1.95000e-01 -8.10000e-01
478000 5.00000e-03 -8.70000e-01
479000 -1.80000e-01 -1.10000e+00
480000 -1.10000e-01 -8.40000e-01
481000 1.35000e-01 -7.50000e-01
482000 1.30000e-01 -7.70000e-01
483000 -2.35000e-01 -9.60000e-01
484000 6.00000e-02 -8.50000e-01
485000 -2.50000e-02 -8.80000e-01
486000 2.50000e-01 -9.70000e-01
487000 -3.20000e-01 -9.00000e-01
488000 -1.50000e-02 -8.40000e-01
489000 -5.50000e-02 -1.06000e+00
490000 -2.15000e-01 -9.50000e-01
491000 1.55000e-01 -8.70000e-01
492000 -7.50000e-02 -7.80000e-01
493000 4.00000e-01 -9.80000e-01
494000 2.10000e-01 -7.70000e-01
495000 -1.75000e-01 -8.90000e-01
496000 -1.30000e-01 -7.90000e-01
497000 5.00000e-03 -7.60000e-01
498000 8.50000e-02 -8.50000e-01
499000 9.00000e-02 -7.80000e-01
500000 4.50000e-02 -7.80000e-01
501000 1.15000e-01 -8.90000e-01
502000 -1.15000e-01 -7.80000e-01
503000 -2.50000e-02 -8.60000e-01
504000 -1.00000e-02 -9.20000e-01
505000 2.00000e-01 -8.60000e-01
506000 4.00000e-02 -9.30000e-01
507000 -7.00000e-02 -5.80000e-01
508000 1.85000e-01 -6.30000e-01
509000 -3.75000e-01 -9.70000e-01
510000 -5.00000e-03 -7.30000e-01
511000 -8.00000e-02 -9.10000e-01
512000 -3.50000e-02 -8.20000e-01
513000 2.50000e-02 -6.50000e-01
514000 8.00000e-02 -7.10000e-01
515000 -8.50000e-02 -8.90000e-01
516000 -2.25000e-01 -7.60000e-01
517000 5.00000e-03 -1.14000e+00
518000 -2.10000e-01 -8.80000e-01
519000 1.50000e-02 -8.60000e-01
520000 -8.50000e-02 -7.90000e-01
521000 -2.20000e-01 -6.80000e-01
522000 -1.05000e-01 -9.00000e-01
523000 -6.00000e-02 -5.90000e-01
524000 -1.60000e-01 -7.40000e-01
525000 2.35000e-01 -8.40000e-01
526000 6.00000e-02 -9.00000e-01
527000 2.30000e-01 -6.80000e-01
528000 -1.45000e-01 -7.20000e-01
529000 3.50000e-02 -8.00000e-01
530000 -3.00000e-02 -8.20000e-01
531000 3.00000e-02 -7.70000e-01
532000 -5.00000e-03 -8.00000e-01
533000 -1.40000e-01 -8.10000e-01
534000 -6.50000e-02 -8.60000e-01
535000 -3.35000e-01 -8.60000e-01
536000 -3.50000e-02 -7.10000e-01
537000 -1.55000e-01 -6.90000e-01
538000 -1.90000e-01 -8.40000e-01
539000 -2.60000e-01 -7.80000e-01
540000 2.15000e-01 -9.70000e-01
541000 1.00000e-02 -7.10000e-01
542000 1.30000e-01 -6.90000e-01
543000 -1.30000e-01 -8.60000e-01
544000 3.45000e-01 -7.70000e-01
545000 1.45000e-01 -9.20000e-01
546000 -2.70000e-01 -7.80000e-01
547000 6.00000e-02 -6.80000e-01
548000 -1.00000e-02 -7.60000e-01
549000 2.80000e-01 -6.30000e-01
550000 7.00000e-02 -7.40000e-01
551000 -3.00000e-02 -6.20000e-01
552000 -1.05000e-01 -7.60000e-01
553000 -3.00000e-02 -8.80000e-01
554000 2.90000e-01 -8.80000e-01
555000 1.50000e-02 -6.40000e-01
556000 -2.15000e-01 -7.70000e-01
557000 -3.30000e-01 -8.30000e-01
558000 1.80000e-01 -8.10000e-01
559000 1.80000e-01 -7.30000e-01
560000 1.25000e-01 -9.90000e-01
561000 1.65000e-01 -8.30000e-01
562000 -1.00000e-02 -8.30000e-01
563000 7.00000e-02 -7.50000e-01
564000 -2.50000e-02 -8.40000e-01
565000 5.00000e-03 -7.90000e-01
566000 -1.00000e-01 -8.50000e-01
567000 1.00000e-01 -8.50000e-01
568000 -3.05000e-01 -8.50000e-01
569000 -4.00000e-02 -6.90000e-01
570000 -3.35000e-01 -8.50000e-01
571000 1.60000e-01 -9.50000e-01
572000 -3.15000e-01 -9.60000e-01
573000 9.00000e-02 -6.90000e-01
574000 -1.40000e-01 -7.70000e-01
575000 -1.45000e-01 -7.80000e-01
576000 -6.50000e-02 -9.50000e-01
577000 -1.65000e-01 -8.60000e-01
578000 -8.00000e-02 -8.50000e-01
579000 -1.15000e-01 -7.20000e-01
580000 1.30000e-01 -7.70000e-01
581000 -7.00000e-02 -7.20000e-01
582000 -1.00000e-01 -7.30000e-01
583000 1.45000e-01 -7.00000e-01
584000 1.70000e-01 -9.30000e-01
585000 8.50000e-02 -8.10000e-01
586000 -5.50000e-02 -7.80000e-01
587000 -4.55000e-01 -9.60000e-01
588000 -1.10000e-01 -7.30000e-01
589000 -4.85000e-01 -9.20000e-01
590000 2.00000e-01 -7.40000e-01
591000 -9.50000e-02 -7.50000e-01
592000 -2.05000e-01 -7.80000e-01
593000 3.00000e-01 -9.40000e-01
594000 3.10000e-01 -8.70000e-01
595000 9.50000e-02 -8.50000e-01
596000 -2.05000e-01 -7.80000e-01
597000 1.50000e-01 -8.50000e-01
598000 4.00000e-02 -7.20000e-01
599000 -2.85000e-01 -8.10000e-01
600000 7.00000e-02 -7.70000e-01
601000 -3.50000e-02 -8.90000e-01
602000 -1.30000e-01 -9.10000e-01
603000 1.75000e-01 -9.20000e-01
604000 -9.50000e-02 -9.00000e-01
605000 -1.15000e-01 -7.80000e-01
606000 -7.00000e-02 -8.50000e-01
607000 2.45000e-01 -8.20000e-01
608000 -5.00000e-03 -7.50000e-01
609000 4.35000e-01 -9.30000e-01
610000 6.00000e-02 -9.50000e-01
611000 4.00000e-02 -8.10000e-01
612000 4.00000e-02 -6.90000e-01
613000 4.85000e-01 -1.01000e+00
614000 1.55000e-01 -6.50000e-01
615000 -2.50000e-02 -8.80000e-01
616000 1.05000e-01 -7.90000e-01
617000 -1.90000e-01 -6.60000e-01
618000 6.00000e-02 -7.70000e-01
619000 -6.50000e-02 -8.80000e-01
620000 1.70000e-01 -7.90000e-01
621000 1.35000e-01 -9.80000e-01
622000 1.45000e-01 -7.70000e-01
623000 2.30000e-01 -7.60000e-01
624000 3.00000e-02 -7.60000e-01
625000 2.45000e-01 -9.00000e-01
626000 5.50000e-02 -8.40000e-01
627000 7.50000e-02 -8.10000e-01
628000 -1.25000e-01 -9.20000e-01
629000 -5.00000e-02 -8.60000e-01
630000 3.00000e-02 -9.30000e-01
631000 2.45000e-01 -1.01000e+00
632000 -4.15000e-01 -9.70000e-01
633000 1.40000e-01 -7.50000e-01
634000 -1.05000e-01 -7.80000e-01
635000 -8.00000e-02 -7.50000e-01
636000 -1.15000e-01 -7.60000e-01
637000 -1.50000e-02 -9.60000e-01
638000 -1.10000e-01 -7.80000e-01
639000 -3.30000e-01 -8.20000e-01
640000 -9.00000e-02 -8.70000e-01
641000 -1.35000e-01 -7.80000e-01
642000 -7.00000e-02 -8.70000e-01
643000 -1.65000e-01 -7.20000e-01
644000 2.50000e-02 -9.20000e-01
645000 3.50000e-02 -9.00000e-01
646000 -8.00000e-02 -7.50000e-01
647000 -8.50000e-02 -6.60000e-01
648000 -1.90000e-01 -8.50000e-01
649000 0.00000e+00 -7.90000e-01
650000 3.90000e-01 -1.00000e+00
651000 2.50000e-01 -7.70000e-01
652000 1.65000e-01 -8.00000e-01
653000 1.50000e-02 -6.40000e-01
654000 -1.75000e-01 -7.50000e-01
655000 1.30000e-01 -7.40000e-01
656000 1.25000e-01 -8.40000e-01
657000 -3.50000e-02 -6.40000e-01
658000 -3.50000e-02 -8.60000e-01
659000 -2.10000e-01 -8.90000e-01
660000 3.00000e-02 -8.30000e-01
661000 -3.50000e-01 -9.00000e-01
662000 2.70000e-01 -7.80000e-01
663000 1.00000e-02 -7.20000e-01
664000 1.55000e-01 -9.60000e-01
665000 1.00000e-02 -7.20000e-01
666000 7.50000e-02 -7.30000e-01
667000 -1.50000e-02 -6.50000e-01
668000 1.00000e-02 -7.40000e-01
669000 -1.35000e-01 -8.30000e-01
670000 2.10000e-01 -8.90000e-01
671000 1.60000e-01 -8.70000e-01
672000 -1.50000e-01 -7.90000e-01
673000 -2.55000e-01 -8.20000e-01
674000 -5.00000e-02 -7.60000e-01
675000 -1.45000e-01 -9.00000e-01
676000 1.15000e-01 -8.90000e-01
677000 1.90000e-01 -8.00000e-01
678000 1.15000e-01 -8.70000e-01
679000 -8.00000e-02 -7.60000e-01
680000 2.40000e-01 -9.70000e-01
681000 -2.70000e-01 -7.80000e-01
682000 -3.05000e-01 -8.60000e-01
683000 7.00000e-02 -6.80000e-01
684000 -5.00000e-03 -8.10000e-01
685000 2.25000e-01 -7.60000e-01
686000 3.90000e-01 -9.10000e-01
687000 8.00000e-02 -8.10000e-01
688000 1.80000e-01 -7.90000e-01
689000 3.50000e-02 -7.00000e-01
690000 -1.15000e-01 -8.20000e-01
691000 1.05000e-01 -7.60000e-01
692000 1.30000e-01 -6.70000e-01
693000 4.00000e-02 -8.10000e-01
694000 -7.00000e-02 -7.90000e-01
695000 7.00000e-02 -6.80000e-01
696000 2.10000e-01 -8.10000e-01
697000 -1.85000e-01 -7.70000e-01
698000 -1.40000e-01 -8.20000e-01
699000 -2.90000e-01 -9.00000e-01
700000 3.60000e-01 -1.01000e+00
701000 -2.45000e-01 -9.90000e-01
702000 -1.30000e-01 -7.20000e-01
703000 -1.25000e-01 -8.70000e-01
704000 1.10000e-01 -1.01000e+00
705000 1.75000e-01 -9.10000e-01
706000 -5.00000e-03 -8.60000e-01
707000 -1.15000e-01 -8.70000e-01
708000 -1.55000e-01 -7.90000e-01
709000 3.40000e-01 -8.10000e-01
710000 2.10000e-01 -7.60000e-01
711000 -9.00000e-02 -9.80000e-01
712000 -1.20000e-01 -7.10000e-01
713000 1.80000e-01 -7.00000e-01
714000 -1.05000e-01 -7.90000e-01
715000 -6.00000e-02 -8.50000e-01
716000 -2.60000e-01 -8.60000e-01
717000 -4.00000e-02 -8.20000e-01
718000 7.00000e-02 -9.00000e-01
719000 1.45000e-01 -9.10000e-01
720000 3.00000e-02 -8.50000e-01
721000 -9.50000e-02 -8.80000e-01
722000 2.25000e-01 -7.90000e-01
723000 2.10000e-01 -7.60000e-01
724000 1.75000e-01 -9.30000e-01
725000 0.00000e+00 -8.40000e-01
726000 1.00000e-02 -6.60000e-01
727000 -1.75000e-01 -8.20000e-01
728000 1.50000e-01 -7.70000e-01
729000 -1.35000e-01 -9.20000e-01
730000 3.50000e-02 -7.10000e-01
731000 -2.30000e-01 -9.90000e-01
732000 2.50000e-02 -7.60000e-01
733000 1.50000e-01 -7.70000e-01
734000 0.00000e+00 -6.90000e-01
735000 4.50000e-02 -7.80000e-01
736000 -3.50000e-02 -7.00000e-01
737000 -1.00000e-01 -7.70000e-01
738000 2.00000e-02 -7.50000e-01
739000 -6.00000e-02 -7.50000e-01
740000 -1.50000e-02 -8.50000e-01
741000 1.10000e-01 -7.50000e-01
742000 3.00000e-02 -7.10000e-01
743000 -8.00000e-02 -7.00000e-01
744000 1.05000e-01 -8.10000e-01
745000 2.50000e-02 -7.60000e-01
746000 3.50000e-02 -9.00000e-01
747000 -2.25000e-01 -8.00000e-01
748000 8.00000e-02 -6.50000e-01
749000 -2.00000e-02 -7.50000e-01
750000 -2.15000e-01 -6.50000e-01
751000 1.50000e-01 -9.50000e-01
752000 -1.05000e-01 -7.60000e-01
753000 -1.85000e-01 -8.10000e-01
754000 2.00000e-02 -8.50000e-01
755000 -3.80000e-01 -8.60000e-01
756000 -1.30000e-01 -6.90000e-01
757000 -3.20000e-01 -9.30000e-01
758000 -1.00000e-02 -6.90000e-01
759000 1.95000e-01 -8.50000e-01
760000 4.00000e-02 -9.80000e-01
761000 -2.45000e-01 -7.60000e-01
762000 1.00000e-02 -8.60000e-01
763000 2.50000e-02 -5.90000e-01
764000 1.00000e-01 -6.00000e-01
765000 -5.00000e-02 -7.60000e-01
766000 -7.00000e-02 -7.30000e-01
767000 -4.50000e-02 -8.40000e-01
768000 7.00000e-02 -7.40000e-01
769000 2.35000e-01 -9.60000e-01
770000 -1.95000e-01 -9.30000e-01
771000 4.50000e-02 -8.20000e-01
772000 -2.35000e-01 -7.50000e-01
773000 9.00000e-02 -7.20000e-01
774000 4.00000e-02 -8.50000e-01
775000 1.95000e-01 -8.00000e-01
776000 -5.50000e-02 -6.10000e-01
777000 -1.55000e-01 -7.90000e-01
778000 2.05000e-01 -8.10000e-01
779000 -2.70000e-01 -7.70000e-01
780000 1.00000e-02 -8.70000e-01
781000 6.00000e-02 -8.60000e-01
782000 2.00000e-02 -9.40000e-01
783000 2.00000e-01 -8.90000e-01
784000 -2.50000e-02 -9.50000e-01
785000 3.50000e-02 -9.10000e-01
786000 -3.45000e-01 -8.10000e-01
787000 1.30000e-01 -7.40000e-01
788000 2.50000e-01 -6.90000e-01
789000 -2.45000e-01 -8.10000e-01
790000 2.00000e-02 -7.80000e-01
791000 -3.50000e-02 -9.10000e-01
792000 1.35000e-01 -9.00000e-01
793000 0.00000e+00 -7.40000e-01
794000 2.20000e-01 -8.00000e-01
795000 -4.00000e-02 -8.90000e-01
796000 2.10000e-01 -7.00000e-01
797000 -2.50000e-02 -8.40000e-01
798000 -6.50000e-02 -5.70000e-01
799000 3.50000e-01 -1.01000e+00
800000 -1.35000e-01 -7.50000e-01
801000 -1.35000e-01 -8.20000e-01
802000 1.70000e-01 -9.00000e-01
803000 -9.00000e-02 -1.00000e+00
804000 5.50000e-02 -8.20000e-01
805000 1.95000e-01 -8.30000e-01
806000 -3.30000e-01 -8.30000e-01
807000 -1.85000e-01 -7.30000e-01
808000 -1.40000e-01 -8.00000e-01
809000 -1.90000e-01 -1.01000e+00
810000 -4.35000e-01 -9.90000e-01
811000 -2.50000e-01 -9.20000e-01
812000 1.25000e-01 -6.50000e-01
813000 2.40000e-01 -7.80000e-01
814000 8.50000e-02 -7.10000e-01
815000 8.50000e-02 -8.60000e-01
816000 -3.50000e-02 -7.20000e-01
817000 1.00000e-01 -8.30000e-01
818000 -8.00000e-02 -7.30000e-01
819000 1.00000e-01 -9.00000e-01
820000 1.55000e-01 -7.10000e-01
821000 -5.00000e-02 -7.80000e-01
822000 -1.10000e-01 -8.30000e-01
823000 -2.50000e-02 -7.90000e-01
824000 -3.50000e-02 -7.10000e-01
825000 -8.50000e-02 -7.70000e-01
826000 1.20000e-01 -1.07000e+00
827000 -1.35000e-01 -8.20000e-01
828000 -1.25000e-01 -8.80000e-01
829000 -1.50000e-01 -8.90000e-01
830000 8.00000e-02 -9.20000e-01
831000 9.00000e-02 -8.90000e-01
832000 -7.00000e-02 -7.50000e-01
833000 1.85000e-01 -7.30000e-01
834000 1.15000e-01 -8.10000e-01
835000 1.45000e-01 -8.60000e-01
836000 -1.80000e-01 -8.00000e-01
837000 -2.30000e-01 -8.10000e-01
838000 -1.80000e-01 -9.00000e-01
839000 7.00000e-02 -7.70000e-01
840000 5.85000e-01 -1.14000e+00
841000 -2.50000e-02 -8.00000e-01
842000 -2.00000e-02 -8.10000e-01
843000 2.55000e-01 -9.40000e-01
844000 3.40000e-01 -7.80000e-01
845000 3.60000e-01 -9.80000e-01
846000 6.50000e-02 -8.10000e-01
847000 1.35000e-01 -9.00000e-01
848000 1.60000e-01 -9.50000e-01
849000 4.50000e-02 -7.70000e-01
850000 -2.50000e-01 -9.10000e-01
851000 5.50000e-02 -7.90000e-01
852000 7.50000e-02 -7.70000e-01
853000 1.90000e-01 -6.90000e-01
854000 8.00000e-02 -7.80000e-01
855000 1.15000e-01 -8.20000e-01
856000 -2.50000e-01 -7.50000e-01
857000 1.00000e-01 -8.50000e-01
858000 1.05000e-01 -7.20000e-01
859000 1.25000e-01 -8.30000e-01
860000 9.00000e-02 -9.00000e-01
861000 -2.05000e-01 -6.70000e-01
862000 2.00000e-02 -1.04000e+00
863000 1.40000e-01 -8.20000e-01
864000 -1.00000e-02 -8.40000e-01
865000 -8.00000e-02 -7.20000e-01
866000 1.00000e-02 -8.20000e-01
867000 -1.50000e-02 -7.60000e-01
868000 -4.50000e-02 -7.70000e-01
869000 3.00000e-02 -7.40000e-01
870000 6.00000e-02 -9.00000e-01
871000 -1.00000e-01 -1.01000e+00
872000 2.10000e-01 -9.20000e-01
873000 1.65000e-01 -8.80000e-01
874000 5.00000e-02 -8.00000e-01
875000 2.60000e-01 -9.20000e-01
876000 -1.00000e-02 -8.20000e-01
877000 6.00000e-02 -7.70000e-01
878000 -1.20000e-01 -8.00000e-01
879000 -2.15000e-01 -1.02000e+00
880000 6.00000e-02 -8.20000e-01
881000 -5.50000e-02 -6.70000e-01
882000 9.50000e-02 -8.40000e-01
883000 -1.35000e-01 -6.50000e-01
884000 -1.55000e-01 -7.70000e-01
885000 7.50000e-02 -8.30000e-01
886000 -8.00000e-02 -7.30000e-01
887000 -1.90000e-01 -7.20000e-01
888000 1.60000e-01 -8.40000e-01
889000 2.70000e-01 -1.06000e+00
890000 2.40000e-01 -7.60000e-01
891000 1.75000e-01 -7.50000e-01
892000 -1.15000e-01 -8.40000e-01
893000 1.35000e-01 -7.50000e-01
894000 -2.55000e-01 -8.50000e-01
895000 -5.00000e-03 -9.90000e-01
896000 4.00000e-02 -7.50000e-01
897000 -1.90000e-01 -8.20000e-01
898000 -8.00000e-02 -7.00000e-01
899000 1.30000e-01 -6.80000e-01
900000 -2.35000e-01 -8.50000e-01
901000 -2.45000e-01 -6.20000e-01
902000 -2.35000e-01 -7.80000e-01
903000 -4.50000e-02 -9.10000e-01
904000 2.25000e-01 -7.90000e-01
905000 -1.60000e-01 -7.90000e-01
906000 -2.05000e-01 -8.90000e-01
907000 1.95000e-01 -7.90000e-01
908000 3.20000e-01 -9.50000e-01
909000 2.30000e-01 -7.50000e-01
910000 -1.20000e-01 -8.50000e-01
911000 1.60000e-01 -7.20000e-01
912000 1.00000e-02 -7.70000e-01
913000 -1.40000e-01 -7.90000e-01
914000 2.00000e-02 -8.80000e-01
915000 -3.15000e-01 -7.90000e-01
916000 1.00000e-01 -8.90000e-01
917000 -1.25000e-01 -6.90000e-01
918000 -1.60000e-01 -8.60000e-01
919000 1.30000e-01 -8.30000e-01
920000 -9.00000e-02 -9.00000e-01
921000 -9.00000e-02 -7.70000e-01
922000 1.75000e-01 -8.90000e-01
923000 4.00000e-01 -8.80000e-01
924000 -2.65000e-01 -8.50000e-01
925000 -2.10000e-01 -8.70000e-01
926000 7.00000e-02 -8.30000e-01
927000 -1.80000e-01 -7.80000e-01
928000 -7.00000e-02 -8.10000e-01
929000 1.00000e-02 -8.30000e-01
930000 2.65000e-01 -8.70000e-01
931000 9.00000e-02 -8.60000e-01
932000 1.50000e-01 -7.80000e-01
933000 -1.75000e-01 -7.20000e-01
934000 9.50000e-02 -7.90000e-01
935000 -1.95000e-01 -8.20000e-01
936000 2.60000e-01 -1.00000e+00
937000 -6.50000e-02 -6.80000e-01
938000 -1.20000e-01 -7.70000e-01
939000 -1.15000e-01 -7.60000e-01
940000 1.35000e-01 -8.70000e-01
941000 -5.50000e-02 -8.60000e-01
942000 6.50000e-02 -8.80000e-01
943000 4.00000e-02 -7.60000e-01
944000 -2.35000e-01 -7.60000e-01
945000 -1.15000e-01 -9.40000e-01
946000 2.60000e-01 -9.00000e-01
947000 -1.00000e-01 -7.20000e-01
948000 -5.00000e-02 -7.50000e-01
949000 -7.00000e-02 -7.10000e-01
950000 1.50000e-02 -8.50000e-01
951000 -1.60000e-01 -7.50000e-01
952000 9.50000e-02 -6.90000e-01
953000 -4.75000e-01 -8.90000e-01
954000 -3.75000e-01 -9.70000e-01
955000 1.85000e-01 -8.40000e-01
956000 -9.50000e-02 -9.60000e-01
957000 2.50000e-02 -9.20000e-01
958000 -1.85000e-01 -1.01000e+00
959000 5.00000e-02 -9.50000e-01
960000 -1.00000e-01 -7.50000e-01
961000 -2.55000e-01 -8.10000e-01
962000 3.70000e-01 -9.30000e-01
963000 1.30000e-01 -7.50000e-01
964000 -1.40000e-01 -8.00000e-01
965000 2.50000e-02 -7.30000e-01
966000 0.00000e+00 -7.60000e-01
967000 -9.00000e-02 -1.00000e+00
968000 2.70000e-01 -9.70000e-01
969000 -1.00000e-02 -9.80000e-01
970000 8.00000e-02 -9.10000e-01
971000 -5.00000e-02 -9.10000e-01
972000 -2.05000e-01 -8.60000e-01
973000 3.50000e-02 -8.50000e-01
974000 -2.15000e-01 -7.00000e-01
975000 5.00000e-03 -1.04000e+00
976000 6.50000e-02 -8.90000e-01
977000 -6.50000e-02 -7.90000e-01
978000 4.05000e-01 -8.80000e-01
979000 -1.95000e-01 -7.40000e-01
980000 7.50000e-02 -9.60000e-01
981000 -1.40000e-01 -8.70000e-01
982000 2.15000e-01 -8.00000e-01
983000 -7.50000e-02 -8.20000e-01
984000 1.00000e-02 -6.80000e-01
985000 -3.20000e-01 -9.50000e-01
986000 2.15000e-01 -8.20000e-01
987000 -9.50000e-02 -8.10000e-01
988000 -5.00000e-02 -6.90000e-01
989000 -2.30000e-01 -8.90000e-01
990000 -2.85000e-01 -9.10000e-01
991000 1.25000e-01 -8.20000e-01
992000 2.05000e-01 -8.90000e-01
993000 -1.60000e-01 -9.00000e-01
994000 1.80000e-01 -8.10000e-01
995000 -1.60000e-01 -6.90000e-01
996000 -8.50000e-02 -8.00000e-01
997000 4.00000e-02 -8.00000e-01
998000 2.00000e-02 -7.40000e-01
999000 1.35000e-01 -7.40000e-01
# The average magnetization is -0.00247
# The average energy per spin is -0.81748
# Program ends.
