=========================================
SLURM_JOB_ID = 60367
SLURM_JOB_NODELIST = node20-78
SLURM_CPUS_ON_NODE = 4
SLURM_JOB_PARTITION = RT
SLURM_TASK_PID = 729494
==========================================
# command: ./a.out -T 3.0 -s 12345 
# ISING simulation, NVT Metropolis Monte Carlo
# L = 20, T = 3.000, nCycles 1000000, fSamp 1000, Seed 12345
0 1.80000e-01 -4.80000e-01
1000 -1.80000e-01 -8.60000e-01
2000 1.35000e-01 -6.80000e-01
3000 8.50000e-02 -8.20000e-01
4000 -2.55000e-01 -6.70000e-01
5000 2.55000e-01 -8.40000e-01
6000 3.00000e-02 -8.10000e-01
7000 -3.00000e-01 -8.90000e-01
8000 3.55000e-01 -7.90000e-01
9000 -1.00000e-01 -8.90000e-01
10000 -1.70000e-01 -1.02000e+00
11000 2.25000e-01 -8.80000e-01
12000 2.10000e-01 -9.10000e-01
13000 -1.30000e-01 -8.00000e-01
14000 -3.85000e-01 -8.00000e-01
15000 -1.55000e-01 -7.10000e-01
16000 3.00000e-02 -6.80000e-01
17000 4.00000e-02 -8.00000e-01
18000 5.50000e-02 -8.80000e-01
19000 -5.00000e-03 -7.30000e-01
20000 1.25000e-01 -8.00000e-01
21000 1.40000e-01 -9.20000e-01
22000 -1.15000e-01 -7.80000e-01
23000 1.40000e-01 -7.40000e-01
24000 -5.50000e-02 -7.50000e-01
25000 3.65000e-01 -1.03000e+00
26000 -9.50000e-02 -9.20000e-01
27000 -3.50000e-02 -7.20000e-01
28000 -1.05000e-01 -7.40000e-01
29000 -9.50000e-02 -6.50000e-01
30000 2.15000e-01 -7.40000e-01
31000 -6.00000e-02 -7.90000e-01
32000 -2.50000e-02 -8.20000e-01
33000 7.50000e-02 -1.05000e+00
34000 1.55000e-01 -9.10000e-01
35000 -2.70000e-01 -7.30000e-01
36000 1.45000e-01 -8.50000e-01
37000 2.05000e-01 -9.00000e-01
38000 -5.50000e-02 -8.50000e-01
39000 7.50000e-02 -8.60000e-01
40000 1.75000e-01 -9.50000e-01
41000 2.90000e-01 -8.80000e-01
42000 -1.00000e-02 -8.10000e-01
43000 2.05000e-01 -6.20000e-01
44000 -6.50000e-02 -8.60000e-01
45000 1.50000e-02 -7.60000e-01
46000 3.45000e-01 -9.50000e-01
47000 1.50000e-02 -8.60000e-01
48000 2.75000e-01 -8.20000e-01
49000 -1.50000e-01 -7.70000e-01
50000 1.55000e-01 -1.05000e+00
51000 -5.00000e-02 -8.00000e-01
52000 -1.20000e-01 -9.20000e-01
53000 -1.25000e-01 -8.30000e-01
54000 -1.00000e-02 -9.00000e-01
55000 4.20000e-01 -9.90000e-01
56000 -1.30000e-01 -8.30000e-01
57000 1.15000e-01 -8.20000e-01
58000 -4.50000e-02 -7.60000e-01
59000 8.50000e-02 -9.20000e-01
60000 -2.00000e-02 -7.90000e-01
61000 1.00000e-01 -7.50000e-01
62000 -1.00000e-02 -8.10000e-01
63000 2.05000e-01 -7.60000e-01
64000 5.50000e-02 -7.90000e-01
65000 -2.50000e-02 -9.30000e-01
66000 -8.00000e-02 -8.40000e-01
67000 1.00000e-01 -8.70000e-01
68000 -1.50000e-02 -7.90000e-01
69000 -3.00000e-02 -9.00000e-01
70000 3.65000e-01 -8.00000e-01
71000 1.90000e-01 -7.90000e-01
72000 1.00000e-01 -8.20000e-01
73000 -2.10000e-01 -8.40000e-01
74000 2.45000e-01 -9.10000e-01
75000 3.40000e-01 -1.00000e+00
76000 -1.50000e-01 -7.50000e-01
77000 -9.00000e-02 -7.10000e-01
78000 1.55000e-01 -8.70000e-01
79000 -6.00000e-02 -7.40000e-01
80000 -1.00000e-02 -9.00000e-01
81000 -3.50000e-02 -8.90000e-01
82000 -1.00000e-02 -7.20000e-01
83000 4.50000e-02 -8.70000e-01
84000 5.50000e-02 -7.30000e-01
85000 -1.25000e-01 -8.10000e-01
86000 2.45000e-01 -9.30000e-01
87000 4.00000e-02 -7.90000e-01
88000 -5.00000e-02 -7.90000e-01
89000 -1.25000e-01 -8.00000e-01
90000 8.50000e-02 -7.30000e-01
91000 1.45000e-01 -6.90000e-01
92000 1.90000e-01 -8.60000e-01
93000 1.00000e-02 -8.60000e-01
94000 3.50000e-02 -6.10000e-01
95000 -5.00000e-02 -6.40000e-01
96000 1.70000e-01 -6.50000e-01
97000 -1.00000e-02 -8.10000e-01
98000 5.00000e-03 -8.60000e-01
99000 4.00000e-02 -7.40000e-01
100000 -1.00000e-02 -7.90000e-01
101000 6.50000e-02 -8.10000e-01
102000 1.65000e-01 -8.00000e-01
103000 -9.00000e-02 -7.60000e-01
104000 3.20000e-01 -7.20000e-01
105000 1.25000e-01 -9.10000e-01
106000 -1.00000e-01 -8.50000e-01
107000 -1.75000e-01 -5.80000e-01
108000 4.55000e-01 -9.50000e-01
109000 -7.50000e-02 -7.40000e-01
110000 1.00000e-01 -7.60000e-01
111000 1.00000e-01 -7.80000e-01
112000 -2.40000e-01 -8.80000e-01
113000 1.70000e-01 -8.50000e-01
114000 1.80000e-01 -9.30000e-01
115000 1.90000e-01 -7.10000e-01
116000 -4.00000e-02 -9.10000e-01
117000 -2.50000e-02 -7.80000e-01
118000 -5.00000e-02 -8.90000e-01
119000 9.00000e-02 -8.80000e-01
120000 -8.00000e-02 -8.30000e-01
121000 2.75000e-01 -8.80000e-01
122000 1.35000e-01 -7.50000e-01
123000 2.00000e-01 -7.60000e-01
124000 1.30000e-01 -8.10000e-01
125000 -3.50000e-02 -8.00000e-01
126000 -5.20000e-01 -1.05000e+00
127000 1.00000e-01 -9.60000e-01
128000 -1.75000e-01 -8.40000e-01
129000 4.35000e-01 -9.30000e-01
130000 -1.80000e-01 -8.10000e-01
131000 -1.55000e-01 -8.00000e-01
132000 -1.65000e-01 -8.70000e-01
133000 4.50000e-02 -7.20000e-01
134000 -1.10000e-01 -9.80000e-01
135000 -7.00000e-02 -8.90000e-01
136000 1.75000e-01 -9.20000e-01
137000 -2.20000e-01 -7.90000e-01
138000 2.30000e-01 -9.00000e-01
139000 -1.55000e-01 -7.40000e-01
140000 -7.50000e-02 -7.10000e-01
141000 -5.00000e-03 -9.60000e-01
142000 2.30000e-01 -8.00000e-01
143000 3.30000e-01 -6.60000e-01
144000 -1.50000e-02 -8.50000e-01
145000 2.35000e-01 -6.80000e-01
146000 -1.20000e-01 -8.10000e-01
147000 1.05000e-01 -7.40000e-01
148000 -2.10000e-01 -8.20000e-01
149000 -7.50000e-02 -8.80000e-01
150000 1.10000e-01 -7.50000e-01
151000 1.85000e-01 -8.30000e-01
152000 -1.00000e-02 -8.20000e-01
153000 -3.20000e-01 -1.05000e+00
154000 -1.80000e-01 -9.10000e-01
155000 -1.70000e-01 -7.80000e-01
156000 1.60000e-01 -8.60000e-01
157000 5.00000e-02 -6.20000e-01
158000 -5.00000e-02 -8.40000e-01
159000 -1.90000e-01 -7.80000e-01
160000 2.15000e-01 -6.40000e-01
161000 -5.00000e-02 -7.60000e-01
162000 5.00000e-03 -7.40000e-01
163000 3.50000e-02 -6.70000e-01
164000 1.55000e-01 -9.10000e-01
165000 7.50000e-02 -7.60000e-01
166000 1.10000e-01 -6.30000e-01
167000 -1.00000e-02 -7.70000e-01
168000 1.50000e-02 -7.70000e-01
169000 1.00000e-01 -9.60000e-01
170000 1.95000e-01 -9.30000e-01
171000 6.50000e-02 -9.50000e-01
172000 -3.30000e-01 -8.80000e-01
173000 7.00000e-02 -8.10000e-01
174000 2.50000e-02 -8.40000e-01
175000 1.50000e-02 -5.10000e-01
176000 -1.50000e-01 -9.80000e-01
177000 -8.50000e-02 -8.50000e-01
178000 5.00000e-03 -8.60000e-01
179000 1.85000e-01 -8.20000e-01
180000 1.40000e-01 -9.70000e-01
181000 -8.00000e-02 -8.00000e-01
182000 1.75000e-01 -6.90000e-01
183000 -7.50000e-02 -7.60000e-01
184000 -5.00000e-03 -8.10000e-01
185000 -2.70000e-01 -7.90000e-01
186000 6.00000e-02 -7.80000e-01
187000 1.15000e-01 -7.90000e-01
188000 8.50000e-02 -8.50000e-01
189000 -4.50000e-02 -7.60000e-01
190000 1.00000e-02 -7.20000e-01
191000 1.45000e-01 -8.40000e-01
192000 3.90000e-01 -9.70000e-01
193000 4.00000e-02 -6.90000e-01
194000 1.65000e-01 -8.00000e-01
195000 2.65000e-01 -9.00000e-01
196000 7.00000e-02 -1.02000e+00
197000 1.25000e-01 -7.90000e-01
198000 -1.00000e-01 -8.40000e-01
199000 9.50000e-02 -8.50000e-01
200000 1.05000e-01 -9.00000e-01
201000 -1.50000e-01 -8.60000e-01
202000 1.35000e-01 -7.50000e-01
203000 -1.80000e-01 -7.80000e-01
204000 -5.00000e-02 -6.70000e-01
205000 1.55000e-01 -8.60000e-01
206000 -8.50000e-02 -7.60000e-01
207000 -2.75000e-01 -7.90000e-01
208000 -7.00000e-02 -6.10000e-01
209000 -2.35000e-01 -9.30000e-01
210000 -3.00000e-01 -7.50000e-01
211000 -1.60000e-01 -8.80000e-01
212000 5.00000e-03 -9.50000e-01
213000 1.80000e-01 -5.80000e-01
214000 -4.50000e-02 -7.80000e-01
215000 -5.00000e-03 -8.90000e-01
216000 1.10000e-01 -6.10000e-01
217000 8.50000e-02 -7.70000e-01
218000 -7.50000e-02 -8.50000e-01
219000 2.05000e-01 -8.50000e-01
220000 1.45000e-01 -8.20000e-01
221000 -4.65000e-01 -8.40000e-01
222000 1.65000e-01 -9.50000e-01
223000 -1.00000e-02 -9.00000e-01
224000 -1.70000e-01 -8.20000e-01
225000 6.50000e-02 -6.40000e-01
226000 2.50000e-02 -7.20000e-01
227000 -1.25000e-01 -7.30000e-01
228000 -1.30000e-01 -8.80000e-01
229000 9.50000e-02 -7.50000e-01
230000 1.00000e-01 -6.90000e-01
231000 6.00000e-02 -7.30000e-01
232000 -1.80000e-01 -7.00000e-01
233000 1.20000e-01 -7.00000e-01
234000 -1.55000e-01 -8.70000e-01
235000 -8.00000e-02 -9.00000e-01
236000 -1.85000e-01 -9.10000e-01
237000 -1.00000e-02 -9.40000e-01
238000 -1.05000e-01 -6.50000e-01
239000 -5.50000e-02 -6.50000e-01
240000 0.00000e+00 -9.50000e-01
241000 -1.70000e-01 -7.60000e-01
242000 9.00000e-02 -8.00000e-01
243000 1.50000e-02 -7.10000e-01
244000 -1.50000e-02 -7.40000e-01
245000 -2.40000e-01 -7.80000e-01
246000 3.80000e-01 -7.80000e-01
247000 7.00000e-02 -6.30000e-01
248000 8.00000e-02 -7.80000e-01
249000 5.00000e-02 -5.40000e-01
250000 -5.00000e-02 -5.20000e-01
251000 3.15000e-01 -1.08000e+00
252000 -1.15000e-01 -8.70000e-01
253000 0.00000e+00 -8.20000e-01
254000 2.50000e-02 -8.30000e-01
255000 -5.00000e-03 -6.60000e-01
256000 -1.55000e-01 -9.00000e-01
257000 9.00000e-02 -8.00000e-01
258000 -2.15000e-01 -9.40000e-01
259000 2.00000e-02 -9.70000e-01
260000 4.30000e-01 -7.60000e-01
261000 2.50000e-02 -8.40000e-01
262000 2.40000e-01 -7.60000e-01
263000 6.00000e-02 -7.30000e-01
264000 -2.50000e-02 -7.40000e-01
265000 -1.50000e-02 -7.40000e-01
266000 1.80000e-01 -9.00000e-01
267000 -3.65000e-01 -9.20000e-01
268000 1.45000e-01 -6.60000e-01
269000 3.10000e-01 -9.20000e-01
270000 -6.50000e-02 -8.40000e-01
271000 -3.80000e-01 -9.00000e-01
272000 -7.50000e-02 -6.60000e-01
273000 7.50000e-02 -6.00000e-01
274000 8.50000e-02 -6.50000e-01
275000 -9.00000e-02 -7.50000e-01
276000 1.15000e-01 -7.30000e-01
277000 -2.15000e-01 -8.20000e-01
278000 -1.20000e-01 -7.00000e-01
279000 -7.50000e-02 -8.80000e-01
280000 8.00000e-02 -7.80000e-01
281000 -3.25000e-01 -9.70000e-01
282000 2.00000e-02 -7.20000e-01
283000 1.90000e-01 -8.00000e-01
284000 1.70000e-01 -7.70000e-01
285000 2.30000e-01 -9.70000e-01
286000 1.00000e-02 -6.30000e-01
287000 -3.00000e-02 -6.20000e-01
288000 2.00000e-01 -7.00000e-01
289000 -9.00000e-02 -6.50000e-01
290000 1.55000e-01 -7.90000e-01
291000 -3.00000e-02 -8.20000e-01
292000 -1.50000e-02 -7.80000e-01
293000 -2.05000e-01 -7.80000e-01
294000 2.20000e-01 -8.20000e-01
295000 -7.00000e-02 -7.10000e-01
296000 1.35000e-01 -9.00000e-01
297000 -1.55000e-01 -8.80000e-01
298000 -2.65000e-01 -7.60000e-01
299000 -1.10000e-01 -7.60000e-01
300000 1.85000e-01 -6.80000e-01
301000 7.00000e-02 -8.70000e-01
302000 -3.60000e-01 -8.90000e-01
303000 -1.95000e-01 -7.10000e-01
304000 -6.00000e-02 -9.40000e-01
305000 -1.30000e-01 -8.20000e-01
306000 -4.05000e-01 -9.80000e-01
307000 3.50000e-02 -7.50000e-01
308000 -2.50000e-02 -7.40000e-01
309000 -2.00000e-01 -9.20000e-01
310000 0.00000e+00 -7.50000e-01
311000 -1.90000e-01 -8.00000e-01
312000 2.00000e-02 -8.40000e-01
313000 -7.50000e-02 -1.00000e+00
314000 -1.60000e-01 -8.40000e-01
315000 -1.45000e-01 -8.60000e-01
316000 2.25000e-01 -8.60000e-01
317000 2.10000e-01 -7.70000e-01
318000 1.45000e-01 -8.30000e-01
319000 -1.00000e-02 -8.70000e-01
320000 1.60000e-01 -8.00000e-01
321000 -3.50000e-02 -6.90000e-01
322000 -1.70000e-01 -8.40000e-01
323000 2.20000e-01 -7.80000e-01
324000 2.15000e-01 -8.40000e-01
325000 -3.50000e-02 -8.00000e-01
326000 3.05000e-01 -8.00000e-01
327000 4.15000e-01 -9.90000e-01
328000 -1.00000e-01 -6.20000e-01
329000 -7.00000e-02 -9.30000e-01
330000 -2.20000e-01 -8.70000e-01
331000 9.50000e-02 -7.10000e-01
332000 -4.00000e-02 -6.60000e-01
333000 1.55000e-01 -9.50000e-01
334000 2.25000e-01 -9.20000e-01
335000 -8.00000e-02 -8.70000e-01
336000 -2.05000e-01 -9.30000e-01
337000 -1.75000e-01 -7.70000e-01
338000 5.55000e-01 -1.14000e+00
339000 -2.95000e-01 -8.80000e-01
340000 -5.00000e-03 -8.00000e-01
341000 1.90000e-01 -8.40000e-01
342000 2.90000e-01 -8.00000e-01
343000 1.35000e-01 -8.20000e-01
344000 -3.50000e-01 -8.80000e-01
345000 -4.50000e-02 -8.90000e-01
346000 2.65000e-01 -9.20000e-01
347000 -8.00000e-02 -6.90000e-01
348000 3.00000e-02 -5.40000e-01
349000 -1.50000e-02 -9.60000e-01
350000 3.25000e-01 -9.00000e-01
351000 -1.50000e-02 -8.50000e-01
352000 1.60000e-01 -6.90000e-01
353000 -2.45000e-01 -9.00000e-01
354000 -2.00000e-02 -8.00000e-01
355000 7.50000e-02 -8.90000e-01
356000 9.00000e-02 -9.80000e-01
357000 -1.00000e-02 -7.60000e-01
358000 1.45000e-01 -8.90000e-01
359000 -2.45000e-01 -8.50000e-01
360000 1.25000e-01 -7.80000e-01
361000 -3.25000e-01 -6.50000e-01
362000 1.35000e-01 -7.20000e-01
363000 1.00000e-01 -7.10000e-01
364000 2.20000e-01 -7.50000e-01
365000 1.15000e-01 -8.10000e-01
366000 3.20000e-01 -9.80000e-01
367000 8.50000e-02 -8.00000e-01
368000 7.00000e-02 -9.00000e-01
369000 -1.95000e-01 -9.30000e-01
370000 1.00000e-02 -8.00000e-01
371000 1.05000e-01 -7.70000e-01
372000 -1.10000e-01 -7.40000e-01
373000 8.00000e-02 -7.30000e-01
374000 -6.50000e-02 -8.70000e-01
375000 -6.50000e-02 -7.60000e-01
376000 -1.50000e-02 -8.30000e-01
377000 9.00000e-02 -7.50000e-01
378000 -2.85000e-01 -9.40000e-01
379000 -1.50000e-01 -8.30000e-01
380000 3.30000e-01 -9.00000e-01
381000 -3.20000e-01 -9.70000e-01
382000 1.40000e-01 -1.05000e+00
383000 -8.00000e-02 -5.90000e-01
384000 8.50000e-02 -9.00000e-01
385000 1.20000e-01 -7.60000e-01
386000 8.00000e-02 -7.00000e-01
387000 -2.75000e-01 -8.50000e-01
388000 -1.30000e-01 -1.07000e+00
389000 -1.35000e-01 -1.04000e+00
390000 5.00000e-02 -6.70000e-01
391000 -2.50000e-02 -7.50000e-01
392000 8.00000e-02 -7.50000e-01
393000 -2.05000e-01 -9.40000e-01
394000 1.10000e-01 -7.90000e-01
395000 2.50000e-01 -9.10000e-01
396000 8.00000e-02 -9.80000e-01
397000 -1.70000e-01 -8.30000e-01
398000 -6.50000e-02 -8.00000e-01
399000 -9.50000e-02 -9.20000e-01
400000 6.00000e-02 -8.00000e-01
401000 -2.05000e-01 -8.80000e-01
402000 -3.00000e-02 -8.00000e-01
403000 -1.50000e-01 -8.10000e-01
404000 -7.00000e-02 -8.30000e-01
405000 5.00000e-03 -8.50000e-01
406000 1.50000e-02 -9.00000e-01
407000 -9.00000e-02 -7.50000e-01
408000 1.50000e-01 -7.20000e-01
409000 9.50000e-02 -9.80000e-01
410000 2.20000e-01 -7.80000e-01
411000 2.00000e-02 -7.00000e-01
412000 -1.15000e-01 -8.80000e-01
413000 1.70000e-01 -8.00000e-01
414000 5.00000e-03 -8.70000e-01
415000 2.30000e-01 -9.20000e-01
416000 -1.00000e-02 -9.10000e-01
417000 2.10000e-01 -8.30000e-01
418000 8.00000e-02 -7.30000e-01
419000 -1.50000e-01 -8.70000e-01
420000 1.05000e-01 -7.60000e-01
421000 2.40000e-01 -9.50000e-01
422000 -1.85000e-01 -7.10000e-01
423000 -4.10000e-01 -7.70000e-01
424000 2.30000e-01 -7.20000e-01
425000 -1.05000e-01 -9.80000e-01
426000 1.10000e-01 -7.60000e-01
427000 -7.00000e-02 -6.80000e-01
428000 2.00000e-01 -8.10000e-01
429000 -1.35000e-01 -7.20000e-01
430000 -1.05000e-01 -7.80000e-01
431000 0.00000e+00 -7.70000e-01
432000 1.05000e-01 -7.70000e-01
433000 -2.30000e-01 -9.40000e-01
434000 -1.50000e-02 -7.10000e-01
435000 7.00000e-02 -7.70000e-01
436000 1.20000e-01 -6.30000e-01
437000 -3.50000e-02 -8.40000e-01
438000 2.60000e-01 -8.90000e-01
439000 0.00000e+00 -7.80000e-01
440000 8.50000e-02 -7.50000e-01
441000 -5.50000e-02 -9.50000e-01
442000 4.35000e-01 -9.70000e-01
443000 9.50000e-02 -7.60000e-01
444000 -3.05000e-01 -8.80000e-01
445000 -5.50000e-02 -8.10000e-01
446000 -3.00000e-02 -8.00000e-01
447000 -2.50000e-02 -7.80000e-01
448000 1.10000e-01 -7.60000e-01
449000 -2.60000e-01 -1.00000e+00
450000 2.75000e-01 -9.30000e-01
451000 1.45000e-01 -7.20000e-01
452000 7.50000e-02 -7.70000e-01
453000 -1.10000e-01 -8.00000e-01
454000 0.00000e+00 -7.60000e-01
455000 1.75000e-01 -8.40000e-01
456000 3.00000e-02 -7.30000e-01
457000 1.15000e-01 -9.00000e-01
458000 -1.00000e-01 -5.80000e-01
459000 2.40000e-01 -8.60000e-01
460000 1.30000e-01 -7.80000e-01
461000 1.25000e-01 -6.90000e-01
462000 -1.80000e-01 -8.90000e-01
463000 -2.50000e-02 -7.20000e-01
464000 -2.50000e-02 -7.60000e-01
465000 -1.35000e-01 -9.50000e-01
466000 4.50000e-02 -9.00000e-01
467000 -4.00000e-02 -6.90000e-01
468000 1.80000e-01 -7.80000e-01
469000 1.50000e-02 -8.60000e-01
470000 -7.50000e-02 -6.00000e-01
471000 4.00000e-02 -7.00000e-01
472000 1.50000e-01 -9.80000e-01
473000 -2.20000e-01 -8.30000e-01
474000 -5.00000e-03 -9.20000e-01
475000 5.05000e-01 -8.70000e-01
476000 -1.50000e-02 -8.00000e-01
477000 -1.45000e-01 -8.30000e-01
478000 2.85000e-01 -7.70000e-01
479000 1.90000e-01 -9.60000e-01
480000 -4.00000e-02 -7.50000e-01
481000 2.65000e-01 -1.07000e+00
482000 -1.50000e-01 -8.70000e-01
483000 -1.85000e-01 -9.10000e-01
484000 -1.70000e-01 -6.80000e-01
485000 2.15000e-01 -8.20000e-01
486000 -1.35000e-01 -9.10000e-01
487000 8.50000e-02 -1.04000e+00
488000 4.45000e-01 -1.01000e+00
489000 3.35000e-01 -9.10000e-01
490000 -2.85000e-01 -8.00000e-01
491000 1.15000e-01 -8.80000e-01
492000 -9.00000e-02 -6.80000e-01
493000 -1.05000e-01 -7.70000e-01
494000 -1.00000e-02 -8.10000e-01
495000 6.50000e-02 -7.60000e-01
496000 -1.35000e-01 -6.50000e-01
497000 -1.00000e-02 -8.20000e-01
498000 1.55000e-01 -6.20000e-01
499000 -7.50000e-02 -8.30000e-01
500000 1.55000e-01 -8.70000e-01
501000 -1.90000e-01 -8.40000e-01
502000 -1.30000e-01 -1.00000e+00
503000 -3.85000e-01 -1.09000e+00
504000 4.50000e-02 -9.00000e-01
505000 -1.80000e-01 -9.20000e-01
506000 -1.00000e-01 -8.90000e-01
507000 -8.00000e-02 -7.80000e-01
508000 -2.50000e-02 -8.60000e-01
509000 -1.50000e-01 -7.00000e-01
510000 2.15000e-01 -8.10000e-01
511000 -1.70000e-01 -6.20000e-01
512000 -3.00000e-01 -7.80000e-01
513000 -1.10000e-01 -6.50000e-01
514000 2.15000e-01 -9.10000e-01
515000 -7.50000e-02 -7.10000e-01
516000 2.65000e-01 -9.60000e-01
517000 2.25000e-01 -8.10000e-01
518000 -4.00000e-02 -8.00000e-01
519000 2.50000e-02 -8.60000e-01
520000 -9.00000e-02 -8.50000e-01
521000 -5.00000e-03 -9.20000e-01
522000 1.75000e-01 -7.70000e-01
523000 -1.95000e-01 -8.50000e-01
524000 2.35000e-01 -7.90000e-01
525000 1.40000e-01 -8.70000e-01
526000 2.45000e-01 -9.00000e-01
527000 -1.00000e-02 -7.80000e-01
528000 -2.25000e-01 -7.10000e-01
529000 5.00000e-03 -7.30000e-01
530000 -1.65000e-01 -8.50000e-01
531000 -4.50000e-02 -7.70000e-01
532000 -1.45000e-01 -7.00000e-01
533000 -1.10000e-01 -7.80000e-01
534000 -2.25000e-01 -8.40000e-01
535000 -1.50000e-02 -9.50000e-01
536000 -1.25000e-01 -7.70000e-01
537000 6.00000e-02 -8.20000e-01
538000 4.00000e-02 -7.50000e-01
539000 -2.50000e-02 -8.80000e-01
540000 -1.25000e-01 -8.90000e-01
541000 1.90000e-01 -6.80000e-01
542000 -6.50000e-02 -8.70000e-01
543000 -1.30000e-01 -7.10000e-01
544000 6.50000e-02 -8.30000e-01
545000 -3.50000e-02 -8.40000e-01
546000 -1.50000e-02 -7.00000e-01
547000 3.30000e-01 -9.90000e-01
548000 -2.60000e-01 -9.30000e-01
549000 -1.40000e-01 -7.50000e-01
550000 -1.40000e-01 -8.40000e-01
551000 -1.00000e-02 -9.80000e-01
552000 -2.80000e-01 -9.10000e-01
553000 2.35000e-01 -8.80000e-01
554000 1.80000e-01 -9.40000e-01
555000 1.10000e-01 -9.70000e-01
556000 -2.30000e-01 -7.70000e-01
557000 2.80000e-01 -8.50000e-01
558000 -1.80000e-01 -1.05000e+00
559000 -4.00000e-02 -7.80000e-01
560000 1.60000e-01 -8.20000e-01
561000 -2.95000e-01 -7.10000e-01
562000 9.50000e-02 -6.20000e-01
563000 -1.15000e-01 -7.90000e-01
564000 1.30000e-01 -8.30000e-01
565000 1.80000e-01 -8.60000e-01
566000 9.00000e-02 -9.80000e-01
567000 4.00000e-02 -8.10000e-01
568000 4.00000e-02 -8.10000e-01
569000 -1.65000e-01 -8.00000e-01
570000 1.50000e-01 -8.20000e-01
571000 -8.00000e-02 -8.00000e-01
572000 1.35000e-01 -8.30000e-01
573000 -5.25000e-01 -1.04000e+00
574000 2.00000e-01 -7.90000e-01
575000 -4.50000e-02 -8.60000e-01
576000 4.50000e-02 -8.60000e-01
577000 1.80000e-01 -9.00000e-01
578000 -3.05000e-01 -9.30000e-01
579000 2.75000e-01 -8.70000e-01
580000 -1.80000e-01 -8.50000e-01
581000 -2.20000e-01 -1.00000e+00
582000 -8.50000e-02 -8.00000e-01
583000 2.05000e-01 -8.30000e-01
584000 9.00000e-02 -9.30000e-01
585000 -3.90000e-01 -8.90000e-01
586000 3.90000e-01 -1.00000e+00
587000 -5.00000e-02 -9.10000e-01
588000 0.00000e+00 -7.20000e-01
589000 1.80000e-01 -8.20000e-01
590000 2.00000e-01 -6.90000e-01
591000 -2.00000e-02 -9.30000e-01
592000 -1.05000e-01 -9.00000e-01
593000 -1.40000e-01 -1.08000e+00
594000 -4.00000e-02 -1.02000e+00
595000 -9.50000e-02 -7.80000e-01
596000 -2.00000e-01 -9.30000e-01
597000 3.00000e-01 -8.30000e-01
598000 -3.00000e-02 -5.50000e-01
599000 2.30000e-01 -7.50000e-01
600000 1.35000e-01 -9.90000e-01
601000 -6.00000e-02 -7.40000e-01
602000 1.85000e-01 -8.90000e-01
603000 -8.50000e-02 -8.00000e-01
604000 1.70000e-01 -7.50000e-01
605000 -1.00000e-02 -9.00000e-01
606000 -1.70000e-01 -7.80000e-01
607000 -2.20000e-01 -7.10000e-01
608000 8.00000e-02 -7.50000e-01
609000 -3.65000e-01 -9.10000e-01
610000 2.50000e-02 -8.50000e-01
611000 8.00000e-02 -8.60000e-01
612000 1.90000e-01 -7.30000e-01
613000 -1.80000e-01 -7.90000e-01
614000 1.50000e-02 -6.30000e-01
615000 2.50000e-02 -7.70000e-01
616000 6.50000e-02 -7.80000e-01
617000 -1.55000e-01 -8.70000e-01
618000 7.00000e-02 -7.70000e-01
619000 1.70000e-01 -8.40000e-01
620000 2.95000e-01 -9.00000e-01
621000 -1.40000e-01 -7.50000e-01
622000 -1.00000e-02 -7.50000e-01
623000 1.30000e-01 -7.70000e-01
624000 -2.50000e-02 -7.10000e-01
625000 3.65000e-01 -8.70000e-01
626000 2.20000e-01 -8.30000e-01
627000 1.65000e-01 -7.10000e-01
628000 -1.80000e-01 -9.20000e-01
629000 -1.00000e-02 -6.00000e-01
630000 2.00000e-01 -7.00000e-01
631000 -1.25000e-01 -7.40000e-01
632000 -8.00000e-02 -7.90000e-01
633000 1.40000e-01 -9.30000e-01
634000 -1.70000e-01 -9.10000e-01
635000 -3.30000e-01 -9.40000e-01
636000 -1.65000e-01 -8.40000e-01
637000 1.55000e-01 -8.80000e-01
638000 -1.20000e-01 -7.20000e-01
639000 6.00000e-02 -6.70000e-01
640000 -2.45000e-01 -8.30000e-01
641000 -8.50000e-02 -7.60000e-01
642000 1.25000e-01 -9.60000e-01
643000 -8.50000e-02 -9.70000e-01
644000 1.25000e-01 -7.80000e-01
645000 -1.10000e-01 -6.90000e-01
646000 -5.50000e-02 -7.70000e-01
647000 1.80000e-01 -7.80000e-01
648000 6.00000e-02 -7.20000e-01
649000 -1.50000e-01 -7.90000e-01
650000 -2.15000e-01 -9.70000e-01
651000 -1.95000e-01 -8.80000e-01
652000 -2.45000e-01 -9.20000e-01
653000 1.25000e-01 -8.10000e-01
654000 -1.50000e-02 -7.90000e-01
655000 -1.00000e-02 -9.50000e-01
656000 -2.00000e-02 -7.60000e-01
657000 -8.00000e-02 -9.00000e-01
658000 -8.50000e-02 -8.50000e-01
659000 -2.00000e-02 -8.80000e-01
660000 -5.00000e-03 -8.00000e-01
661000 1.00000e-02 -7.80000e-01
662000 2.75000e-01 -9.80000e-01
663000 1.15000e-01 -7.40000e-01
664000 1.10000e-01 -7.30000e-01
665000 -1.95000e-01 -7.60000e-01
666000 9.50000e-02 -8.40000e-01
667000 -3.45000e-01 -8.80000e-01
668000 -1.00000e-02 -8.60000e-01
669000 1.55000e-01 -9.90000e-01
670000 -8.00000e-02 -6.00000e-01
671000 8.50000e-02 -7.80000e-01
672000 1.30000e-01 -8.00000e-01
673000 4.50000e-02 -7.30000e-01
674000 -1.45000e-01 -8.20000e-01
675000 7.00000e-02 -7.30000e-01
676000 1.30000e-01 -7.50000e-01
677000 -2.85000e-01 -9.20000e-01
678000 1.85000e-01 -1.08000e+00
679000 1.65000e-01 -8.80000e-01
680000 4.15000e-01 -9.20000e-01
681000 1.85000e-01 -7.00000e-01
682000 3.00000e-02 -8.50000e-01
683000 -1.75000e-01 -7.60000e-01
684000 1.00000e-01 -6.90000e-01
685000 -4.10000e-01 -9.50000e-01
686000 -2.10000e-01 -8.50000e-01
687000 8.50000e-02 -8.20000e-01
688000 2.40000e-01 -9.60000e-01
689000 4.50000e-02 -8.80000e-01
690000 -5.00000e-03 -9.10000e-01
691000 -5.50000e-02 -7.50000e-01
692000 -1.80000e-01 -9.40000e-01
693000 1.85000e-01 -7.90000e-01
694000 7.00000e-02 -9.70000e-01
695000 1.10000e-01 -7.40000e-01
696000 -1.75000e-01 -7.60000e-01
697000 1.90000e-01 -7.40000e-01
698000 -3.65000e-01 -9.60000e-01
699000 -2.75000e-01 -8.40000e-01
700000 -8.00000e-02 -8.40000e-01
701000 -3.40000e-01 -7.30000e-01
702000 -6.00000e-02 -8.30000e-01
703000 -3.00000e-02 -8.70000e-01
704000 1.60000e-01 -8.00000e-01
705000 2.90000e-01 -8.40000e-01
706000 -4.50000e-02 -8.20000e-01
707000 -6.50000e-02 -6.70000e-01
708000 -3.25000e-01 -8.80000e-01
709000 -3.00000e-01 -8.00000e-01
710000 -2.70000e-01 -8.50000e-01
711000 -1.10000e-01 -8.10000e-01
712000 2.75000e-01 -7.60000e-01
713000 9.50000e-02 -6.60000e-01
714000 1.75000e-01 -6.20000e-01
715000 5.50000e-02 -7.50000e-01
716000 -2.40000e-01 -1.00000e+00
717000 -7.00000e-02 -5.80000e-01
718000 -9.50000e-02 -9.00000e-01
719000 -7.00000e-02 -7.70000e-01
720000 2.50000e-01 -8.50000e-01
721000 -3.55000e-01 -1.04000e+00
722000 3.10000e-01 -8.30000e-01
723000 -8.50000e-02 -7.70000e-01
724000 -3.25000e-01 -9.20000e-01
725000 1.50000e-02 -9.20000e-01
726000 8.00000e-02 -7.80000e-01
727000 -2.70000e-01 -1.01000e+00
728000 6.00000e-02 -7.40000e-01
729000 7.50000e-02 -8.80000e-01
730000 -1.15000e-01 -8.60000e-01
731000 -1.85000e-01 -6.70000e-01
732000 -3.05000e-01 -8.40000e-01
733000 1.00000e-02 -8.00000e-01
734000 2.45000e-01 -8.40000e-01
735000 -7.00000e-02 -8.50000e-01
736000 3.00000e-01 -7.50000e-01
737000 -1.55000e-01 -7.00000e-01
738000 -2.85000e-01 -8.10000e-01
739000 3.05000e-01 -9.20000e-01
740000 2.20000e-01 -7.90000e-01
741000 -3.00000e-01 -8.20000e-01
742000 8.50000e-02 -8.80000e-01
743000 -2.35000e-01 -8.00000e-01
744000 -1.35000e-01 -8.50000e-01
745000 4.50000e-02 -6.30000e-01
746000 -6.50000e-02 -7.00000e-01
747000 -8.00000e-02 -7.10000e-01
748000 -1.95000e-01 -7.70000e-01
749000 3.60000e-01 -9.60000e-01
750000 -3.20000e-01 -9.90000e-01
751000 -1.55000e-01 -7.60000e-01
752000 -3.20000e-01 -8.30000e-01
753000 -1.20000e-01 -7.70000e-01
754000 -2.50000e-02 -7.40000e-01
755000 3.15000e-01 -8.30000e-01
756000 -1.65000e-01 -8.70000e-01
757000 -7.50000e-02 -7.20000e-01
758000 1.00000e-02 -7.90000e-01
759000 -2.40000e-01 -9.20000e-01
760000 2.50000e-02 -8.50000e-01
761000 4.00000e-02 -9.00000e-01
762000 -1.55000e-01 -9.10000e-01
763000 5.00000e-02 -1.02000e+00
764000 -1.10000e-01 -6.30000e-01
765000 -1.25000e-01 -7.70000e-01
766000 -1.65000e-01 -7.40000e-01
767000 2.20000e-01 -7.90000e-01
768000 -7.00000e-02 -7.10000e-01
769000 4.00000e-02 -8.90000e-01
770000 1.50000e-02 -8.60000e-01
771000 -5.50000e-02 -7.80000e-01
772000 3.60000e-01 -8.70000e-01
773000 2.25000e-01 -9.60000e-01
774000 -5.00000e-02 -8.10000e-01
775000 -4.00000e-02 -7.40000e-01
776000 6.00000e-02 -8.50000e-01
777000 1.00000e-02 -7.80000e-01
778000 -1.85000e-01 -8.40000e-01
779000 -3.10000e-01 -8.30000e-01
780000 2.45000e-01 -7.80000e-01
781000 -2.00000e-02 -6.10000e-01
782000 -1.35000e-01 -9.20000e-01
783000 6.50000e-02 -7.80000e-01
784000 1.00000e-02 -7.10000e-01
785000 -2.35000e-01 -9.40000e-01
786000 4.70000e-01 -1.02000e+00
787000 -2.40000e-01 -8.60000e-01
788000 1.50000e-02 -7.40000e-01
789000 -1.65000e-01 -7.50000e-01
790000 -7.00000e-02 -9.00000e-01
791000 -1.45000e-01 -8.70000e-01
792000 3.00000e-02 -6.40000e-01
793000 -4.50000e-02 -7.20000e-01
794000 2.50000e-02 -8.30000e-01
795000 4.50000e-02 -9.10000e-01
796000 -2.45000e-01 -7.90000e-01
797000 -6.50000e-02 -8.70000e-01
798000 5.00000e-03 -1.04000e+00
799000 -2.70000e-01 -8.90000e-01
800000 1.80000e-01 -9.60000e-01
801000 1.70000e-01 -9.10000e-01
802000 -2.05000e-01 -8.70000e-01
803000 -3.25000e-01 -8.60000e-01
804000 -2.45000e-01 -8.70000e-01
805000 2.80000e-01 -9.80000e-01
806000 -4.00000e-02 -9.20000e-01
807000 -4.50000e-02 -7.10000e-01
808000 1.50000e-01 -7.90000e-01
809000 -1.30000e-01 -8.70000e-01
810000 5.00000e-02 -7.60000e-01
811000 -5.00000e-02 -8.60000e-01
812000 -3.00000e-02 -8.20000e-01
813000 -7.00000e-02 -6.20000e-01
814000 2.50000e-02 -8.40000e-01
815000 3.25000e-01 -1.02000e+00
816000 1.00000e-01 -8.80000e-01
817000 1.60000e-01 -7.30000e-01
818000 2.90000e-01 -8.90000e-01
819000 1.00000e-01 -7.90000e-01
820000 1.90000e-01 -9.90000e-01
821000 1.50000e-02 -8.00000e-01
822000 -2.40000e-01 -6.90000e-01
823000 2.00000e-02 -7.30000e-01
824000 2.00000e-02 -7.00000e-01
825000 -1.85000e-01 -1.03000e+00
826000 -1.45000e-01 -7.30000e-01
827000 -2.00000e-01 -8.60000e-01
828000 4.00000e-02 -1.09000e+00
829000 -1.80000e-01 -8.20000e-01
830000 -3.00000e-02 -8.10000e-01
831000 1.30000e-01 -6.90000e-01
832000 1.45000e-01 -7.20000e-01
833000 5.00000e-02 -6.60000e-01
834000 -1.50000e-02 -8.70000e-01
835000 1.00000e-01 -8.10000e-01
836000 3.50000e-02 -1.01000e+00
837000 -1.55000e-01 -9.00000e-01
838000 -2.55000e-01 -8.00000e-01
839000 -4.00000e-02 -9.10000e-01
840000 1.65000e-01 -9.20000e-01
841000 1.15000e-01 -8.90000e-01
842000 2.00000e-02 -8.20000e-01
843000 1.10000e-01 -7.60000e-01
844000 1.10000e-01 -8.70000e-01
845000 -7.50000e-02 -8.70000e-01
846000 -1.55000e-01 -5.50000e-01
847000 -2.40000e-01 -7.90000e-01
848000 -1.25000e-01 -7.70000e-01
849000 1.80000e-01 -9.80000e-01
850000 -2.40000e-01 -8.20000e-01
851000 1.60000e-01 -8.80000e-01
852000 3.00000e-01 -8.60000e-01
853000 8.50000e-02 -7.50000e-01
854000 7.00000e-02 -1.00000e+00
855000 3.05000e-01 -8.10000e-01
856000 -1.50000e-01 -8.40000e-01
857000 6.50000e-02 -1.00000e+00
858000 -2.15000e-01 -6.60000e-01
859000 -2.50000e-02 -8.00000e-01
860000 -5.50000e-02 -9.50000e-01
861000 -2.95000e-01 -8.70000e-01
862000 -1.70000e-01 -8.50000e-01
863000 8.00000e-02 -9.30000e-01
864000 -1.95000e-01 -8.10000e-01
865000 -1.40000e-01 -6.80000e-01
866000 -2.65000e-01 -9.80000e-01
867000 2.85000e-01 -8.00000e-01
868000 -7.00000e-02 -7.80000e-01
869000 1.05000e-01 -8.30000e-01
870000 4.15000e-01 -8.10000e-01
871000 7.50000e-02 -8.40000e-01
872000 -1.20000e-01 -6.70000e-01
873000 3.00000e-02 -8.60000e-01
874000 -4.00000e-02 -6.70000e-01
875000 -2.15000e-01 -7.80000e-01
876000 -3.00000e-02 -9.10000e-01
877000 -3.60000e-01 -7.70000e-01
878000 1.75000e-01 -7.50000e-01
879000 4.50000e-02 -6.70000e-01
880000 -2.20000e-01 -1.03000e+00
881000 -3.45000e-01 -7.80000e-01
882000 4.00000e-02 -7.40000e-01
883000 -1.45000e-01 -7.30000e-01
884000 1.30000e-01 -7.20000e-01
885000 -5.00000e-02 -9.00000e-01
886000 5.00000e-03 -8.60000e-01
887000 -1.10000e-01 -8.30000e-01
888000 -1.65000e-01 -9.20000e-01
889000 -1.00000e-01 -8.20000e-01
890000 2.50000e-02 -7.20000e-01
891000 -9.00000e-02 -7.10000e-01
892000 1.75000e-01 -7.80000e-01
893000 -8.00000e-02 -8.70000e-01
894000 2.45000e-01 -8.30000e-01
895000 -2.05000e-01 -8.60000e-01
896000 -2.40000e-01 -9.10000e-01
897000 -9.50000e-02 -7.40000e-01
898000 -1.85000e-01 -7.00000e-01
899000 1.30000e-01 -7.20000e-01
900000 1.30000e-01 -8.90000e-01
901000 1.70000e-01 -8.20000e-01
902000 7.50000e-02 -7.10000e-01
903000 -1.35000e-01 -5.90000e-01
904000 2.95000e-01 -8.90000e-01
905000 -5.00000e-02 -9.80000e-01
906000 -4.00000e-02 -8.90000e-01
907000 -1.00000e-01 -8.10000e-01
908000 -5.00000e-02 -7.40000e-01
909000 -3.95000e-01 -9.20000e-01
910000 -3.00000e-02 -7.50000e-01
911000 -4.20000e-01 -7.90000e-01
912000 -1.50000e-02 -7.20000e-01
913000 -1.85000e-01 -8.10000e-01
914000 -4.00000e-02 -7.70000e-01
915000 -1.30000e-01 -9.50000e-01
916000 2.10000e-01 -9.30000e-01
917000 5.50000e-02 -8.20000e-01
918000 3.05000e-01 -7.30000e-01
919000 -3.00000e-02 -7.40000e-01
920000 4.10000e-01 -9.80000e-01
921000 7.50000e-02 -6.30000e-01
922000 -1.35000e-01 -9.10000e-01
923000 1.40000e-01 -9.70000e-01
924000 -6.50000e-02 -7.10000e-01
925000 -1.55000e-01 -8.60000e-01
926000 -2.25000e-01 -7.50000e-01
927000 8.00000e-02 -8.00000e-01
928000 1.45000e-01 -8.20000e-01
929000 1.50000e-02 -7.30000e-01
930000 -1.25000e-01 -8.30000e-01
931000 7.50000e-02 -7.90000e-01
932000 -2.45000e-01 -8.20000e-01
933000 -2.35000e-01 -9.50000e-01
934000 -1.10000e-01 -9.20000e-01
935000 -1.00000e-02 -8.50000e-01
936000 2.10000e-01 -8.70000e-01
937000 -1.35000e-01 -7.50000e-01
938000 1.00000e-02 -8.70000e-01
939000 3.50000e-02 -9.10000e-01
940000 -1.15000e-01 -9.10000e-01
941000 1.30000e-01 -7.90000e-01
942000 -1.80000e-01 -7.80000e-01
943000 1.05000e-01 -7.40000e-01
944000 -2.00000e-02 -7.80000e-01
945000 -1.15000e-01 -9.10000e-01
946000 -1.35000e-01 -7.80000e-01
947000 8.00000e-02 -8.10000e-01
948000 -2.00000e-01 -8.70000e-01
949000 2.25000e-01 -8.60000e-01
950000 2.00000e-02 -8.20000e-01
951000 8.00000e-02 -1.03000e+00
952000 -7.00000e-02 -7.30000e-01
953000 7.00000e-02 -7.80000e-01
954000 1.45000e-01 -7.60000e-01
955000 5.00000e-02 -9.40000e-01
956000 0.00000e+00 -7.20000e-01
957000 -3.15000e-01 -8.20000e-01
958000 -2.50000e-02 -8.10000e-01
959000 -8.00000e-02 -7.80000e-01
960000 -2.00000e-01 -8.00000e-01
961000 -1.90000e-01 -9.10000e-01
962000 -2.55000e-01 -7.90000e-01
963000 -8.00000e-02 -8.50000e-01
964000 -1.30000e-01 -8.20000e-01
965000 -1.25000e-01 -8.70000e-01
966000 5.00000e-02 -8.60000e-01
967000 1.20000e-01 -9.20000e-01
968000 3.00000e-02 -7.90000e-01
969000 -1.00000e-02 -7.90000e-01
970000 2.60000e-01 -7.90000e-01
971000 3.20000e-01 -8.10000e-01
972000 -1.15000e-01 -7.70000e-01
973000 2.85000e-01 -8.10000e-01
974000 -4.50000e-02 -1.02000e+00
975000 0.00000e+00 -8.60000e-01
976000 8.00000e-02 -9.10000e-01
977000 -1.15000e-01 -8.10000e-01
978000 2.30000e-01 -7.50000e-01
979000 6.00000e-02 -9.50000e-01
980000 3.25000e-01 -8.20000e-01
981000 2.15000e-01 -8.40000e-01
982000 -9.50000e-02 -8.20000e-01
983000 5.50000e-02 -8.20000e-01
984000 1.55000e-01 -8.10000e-01
985000 -1.10000e-01 -7.40000e-01
986000 -1.20000e-01 -7.70000e-01
987000 5.00000e-02 -8.40000e-01
988000 1.55000e-01 -8.10000e-01
989000 -1.00000e-01 -7.40000e-01
990000 -1.25000e-01 -9.10000e-01
991000 -5.00000e-03 -7.30000e-01
992000 -3.85000e-01 -9.50000e-01
993000 -9.50000e-02 -7.40000e-01
994000 1.15000e-01 -8.50000e-01
995000 6.50000e-02 -1.00000e+00
996000 1.05000e-01 -8.00000e-01
997000 1.70000e-01 -6.70000e-01
998000 -1.20000e-01 -7.40000e-01
999000 -2.00000e-02 -6.00000e-01
# The average magnetization is 0.00122
# The average energy per spin is -0.82000
# Program ends.
