=========================================
SLURM_JOB_ID = 60135
SLURM_JOB_NODELIST = node20-78
SLURM_CPUS_ON_NODE = 4
SLURM_JOB_PARTITION = RT
SLURM_TASK_PID = 725735
==========================================
# command: ./a.out -T 4.0 
# ISING simulation, NVT Metropolis Monte Carlo
# L = 20, T = 4.000, nCycles 1000000, fSamp 1000, Seed 23410981
0 -7.00000e-02 -3.40000e-01
1000 1.45000e-01 -4.70000e-01
2000 1.10000e-01 -7.70000e-01
3000 2.45000e-01 -5.20000e-01
4000 -2.50000e-02 -5.80000e-01
5000 1.75000e-01 -5.30000e-01
6000 -7.50000e-02 -5.20000e-01
7000 9.00000e-02 -5.60000e-01
8000 7.50000e-02 -6.40000e-01
9000 -2.50000e-02 -6.80000e-01
10000 8.00000e-02 -6.00000e-01
11000 -1.50000e-02 -5.70000e-01
12000 -3.50000e-02 -5.00000e-01
13000 5.00000e-02 -5.50000e-01
14000 1.10000e-01 -6.00000e-01
15000 4.00000e-02 -6.90000e-01
16000 -2.50000e-02 -4.80000e-01
17000 -7.50000e-02 -5.00000e-01
18000 6.50000e-02 -5.20000e-01
19000 1.25000e-01 -5.30000e-01
20000 2.20000e-01 -8.20000e-01
21000 9.50000e-02 -5.70000e-01
22000 -1.15000e-01 -5.50000e-01
23000 -6.50000e-02 -3.70000e-01
24000 6.00000e-02 -6.30000e-01
25000 1.05000e-01 -4.80000e-01
26000 8.50000e-02 -5.60000e-01
27000 -5.50000e-02 -4.50000e-01
28000 -3.00000e-02 -5.80000e-01
29000 5.50000e-02 -5.50000e-01
30000 -5.50000e-02 -4.90000e-01
31000 -2.00000e-02 -4.10000e-01
32000 4.00000e-02 -4.60000e-01
33000 -9.50000e-02 -4.90000e-01
34000 -9.50000e-02 -6.30000e-01
35000 -1.00000e-02 -7.10000e-01
36000 -3.00000e-02 -4.00000e-01
37000 1.50000e-02 -5.60000e-01
38000 1.05000e-01 -5.10000e-01
39000 -3.50000e-02 -5.10000e-01
40000 -1.65000e-01 -6.00000e-01
41000 2.00000e-02 -7.00000e-01
42000 -1.50000e-02 -6.10000e-01
43000 -7.00000e-02 -6.90000e-01
44000 1.15000e-01 -7.00000e-01
45000 -2.50000e-02 -6.00000e-01
46000 1.50000e-02 -6.10000e-01
47000 -3.50000e-02 -4.90000e-01
48000 6.50000e-02 -3.90000e-01
49000 7.50000e-02 -6.30000e-01
50000 3.50000e-02 -5.40000e-01
51000 1.20000e-01 -4.30000e-01
52000 -4.00000e-02 -6.70000e-01
53000 -4.00000e-02 -4.50000e-01
54000 -1.55000e-01 -4.50000e-01
55000 -5.50000e-02 -5.80000e-01
56000 -7.00000e-02 -4.10000e-01
57000 -5.00000e-02 -6.10000e-01
58000 -1.75000e-01 -5.60000e-01
59000 1.50000e-02 -6.40000e-01
60000 -4.50000e-02 -5.10000e-01
61000 2.55000e-01 -6.30000e-01
62000 1.35000e-01 -5.90000e-01
63000 -7.50000e-02 -6.10000e-01
64000 -3.00000e-02 -6.50000e-01
65000 -5.00000e-02 -5.50000e-01
66000 1.75000e-01 -6.50000e-01
67000 -1.00000e-01 -6.60000e-01
68000 1.65000e-01 -6.00000e-01
69000 2.00000e-01 -5.40000e-01
70000 -5.00000e-02 -5.60000e-01
71000 1.50000e-02 -6.90000e-01
72000 -1.50000e-02 -5.80000e-01
73000 -2.50000e-02 -5.50000e-01
74000 -1.55000e-01 -6.00000e-01
75000 0.00000e+00 -5.80000e-01
76000 -8.50000e-02 -6.20000e-01
77000 -1.00000e-02 -5.10000e-01
78000 -1.75000e-01 -4.90000e-01
79000 -9.00000e-02 -6.30000e-01
80000 5.00000e-03 -5.80000e-01
81000 5.50000e-02 -4.50000e-01
82000 6.00000e-02 -6.30000e-01
83000 2.10000e-01 -6.50000e-01
84000 -2.40000e-01 -6.50000e-01
85000 -4.00000e-02 -6.20000e-01
86000 -9.00000e-02 -5.80000e-01
87000 -1.50000e-02 -6.00000e-01
88000 -1.00000e-02 -6.10000e-01
89000 -5.00000e-03 -7.00000e-01
90000 3.50000e-01 -7.70000e-01
91000 5.00000e-03 -4.50000e-01
92000 -3.15000e-01 -5.40000e-01
93000 -2.00000e-02 -4.90000e-01
94000 5.00000e-02 -7.10000e-01
95000 -4.50000e-02 -5.50000e-01
96000 1.50000e-02 -6.10000e-01
97000 8.00000e-02 -5.70000e-01
98000 2.45000e-01 -4.60000e-01
99000 6.50000e-02 -5.50000e-01
100000 1.50000e-02 -4.70000e-01
101000 1.15000e-01 -6.20000e-01
102000 5.00000e-03 -6.10000e-01
103000 0.00000e+00 -6.40000e-01
104000 1.55000e-01 -5.20000e-01
105000 2.20000e-01 -6.40000e-01
106000 5.00000e-03 -5.50000e-01
107000 1.50000e-01 -4.50000e-01
108000 9.50000e-02 -5.00000e-01
109000 -9.00000e-02 -4.70000e-01
110000 8.00000e-02 -5.70000e-01
111000 2.25000e-01 -6.40000e-01
112000 -5.00000e-03 -6.20000e-01
113000 9.50000e-02 -6.20000e-01
114000 -7.50000e-02 -5.10000e-01
115000 3.50000e-02 -6.50000e-01
116000 5.00000e-03 -5.50000e-01
117000 7.00000e-02 -5.10000e-01
118000 2.50000e-02 -5.90000e-01
119000 -1.10000e-01 -6.00000e-01
120000 -6.50000e-02 -4.90000e-01
121000 8.00000e-02 -5.40000e-01
122000 7.00000e-02 -6.50000e-01
123000 -1.10000e-01 -6.20000e-01
124000 7.00000e-02 -6.40000e-01
125000 -1.80000e-01 -6.20000e-01
126000 -1.00000e-02 -5.60000e-01
127000 5.50000e-02 -6.00000e-01
128000 1.50000e-02 -6.10000e-01
129000 -1.00000e-02 -6.50000e-01
130000 -3.00000e-02 -6.70000e-01
131000 -1.35000e-01 -6.40000e-01
132000 -1.55000e-01 -5.50000e-01
133000 -3.50000e-02 -4.60000e-01
134000 1.00000e-01 -5.20000e-01
135000 -1.55000e-01 -4.40000e-01
136000 2.20000e-01 -6.40000e-01
137000 -4.00000e-02 -6.30000e-01
138000 7.50000e-02 -5.70000e-01
139000 4.00000e-02 -4.80000e-01
140000 -8.50000e-02 -3.90000e-01
141000 1.00000e-01 -5.30000e-01
142000 -3.00000e-02 -3.70000e-01
143000 -8.50000e-02 -6.10000e-01
144000 -1.20000e-01 -4.90000e-01
145000 4.50000e-02 -5.50000e-01
146000 -6.50000e-02 -5.80000e-01
147000 -1.85000e-01 -6.20000e-01
148000 -1.40000e-01 -5.10000e-01
149000 3.00000e-02 -5.20000e-01
150000 2.00000e-02 -6.20000e-01
151000 -4.00000e-02 -3.70000e-01
152000 -3.50000e-02 -6.90000e-01
153000 1.00000e-01 -5.00000e-01
154000 -1.05000e-01 -6.30000e-01
155000 3.50000e-02 -4.60000e-01
156000 7.00000e-02 -5.00000e-01
157000 -5.50000e-02 -5.40000e-01
158000 3.50000e-02 -6.20000e-01
159000 -1.70000e-01 -3.70000e-01
160000 2.00000e-02 -5.90000e-01
161000 1.20000e-01 -4.60000e-01
162000 -5.50000e-02 -4.50000e-01
163000 -6.00000e-02 -5.10000e-01
164000 4.00000e-02 -5.60000e-01
165000 -8.50000e-02 -6.80000e-01
166000 7.00000e-02 -4.70000e-01
167000 -1.40000e-01 -5.30000e-01
168000 1.00000e-01 -5.50000e-01
169000 1.45000e-01 -6.20000e-01
170000 -1.35000e-01 -6.10000e-01
171000 -3.00000e-02 -5.80000e-01
172000 1.10000e-01 -5.70000e-01
173000 -3.50000e-02 -6.60000e-01
174000 -3.00000e-02 -5.50000e-01
175000 1.00000e-01 -5.00000e-01
176000 -9.00000e-02 -6.30000e-01
177000 7.50000e-02 -6.00000e-01
178000 1.05000e-01 -4.40000e-01
179000 2.10000e-01 -7.10000e-01
180000 -8.00000e-02 -5.40000e-01
181000 -5.00000e-03 -6.20000e-01
182000 8.00000e-02 -6.50000e-01
183000 3.50000e-02 -4.10000e-01
184000 1.45000e-01 -5.80000e-01
185000 7.00000e-02 -3.30000e-01
186000 4.50000e-02 -5.10000e-01
187000 2.50000e-01 -7.60000e-01
188000 9.00000e-02 -6.90000e-01
189000 6.00000e-02 -5.20000e-01
190000 -9.00000e-02 -6.20000e-01
191000 1.45000e-01 -5.00000e-01
192000 -4.50000e-02 -5.70000e-01
193000 5.50000e-02 -6.10000e-01
194000 1.75000e-01 -4.40000e-01
195000 1.05000e-01 -6.10000e-01
196000 8.00000e-02 -5.00000e-01
197000 5.50000e-02 -5.90000e-01
198000 -7.50000e-02 -6.40000e-01
199000 -7.00000e-02 -6.30000e-01
200000 -1.00000e-02 -4.50000e-01
201000 -5.50000e-02 -5.20000e-01
202000 -1.55000e-01 -5.30000e-01
203000 1.70000e-01 -4.30000e-01
204000 -1.00000e-02 -6.00000e-01
205000 -5.00000e-03 -5.60000e-01
206000 -4.50000e-02 -5.60000e-01
207000 1.50000e-02 -8.00000e-01
208000 -4.00000e-02 -5.40000e-01
209000 1.30000e-01 -4.80000e-01
210000 3.50000e-02 -5.90000e-01
211000 1.00000e-02 -4.80000e-01
212000 1.20000e-01 -4.50000e-01
213000 -1.30000e-01 -5.00000e-01
214000 -1.40000e-01 -6.00000e-01
215000 -1.25000e-01 -4.50000e-01
216000 1.50000e-02 -5.30000e-01
217000 -1.40000e-01 -6.40000e-01
218000 -4.00000e-02 -5.30000e-01
219000 -1.05000e-01 -6.20000e-01
220000 0.00000e+00 -5.40000e-01
221000 -1.80000e-01 -4.30000e-01
222000 3.50000e-02 -5.50000e-01
223000 -9.50000e-02 -6.80000e-01
224000 -6.50000e-02 -5.20000e-01
225000 1.35000e-01 -6.40000e-01
226000 -4.00000e-02 -5.80000e-01
227000 3.00000e-02 -5.60000e-01
228000 6.50000e-02 -6.10000e-01
229000 8.00000e-02 -7.10000e-01
230000 1.65000e-01 -4.90000e-01
231000 -1.75000e-01 -8.20000e-01
232000 4.50000e-02 -5.00000e-01
233000 -4.50000e-02 -5.10000e-01
234000 3.00000e-02 -5.40000e-01
235000 -6.00000e-02 -4.00000e-01
236000 -4.00000e-02 -6.50000e-01
237000 -8.50000e-02 -7.20000e-01
238000 2.00000e-02 -6.40000e-01
239000 1.00000e-02 -5.40000e-01
240000 -2.00000e-02 -5.80000e-01
241000 1.20000e-01 -5.50000e-01
242000 5.00000e-02 -5.80000e-01
243000 -8.50000e-02 -6.30000e-01
244000 1.55000e-01 -5.40000e-01
245000 -4.50000e-02 -6.50000e-01
246000 -1.80000e-01 -5.50000e-01
247000 5.50000e-02 -5.90000e-01
248000 -1.25000e-01 -6.00000e-01
249000 1.20000e-01 -6.50000e-01
250000 1.45000e-01 -7.10000e-01
251000 -3.00000e-02 -4.50000e-01
252000 -4.00000e-02 -4.70000e-01
253000 1.55000e-01 -5.30000e-01
254000 -4.00000e-02 -5.60000e-01
255000 5.00000e-03 -4.60000e-01
256000 -2.60000e-01 -6.70000e-01
257000 1.00000e-02 -6.50000e-01
258000 -1.00000e-02 -5.80000e-01
259000 3.00000e-02 -5.10000e-01
260000 6.00000e-02 -4.90000e-01
261000 -2.45000e-01 -7.10000e-01
262000 2.00000e-02 -6.10000e-01
263000 4.50000e-02 -5.80000e-01
264000 -1.00000e-02 -4.80000e-01
265000 -9.00000e-02 -5.20000e-01
266000 1.05000e-01 -3.90000e-01
267000 -1.05000e-01 -5.50000e-01
268000 -5.00000e-02 -5.70000e-01
269000 -1.95000e-01 -5.30000e-01
270000 1.80000e-01 -6.10000e-01
271000 5.50000e-02 -6.50000e-01
272000 -5.00000e-03 -5.10000e-01
273000 -6.50000e-02 -4.60000e-01
274000 -4.50000e-02 -5.30000e-01
275000 5.00000e-02 -5.90000e-01
276000 2.00000e-01 -6.20000e-01
277000 9.00000e-02 -5.60000e-01
278000 -1.00000e-01 -5.20000e-01
279000 -7.00000e-02 -4.70000e-01
280000 -1.00000e-01 -4.50000e-01
281000 -1.00000e-01 -5.60000e-01
282000 2.50000e-02 -5.10000e-01
283000 -1.55000e-01 -6.20000e-01
284000 1.35000e-01 -4.70000e-01
285000 1.00000e-02 -4.60000e-01
286000 -4.00000e-02 -5.80000e-01
287000 -2.05000e-01 -6.30000e-01
288000 5.00000e-02 -4.80000e-01
289000 -9.00000e-02 -5.30000e-01
290000 -1.45000e-01 -5.00000e-01
291000 1.95000e-01 -6.50000e-01
292000 1.35000e-01 -6.30000e-01
293000 -1.00000e-01 -5.60000e-01
294000 3.50000e-02 -4.10000e-01
295000 -1.70000e-01 -5.90000e-01
296000 -1.50000e-01 -6.30000e-01
297000 1.50000e-02 -5.30000e-01
298000 6.50000e-02 -5.20000e-01
299000 1.35000e-01 -5.00000e-01
300000 -6.50000e-02 -7.80000e-01
301000 1.00000e-02 -4.30000e-01
302000 1.05000e-01 -5.00000e-01
303000 6.00000e-02 -6.10000e-01
304000 -9.00000e-02 -6.70000e-01
305000 1.75000e-01 -6.50000e-01
306000 -2.10000e-01 -6.20000e-01
307000 2.00000e-02 -5.10000e-01
308000 3.50000e-02 -5.70000e-01
309000 -1.15000e-01 -5.70000e-01
310000 -4.00000e-02 -5.20000e-01
311000 -6.50000e-02 -7.00000e-01
312000 1.00000e-01 -5.30000e-01
313000 1.05000e-01 -6.50000e-01
314000 -4.50000e-02 -4.30000e-01
315000 9.00000e-02 -4.50000e-01
316000 -2.45000e-01 -6.90000e-01
317000 -5.00000e-03 -6.30000e-01
318000 -2.45000e-01 -6.00000e-01
319000 3.50000e-02 -5.60000e-01
320000 -1.00000e-01 -5.40000e-01
321000 8.00000e-02 -6.80000e-01
322000 -1.50000e-02 -5.50000e-01
323000 1.35000e-01 -5.10000e-01
324000 -5.00000e-03 -4.70000e-01
325000 3.50000e-02 -5.60000e-01
326000 -2.00000e-02 -5.20000e-01
327000 9.00000e-02 -5.80000e-01
328000 -8.50000e-02 -5.90000e-01
329000 2.95000e-01 -6.70000e-01
330000 9.00000e-02 -5.00000e-01
331000 1.70000e-01 -5.80000e-01
332000 -5.00000e-02 -5.30000e-01
333000 3.50000e-02 -6.00000e-01
334000 4.50000e-02 -4.10000e-01
335000 6.50000e-02 -6.00000e-01
336000 1.00000e-02 -5.20000e-01
337000 1.50000e-02 -4.70000e-01
338000 -7.00000e-02 -3.80000e-01
339000 9.00000e-02 -5.60000e-01
340000 -1.25000e-01 -4.50000e-01
341000 7.50000e-02 -5.60000e-01
342000 1.25000e-01 -4.50000e-01
343000 8.00000e-02 -5.70000e-01
344000 -3.00000e-02 -5.50000e-01
345000 -1.60000e-01 -6.60000e-01
346000 -4.00000e-02 -5.20000e-01
347000 -1.50000e-02 -6.30000e-01
348000 1.50000e-02 -6.30000e-01
349000 -1.10000e-01 -7.70000e-01
350000 -7.00000e-02 -5.80000e-01
351000 5.00000e-02 -5.50000e-01
352000 -5.00000e-02 -7.00000e-01
353000 -1.75000e-01 -5.10000e-01
354000 1.65000e-01 -4.90000e-01
355000 8.00000e-02 -4.40000e-01
356000 -7.00000e-02 -6.70000e-01
357000 1.50000e-02 -4.70000e-01
358000 2.00000e-02 -5.80000e-01
359000 -5.00000e-02 -5.20000e-01
360000 1.00000e-02 -5.00000e-01
361000 -1.35000e-01 -4.90000e-01
362000 1.60000e-01 -6.60000e-01
363000 3.50000e-02 -7.40000e-01
364000 -2.00000e-02 -6.00000e-01
365000 -2.50000e-02 -4.30000e-01
366000 -1.30000e-01 -4.70000e-01
367000 -2.55000e-01 -7.00000e-01
368000 -9.50000e-02 -6.30000e-01
369000 -1.75000e-01 -6.00000e-01
370000 1.95000e-01 -5.80000e-01
371000 0.00000e+00 -6.40000e-01
372000 3.00000e-02 -5.70000e-01
373000 5.00000e-02 -6.30000e-01
374000 4.00000e-02 -5.20000e-01
375000 2.70000e-01 -5.30000e-01
376000 -8.50000e-02 -5.10000e-01
377000 -4.00000e-02 -5.70000e-01
378000 7.50000e-02 -7.10000e-01
379000 8.00000e-02 -5.70000e-01
380000 1.20000e-01 -5.10000e-01
381000 1.00000e-02 -4.50000e-01
382000 1.05000e-01 -5.30000e-01
383000 1.35000e-01 -5.80000e-01
384000 4.00000e-02 -5.10000e-01
385000 2.00000e-02 -5.30000e-01
386000 -5.00000e-02 -6.70000e-01
387000 7.50000e-02 -6.10000e-01
388000 4.00000e-02 -4.90000e-01
389000 1.20000e-01 -5.10000e-01
390000 1.50000e-02 -4.90000e-01
391000 -6.00000e-02 -6.30000e-01
392000 7.00000e-02 -4.70000e-01
393000 -1.65000e-01 -6.20000e-01
394000 5.00000e-02 -4.90000e-01
395000 8.50000e-02 -4.40000e-01
396000 2.00000e-02 -4.30000e-01
397000 -1.55000e-01 -5.90000e-01
398000 6.00000e-02 -5.00000e-01
399000 7.50000e-02 -6.00000e-01
400000 1.00000e-02 -4.90000e-01
401000 -4.50000e-02 -4.10000e-01
402000 5.00000e-02 -5.30000e-01
403000 4.00000e-02 -5.10000e-01
404000 -1.30000e-01 -4.80000e-01
405000 -5.00000e-02 -6.50000e-01
406000 -6.00000e-02 -7.20000e-01
407000 -4.50000e-02 -5.00000e-01
408000 -1.05000e-01 -6.20000e-01
409000 1.00000e-02 -4.30000e-01
410000 -1.50000e-02 -6.30000e-01
411000 8.50000e-02 -4.70000e-01
412000 7.00000e-02 -4.50000e-01
413000 -6.00000e-02 -5.50000e-01
414000 1.95000e-01 -4.70000e-01
415000 1.20000e-01 -6.00000e-01
416000 1.05000e-01 -5.50000e-01
417000 2.00000e-02 -5.90000e-01
418000 9.50000e-02 -4.90000e-01
419000 4.00000e-02 -6.60000e-01
420000 9.00000e-02 -3.20000e-01
421000 -1.10000e-01 -4.70000e-01
422000 1.65000e-01 -5.00000e-01
423000 -7.00000e-02 -5.90000e-01
424000 1.00000e-02 -6.60000e-01
425000 3.50000e-02 -5.20000e-01
426000 -7.00000e-02 -4.90000e-01
427000 -5.50000e-02 -7.20000e-01
428000 1.90000e-01 -6.60000e-01
429000 1.50000e-02 -5.20000e-01
430000 -2.05000e-01 -6.00000e-01
431000 1.85000e-01 -6.70000e-01
432000 -2.00000e-02 -4.50000e-01
433000 1.50000e-02 -3.30000e-01
434000 5.00000e-03 -4.60000e-01
435000 1.65000e-01 -5.50000e-01
436000 2.20000e-01 -7.60000e-01
437000 -3.00000e-02 -3.90000e-01
438000 -8.50000e-02 -7.30000e-01
439000 -9.00000e-02 -5.50000e-01
440000 -3.00000e-02 -4.70000e-01
441000 -5.50000e-02 -6.50000e-01
442000 -6.50000e-02 -6.10000e-01
443000 1.85000e-01 -6.60000e-01
444000 8.50000e-02 -4.90000e-01
445000 -5.00000e-03 -5.30000e-01
446000 -9.00000e-02 -5.50000e-01
447000 2.50000e-02 -6.00000e-01
448000 -5.00000e-02 -3.70000e-01
449000 5.00000e-03 -4.00000e-01
450000 -1.70000e-01 -5.60000e-01
451000 2.50000e-02 -5.30000e-01
452000 -6.50000e-02 -4.20000e-01
453000 -7.50000e-02 -5.50000e-01
454000 5.00000e-03 -5.50000e-01
455000 1.50000e-02 -5.50000e-01
456000 -1.90000e-01 -5.30000e-01
457000 6.50000e-02 -4.30000e-01
458000 5.00000e-03 -5.50000e-01
459000 -2.30000e-01 -6.90000e-01
460000 -1.35000e-01 -7.10000e-01
461000 8.50000e-02 -5.40000e-01
462000 -1.60000e-01 -4.60000e-01
463000 -1.30000e-01 -4.10000e-01
464000 -2.50000e-02 -3.50000e-01
465000 7.00000e-02 -6.80000e-01
466000 8.00000e-02 -5.40000e-01
467000 -1.60000e-01 -5.60000e-01
468000 1.45000e-01 -6.40000e-01
469000 -2.00000e-02 -3.70000e-01
470000 4.00000e-02 -4.80000e-01
471000 -1.10000e-01 -5.50000e-01
472000 -2.50000e-02 -7.00000e-01
473000 1.95000e-01 -6.50000e-01
474000 -1.50000e-02 -5.10000e-01
475000 8.00000e-02 -5.40000e-01
476000 -1.05000e-01 -5.50000e-01
477000 1.00000e-02 -6.40000e-01
478000 -5.00000e-02 -6.60000e-01
479000 -2.50000e-02 -3.30000e-01
480000 -6.00000e-02 -6.00000e-01
481000 -1.30000e-01 -6.80000e-01
482000 -1.45000e-01 -6.00000e-01
483000 -1.10000e-01 -5.70000e-01
484000 -3.00000e-02 -6.60000e-01
485000 1.00000e-01 -4.30000e-01
486000 1.15000e-01 -5.50000e-01
487000 -4.50000e-02 -5.70000e-01
488000 -7.00000e-02 -5.70000e-01
489000 5.50000e-02 -7.20000e-01
490000 5.00000e-02 -5.30000e-01
491000 -2.00000e-02 -5.00000e-01
492000 1.50000e-02 -4.10000e-01
493000 6.00000e-02 -5.10000e-01
494000 -7.50000e-02 -6.20000e-01
495000 2.00000e-02 -5.60000e-01
496000 5.00000e-03 -5.50000e-01
497000 -1.00000e-01 -6.30000e-01
498000 2.00000e-02 -4.80000e-01
499000 1.40000e-01 -6.20000e-01
500000 1.80000e-01 -5.60000e-01
501000 -6.50000e-02 -5.50000e-01
502000 -9.00000e-02 -4.20000e-01
503000 7.50000e-02 -4.80000e-01
504000 5.50000e-02 -4.30000e-01
505000 1.40000e-01 -7.00000e-01
506000 -7.00000e-02 -5.60000e-01
507000 -6.00000e-02 -5.60000e-01
508000 2.50000e-02 -5.90000e-01
509000 -6.50000e-02 -6.20000e-01
510000 -4.50000e-02 -6.80000e-01
511000 2.50000e-02 -6.70000e-01
512000 -1.50000e-02 -5.10000e-01
513000 2.15000e-01 -5.60000e-01
514000 -1.50000e-02 -5.20000e-01
515000 4.50000e-02 -5.90000e-01
516000 -7.00000e-02 -6.00000e-01
517000 9.00000e-02 -4.80000e-01
518000 -1.35000e-01 -4.40000e-01
519000 5.00000e-03 -4.70000e-01
520000 -5.00000e-02 -7.20000e-01
521000 7.00000e-02 -5.30000e-01
522000 -8.00000e-02 -5.80000e-01
523000 4.00000e-02 -4.90000e-01
524000 -1.25000e-01 -5.40000e-01
525000 1.25000e-01 -5.40000e-01
526000 -9.00000e-02 -5.30000e-01
527000 -1.15000e-01 -6.10000e-01
528000 1.00000e-02 -4.60000e-01
529000 -4.50000e-02 -4.80000e-01
530000 5.50000e-02 -4.90000e-01
531000 2.95000e-01 -8.40000e-01
532000 -2.00000e-02 -4.20000e-01
533000 -3.00000e-02 -3.70000e-01
534000 -3.50000e-02 -4.70000e-01
535000 -1.50000e-02 -5.70000e-01
536000 6.00000e-02 -6.40000e-01
537000 1.60000e-01 -6.40000e-01
538000 -1.05000e-01 -6.50000e-01
539000 1.95000e-01 -5.50000e-01
540000 -5.00000e-02 -5.70000e-01
541000 1.05000e-01 -6.40000e-01
542000 -7.00000e-02 -4.50000e-01
543000 5.00000e-02 -5.50000e-01
544000 -1.15000e-01 -5.80000e-01
545000 3.50000e-02 -5.00000e-01
546000 -8.50000e-02 -5.60000e-01
547000 4.50000e-02 -4.80000e-01
548000 -5.50000e-02 -5.00000e-01
549000 -8.00000e-02 -4.10000e-01
550000 -1.50000e-02 -5.20000e-01
551000 4.50000e-02 -5.40000e-01
552000 1.00000e-02 -5.20000e-01
553000 9.00000e-02 -5.70000e-01
554000 1.90000e-01 -5.90000e-01
555000 -3.00000e-02 -5.30000e-01
556000 -3.00000e-02 -5.10000e-01
557000 -5.50000e-02 -5.60000e-01
558000 -3.50000e-02 -6.90000e-01
559000 8.50000e-02 -7.10000e-01
560000 1.45000e-01 -5.50000e-01
561000 -6.00000e-02 -4.80000e-01
562000 -4.50000e-02 -6.20000e-01
563000 -1.40000e-01 -3.70000e-01
564000 -3.50000e-02 -3.70000e-01
565000 4.00000e-02 -4.70000e-01
566000 -9.00000e-02 -7.30000e-01
567000 8.00000e-02 -5.80000e-01
568000 -1.50000e-02 -5.10000e-01
569000 -6.00000e-02 -6.20000e-01
570000 1.50000e-02 -4.60000e-01
571000 -3.50000e-02 -4.50000e-01
572000 5.00000e-02 -6.50000e-01
573000 -5.00000e-02 -4.50000e-01
574000 -2.35000e-01 -7.40000e-01
575000 -3.00000e-02 -6.00000e-01
576000 1.40000e-01 -7.30000e-01
577000 -1.25000e-01 -5.20000e-01
578000 2.50000e-02 -5.70000e-01
579000 1.70000e-01 -5.80000e-01
580000 -8.50000e-02 -4.90000e-01
581000 1.30000e-01 -6.10000e-01
582000 2.15000e-01 -6.90000e-01
583000 9.00000e-02 -4.60000e-01
584000 -4.00000e-02 -5.90000e-01
585000 4.00000e-02 -5.40000e-01
586000 1.10000e-01 -5.30000e-01
587000 -8.00000e-02 -6.10000e-01
588000 -3.50000e-02 -4.90000e-01
589000 -3.50000e-02 -5.30000e-01
590000 -6.00000e-02 -4.80000e-01
591000 1.00000e-02 -6.20000e-01
592000 1.05000e-01 -7.80000e-01
593000 2.50000e-02 -4.90000e-01
594000 -1.80000e-01 -4.40000e-01
595000 -1.55000e-01 -6.00000e-01
596000 3.50000e-02 -5.40000e-01
597000 7.00000e-02 -5.90000e-01
598000 -1.50000e-02 -6.70000e-01
599000 -6.50000e-02 -4.90000e-01
600000 -9.50000e-02 -4.90000e-01
601000 7.50000e-02 -6.20000e-01
602000 -5.00000e-03 -5.40000e-01
603000 1.35000e-01 -4.40000e-01
604000 2.40000e-01 -6.10000e-01
605000 9.00000e-02 -4.60000e-01
606000 4.00000e-02 -5.50000e-01
607000 -2.50000e-02 -6.30000e-01
608000 1.10000e-01 -4.80000e-01
609000 7.50000e-02 -4.80000e-01
610000 1.10000e-01 -6.00000e-01
611000 -1.25000e-01 -5.70000e-01
612000 -9.00000e-02 -5.30000e-01
613000 -1.55000e-01 -5.80000e-01
614000 3.50000e-02 -4.70000e-01
615000 4.50000e-02 -4.00000e-01
616000 -2.50000e-01 -5.10000e-01
617000 1.30000e-01 -8.00000e-01
618000 9.50000e-02 -5.20000e-01
619000 -9.00000e-02 -5.10000e-01
620000 -9.00000e-02 -4.70000e-01
621000 1.40000e-01 -5.20000e-01
622000 -2.25000e-01 -6.30000e-01
623000 1.50000e-02 -5.50000e-01
624000 8.50000e-02 -5.40000e-01
625000 4.00000e-02 -5.30000e-01
626000 1.05000e-01 -5.30000e-01
627000 -1.50000e-01 -6.40000e-01
628000 1.50000e-01 -6.00000e-01
629000 -1.80000e-01 -6.60000e-01
630000 1.05000e-01 -5.80000e-01
631000 1.00000e-02 -5.70000e-01
632000 -1.50000e-01 -4.40000e-01
633000 1.50000e-02 -6.00000e-01
634000 -5.00000e-03 -6.70000e-01
635000 -3.00000e-02 -5.30000e-01
636000 5.00000e-03 -6.00000e-01
637000 1.50000e-02 -5.90000e-01
638000 1.75000e-01 -5.90000e-01
639000 -8.50000e-02 -5.20000e-01
640000 -5.50000e-02 -6.10000e-01
641000 1.60000e-01 -6.00000e-01
642000 4.50000e-02 -4.40000e-01
643000 2.10000e-01 -7.30000e-01
644000 -2.80000e-01 -7.10000e-01
645000 -1.80000e-01 -4.80000e-01
646000 -5.00000e-03 -4.60000e-01
647000 7.50000e-02 -6.50000e-01
648000 1.70000e-01 -6.30000e-01
649000 -5.50000e-02 -5.90000e-01
650000 -2.00000e-02 -6.40000e-01
651000 -1.75000e-01 -6.00000e-01
652000 1.50000e-02 -5.30000e-01
653000 5.00000e-02 -4.90000e-01
654000 -7.50000e-02 -4.60000e-01
655000 -1.25000e-01 -6.80000e-01
656000 -2.90000e-01 -7.50000e-01
657000 -1.50000e-02 -6.10000e-01
658000 -7.00000e-02 -5.00000e-01
659000 4.00000e-02 -5.40000e-01
660000 4.50000e-02 -5.40000e-01
661000 0.00000e+00 -6.00000e-01
662000 -1.05000e-01 -6.50000e-01
663000 2.20000e-01 -6.20000e-01
664000 4.50000e-02 -4.40000e-01
665000 -3.00000e-02 -5.00000e-01
666000 -1.00000e-01 -5.40000e-01
667000 -1.80000e-01 -5.30000e-01
668000 5.00000e-02 -6.90000e-01
669000 -8.50000e-02 -5.30000e-01
670000 -1.00000e-01 -4.80000e-01
671000 4.50000e-02 -5.60000e-01
672000 -1.50000e-02 -6.00000e-01
673000 1.65000e-01 -4.70000e-01
674000 -8.00000e-02 -5.40000e-01
675000 -6.00000e-02 -5.00000e-01
676000 -1.35000e-01 -5.80000e-01
677000 2.50000e-02 -4.90000e-01
678000 2.50000e-02 -6.20000e-01
679000 -2.00000e-02 -6.50000e-01
680000 -9.00000e-02 -5.40000e-01
681000 -1.55000e-01 -6.30000e-01
682000 -1.55000e-01 -7.50000e-01
683000 4.50000e-02 -7.10000e-01
684000 -2.50000e-02 -5.40000e-01
685000 1.15000e-01 -5.80000e-01
686000 3.00000e-02 -5.40000e-01
687000 3.00000e-02 -6.30000e-01
688000 1.00000e-02 -4.30000e-01
689000 9.00000e-02 -5.30000e-01
690000 6.50000e-02 -6.00000e-01
691000 -2.50000e-02 -4.50000e-01
692000 -5.00000e-02 -4.80000e-01
693000 7.00000e-02 -5.20000e-01
694000 -1.25000e-01 -4.20000e-01
695000 6.00000e-02 -3.80000e-01
696000 1.00000e-02 -5.30000e-01
697000 1.30000e-01 -5.10000e-01
698000 6.00000e-02 -7.30000e-01
699000 6.50000e-02 -5.20000e-01
700000 8.00000e-02 -4.40000e-01
701000 -1.35000e-01 -6.40000e-01
702000 -1.80000e-01 -6.50000e-01
703000 -1.10000e-01 -6.20000e-01
704000 -4.50000e-02 -6.80000e-01
705000 -5.50000e-02 -6.40000e-01
706000 -1.10000e-01 -6.50000e-01
707000 -1.80000e-01 -4.80000e-01
708000 3.00000e-02 -4.00000e-01
709000 -1.95000e-01 -4.80000e-01
710000 -1.20000e-01 -5.00000e-01
711000 3.50000e-02 -6.00000e-01
712000 -6.50000e-02 -5.80000e-01
713000 -1.15000e-01 -4.70000e-01
714000 -1.00000e-02 -4.60000e-01
715000 -1.00000e-02 -6.00000e-01
716000 -1.10000e-01 -4.80000e-01
717000 -1.05000e-01 -5.60000e-01
718000 1.50000e-02 -4.80000e-01
719000 1.60000e-01 -5.10000e-01
720000 -8.00000e-02 -4.90000e-01
721000 -1.00000e-01 -5.80000e-01
722000 -1.50000e-02 -5.50000e-01
723000 2.00000e-02 -5.80000e-01
724000 2.00000e-02 -5.10000e-01
725000 6.50000e-02 -4.90000e-01
726000 -7.50000e-02 -3.90000e-01
727000 -1.50000e-02 -5.80000e-01
728000 1.50000e-02 -5.10000e-01
729000 -6.50000e-02 -5.30000e-01
730000 -1.50000e-02 -4.00000e-01
731000 -2.50000e-02 -4.60000e-01
732000 1.05000e-01 -5.70000e-01
733000 -9.50000e-02 -5.70000e-01
734000 5.50000e-02 -5.40000e-01
735000 -1.70000e-01 -6.70000e-01
736000 -1.50000e-02 -5.80000e-01
737000 4.50000e-02 -5.50000e-01
738000 -3.00000e-02 -4.30000e-01
739000 -8.50000e-02 -4.10000e-01
740000 5.00000e-02 -6.00000e-01
741000 -2.10000e-01 -5.60000e-01
742000 -1.60000e-01 -5.60000e-01
743000 -1.15000e-01 -7.20000e-01
744000 -1.95000e-01 -5.50000e-01
745000 -1.25000e-01 -4.90000e-01
746000 -5.00000e-03 -6.40000e-01
747000 -5.00000e-03 -5.00000e-01
748000 6.50000e-02 -6.10000e-01
749000 -1.50000e-02 -5.30000e-01
750000 5.50000e-02 -7.10000e-01
751000 6.50000e-02 -5.60000e-01
752000 -1.30000e-01 -5.80000e-01
753000 -1.15000e-01 -5.00000e-01
754000 1.55000e-01 -5.20000e-01
755000 1.00000e-01 -5.50000e-01
756000 1.60000e-01 -4.70000e-01
757000 1.00000e-02 -6.50000e-01
758000 4.50000e-02 -6.00000e-01
759000 7.00000e-02 -6.00000e-01
760000 1.95000e-01 -6.00000e-01
761000 -3.50000e-02 -6.70000e-01
762000 -1.50000e-02 -5.90000e-01
763000 5.00000e-02 -6.60000e-01
764000 1.00000e-02 -5.10000e-01
765000 4.50000e-02 -5.60000e-01
766000 2.00000e-02 -4.30000e-01
767000 8.00000e-02 -5.30000e-01
768000 5.00000e-02 -5.10000e-01
769000 2.35000e-01 -7.00000e-01
770000 6.50000e-02 -4.90000e-01
771000 -1.75000e-01 -5.50000e-01
772000 2.50000e-02 -5.20000e-01
773000 -1.00000e-02 -5.30000e-01
774000 -8.50000e-02 -5.40000e-01
775000 -6.00000e-02 -5.20000e-01
776000 -5.00000e-02 -5.70000e-01
777000 3.00000e-02 -5.10000e-01
778000 -1.00000e-02 -6.00000e-01
779000 2.50000e-02 -4.60000e-01
780000 -1.05000e-01 -6.30000e-01
781000 -4.50000e-02 -4.70000e-01
782000 -5.50000e-02 -6.80000e-01
783000 1.75000e-01 -5.50000e-01
784000 -9.00000e-02 -4.90000e-01
785000 -2.00000e-02 -4.70000e-01
786000 7.50000e-02 -5.10000e-01
787000 0.00000e+00 -4.00000e-01
788000 4.50000e-02 -5.60000e-01
789000 -3.50000e-02 -4.80000e-01
790000 2.65000e-01 -6.10000e-01
791000 -1.55000e-01 -6.70000e-01
792000 1.50000e-02 -6.40000e-01
793000 4.00000e-02 -6.20000e-01
794000 1.05000e-01 -5.70000e-01
795000 -1.50000e-02 -6.30000e-01
796000 1.35000e-01 -5.60000e-01
797000 -8.00000e-02 -4.90000e-01
798000 -1.80000e-01 -5.30000e-01
799000 9.50000e-02 -6.40000e-01
800000 1.25000e-01 -7.80000e-01
801000 -1.90000e-01 -5.30000e-01
802000 -5.00000e-02 -5.30000e-01
803000 -1.00000e-02 -5.30000e-01
804000 5.00000e-02 -4.70000e-01
805000 2.05000e-01 -6.70000e-01
806000 -1.30000e-01 -4.70000e-01
807000 8.50000e-02 -6.10000e-01
808000 -3.00000e-02 -5.50000e-01
809000 -2.50000e-02 -4.90000e-01
810000 -5.50000e-02 -5.40000e-01
811000 1.25000e-01 -6.70000e-01
812000 -1.05000e-01 -5.00000e-01
813000 -1.00000e-02 -3.60000e-01
814000 3.00000e-02 -5.20000e-01
815000 7.00000e-02 -4.90000e-01
816000 -1.45000e-01 -6.00000e-01
817000 -1.50000e-02 -4.60000e-01
818000 -1.95000e-01 -5.70000e-01
819000 6.50000e-02 -5.00000e-01
820000 1.50000e-02 -7.60000e-01
821000 -7.00000e-02 -5.40000e-01
822000 -1.20000e-01 -7.00000e-01
823000 1.20000e-01 -5.80000e-01
824000 5.00000e-03 -6.40000e-01
825000 -1.00000e-02 -4.20000e-01
826000 -3.00000e-02 -5.70000e-01
827000 -6.00000e-02 -5.20000e-01
828000 1.25000e-01 -4.70000e-01
829000 -1.50000e-02 -3.90000e-01
830000 -6.50000e-02 -5.60000e-01
831000 1.00000e-01 -6.00000e-01
832000 7.50000e-02 -4.00000e-01
833000 -8.50000e-02 -6.10000e-01
834000 -8.00000e-02 -7.30000e-01
835000 -6.00000e-02 -5.50000e-01
836000 2.00000e-02 -5.80000e-01
837000 -5.00000e-03 -5.30000e-01
838000 -1.75000e-01 -6.70000e-01
839000 3.00000e-02 -5.40000e-01
840000 1.45000e-01 -5.70000e-01
841000 -8.50000e-02 -5.50000e-01
842000 9.50000e-02 -6.90000e-01
843000 -3.50000e-02 -3.80000e-01
844000 -2.50000e-02 -4.80000e-01
845000 1.15000e-01 -4.50000e-01
846000 1.00000e-01 -5.50000e-01
847000 -1.50000e-02 -4.10000e-01
848000 5.00000e-02 -6.00000e-01
849000 -1.85000e-01 -5.10000e-01
850000 -7.00000e-02 -5.40000e-01
851000 1.10000e-01 -6.70000e-01
852000 5.00000e-03 -5.80000e-01
853000 1.05000e-01 -5.10000e-01
854000 -5.50000e-02 -6.80000e-01
855000 -4.00000e-02 -6.30000e-01
856000 5.00000e-03 -6.80000e-01
857000 -1.00000e-02 -5.00000e-01
858000 -1.35000e-01 -4.30000e-01
859000 1.50000e-02 -4.10000e-01
860000 1.75000e-01 -6.60000e-01
861000 -2.45000e-01 -4.40000e-01
862000 1.30000e-01 -6.00000e-01
863000 1.55000e-01 -6.70000e-01
864000 -2.05000e-01 -7.30000e-01
865000 1.05000e-01 -6.60000e-01
866000 1.90000e-01 -5.10000e-01
867000 1.05000e-01 -5.90000e-01
868000 1.30000e-01 -5.10000e-01
869000 1.10000e-01 -5.60000e-01
870000 3.00000e-02 -5.70000e-01
871000 2.00000e-02 -6.30000e-01
872000 1.05000e-01 -5.20000e-01
873000 -4.50000e-02 -5.30000e-01
874000 4.50000e-02 -5.50000e-01
875000 -2.50000e-02 -6.00000e-01
876000 -6.50000e-02 -5.40000e-01
877000 -2.15000e-01 -5.60000e-01
878000 -1.00000e-02 -4.50000e-01
879000 -9.00000e-02 -4.00000e-01
880000 -1.05000e-01 -3.30000e-01
881000 1.15000e-01 -6.40000e-01
882000 -1.55000e-01 -7.70000e-01
883000 6.00000e-02 -5.30000e-01
884000 -9.50000e-02 -6.00000e-01
885000 -1.70000e-01 -6.90000e-01
886000 2.10000e-01 -5.50000e-01
887000 -2.00000e-02 -5.30000e-01
888000 -7.50000e-02 -6.20000e-01
889000 2.00000e-01 -5.90000e-01
890000 -3.50000e-02 -6.00000e-01
891000 -1.20000e-01 -6.20000e-01
892000 -5.00000e-03 -5.40000e-01
893000 1.15000e-01 -6.70000e-01
894000 4.50000e-02 -5.60000e-01
895000 -2.50000e-02 -6.40000e-01
896000 -2.50000e-02 -6.20000e-01
897000 -4.00000e-02 -5.50000e-01
898000 -1.10000e-01 -5.30000e-01
899000 2.00000e-02 -4.90000e-01
900000 9.00000e-02 -5.40000e-01
901000 -1.65000e-01 -4.80000e-01
902000 -1.00000e-01 -5.60000e-01
903000 4.50000e-02 -4.40000e-01
904000 -6.50000e-02 -6.40000e-01
905000 0.00000e+00 -4.10000e-01
906000 -4.00000e-02 -5.00000e-01
907000 1.60000e-01 -4.40000e-01
908000 9.50000e-02 -5.40000e-01
909000 1.00000e-02 -6.50000e-01
910000 3.50000e-02 -6.40000e-01
911000 1.25000e-01 -5.00000e-01
912000 -1.00000e-01 -5.70000e-01
913000 -1.50000e-02 -5.10000e-01
914000 -7.50000e-02 -6.20000e-01
915000 2.35000e-01 -3.90000e-01
916000 -5.50000e-02 -5.70000e-01
917000 2.00000e-02 -5.20000e-01
918000 -1.50000e-02 -4.40000e-01
919000 -1.00000e-01 -6.60000e-01
920000 -1.00000e-02 -5.20000e-01
921000 1.00000e-02 -5.90000e-01
922000 2.00000e-02 -5.60000e-01
923000 8.50000e-02 -5.10000e-01
924000 -2.05000e-01 -5.70000e-01
925000 -5.00000e-03 -4.90000e-01
926000 -5.00000e-03 -5.40000e-01
927000 2.00000e-02 -6.40000e-01
928000 -2.00000e-02 -6.00000e-01
929000 -1.20000e-01 -3.90000e-01
930000 -1.00000e-02 -3.90000e-01
931000 -5.50000e-02 -5.30000e-01
932000 -2.50000e-02 -5.40000e-01
933000 -1.60000e-01 -6.70000e-01
934000 -1.50000e-01 -5.00000e-01
935000 -1.05000e-01 -6.10000e-01
936000 -4.00000e-02 -5.10000e-01
937000 4.50000e-02 -4.10000e-01
938000 -6.00000e-02 -5.60000e-01
939000 -2.50000e-02 -5.40000e-01
940000 -5.00000e-02 -6.20000e-01
941000 -2.50000e-02 -6.00000e-01
942000 -5.50000e-02 -7.00000e-01
943000 1.00000e-02 -5.30000e-01
944000 1.00000e-02 -6.00000e-01
945000 8.00000e-02 -5.10000e-01
946000 -1.95000e-01 -4.90000e-01
947000 1.10000e-01 -4.60000e-01
948000 9.50000e-02 -5.70000e-01
949000 2.00000e-02 -5.10000e-01
950000 -1.70000e-01 -5.90000e-01
951000 1.20000e-01 -5.60000e-01
952000 1.30000e-01 -7.60000e-01
953000 -1.30000e-01 -6.30000e-01
954000 2.50000e-02 -5.40000e-01
955000 2.50000e-02 -4.00000e-01
956000 4.50000e-02 -4.10000e-01
957000 8.50000e-02 -4.20000e-01
958000 7.50000e-02 -4.90000e-01
959000 -2.00000e-02 -5.40000e-01
960000 5.00000e-03 -5.60000e-01
961000 5.00000e-02 -5.70000e-01
962000 -2.25000e-01 -7.00000e-01
963000 1.00000e-02 -5.70000e-01
964000 -1.10000e-01 -4.70000e-01
965000 -1.35000e-01 -6.20000e-01
966000 -5.50000e-02 -5.10000e-01
967000 -2.00000e-02 -5.70000e-01
968000 -2.50000e-02 -6.30000e-01
969000 6.00000e-02 -4.60000e-01
970000 4.50000e-02 -5.00000e-01
971000 5.00000e-03 -5.90000e-01
972000 -1.00000e-02 -5.20000e-01
973000 -6.50000e-02 -5.90000e-01
974000 1.25000e-01 -5.40000e-01
975000 5.50000e-02 -5.20000e-01
976000 1.25000e-01 -5.20000e-01
977000 1.20000e-01 -5.30000e-01
978000 -8.00000e-02 -5.80000e-01
979000 -9.50000e-02 -5.60000e-01
980000 -7.00000e-02 -6.80000e-01
981000 5.00000e-02 -5.80000e-01
982000 -1.65000e-01 -4.80000e-01
983000 -4.50000e-02 -5.90000e-01
984000 1.40000e-01 -5.50000e-01
985000 1.00000e-01 -5.40000e-01
986000 3.00000e-02 -5.90000e-01
987000 -3.50000e-02 -6.30000e-01
988000 1.20000e-01 -6.10000e-01
989000 -6.00000e-02 -5.10000e-01
990000 1.00000e-01 -5.60000e-01
991000 1.30000e-01 -6.20000e-01
992000 -2.20000e-01 -6.10000e-01
993000 7.50000e-02 -5.10000e-01
994000 0.00000e+00 -5.40000e-01
995000 8.00000e-02 -4.10000e-01
996000 2.00000e-02 -6.40000e-01
997000 -6.00000e-02 -6.20000e-01
998000 -1.80000e-01 -5.10000e-01
999000 1.25000e-01 -4.10000e-01
# The average magnetization is -0.00054
# The average energy per spin is -0.55622
# Program ends.
