=========================================
SLURM_JOB_ID = 60374
SLURM_JOB_NODELIST = node20-78
SLURM_CPUS_ON_NODE = 4
SLURM_JOB_PARTITION = RT
SLURM_TASK_PID = 729647
==========================================
# command: ./a.out -T 4.0 -s 12345 
# ISING simulation, NVT Metropolis Monte Carlo
# L = 20, T = 4.000, nCycles 1000000, fSamp 1000, Seed 12345
0 1.30000e-01 -4.20000e-01
1000 1.50000e-02 -4.50000e-01
2000 0.00000e+00 -4.90000e-01
3000 1.25000e-01 -4.60000e-01
4000 2.00000e-02 -4.50000e-01
5000 5.50000e-02 -5.10000e-01
6000 1.20000e-01 -5.10000e-01
7000 3.00000e-02 -4.40000e-01
8000 -1.35000e-01 -5.60000e-01
9000 -5.00000e-02 -6.10000e-01
10000 -1.55000e-01 -5.60000e-01
11000 1.20000e-01 -5.40000e-01
12000 2.00000e-02 -5.20000e-01
13000 -4.00000e-02 -5.30000e-01
14000 8.50000e-02 -6.40000e-01
15000 9.00000e-02 -4.30000e-01
16000 -2.00000e-02 -5.80000e-01
17000 2.00000e-02 -4.90000e-01
18000 -1.25000e-01 -5.80000e-01
19000 1.50000e-02 -7.60000e-01
20000 1.50000e-01 -6.10000e-01
21000 -1.15000e-01 -4.70000e-01
22000 1.00000e-02 -6.70000e-01
23000 1.40000e-01 -6.50000e-01
24000 -4.50000e-02 -5.00000e-01
25000 -9.50000e-02 -5.50000e-01
26000 6.00000e-02 -5.60000e-01
27000 0.00000e+00 -6.50000e-01
28000 6.50000e-02 -4.40000e-01
29000 1.25000e-01 -5.00000e-01
30000 1.55000e-01 -5.10000e-01
31000 -1.50000e-02 -5.50000e-01
32000 -3.00000e-02 -5.70000e-01
33000 0.00000e+00 -6.10000e-01
34000 2.00000e-02 -5.50000e-01
35000 1.15000e-01 -6.60000e-01
36000 -1.00000e-02 -5.30000e-01
37000 4.00000e-02 -5.50000e-01
38000 1.10000e-01 -5.50000e-01
39000 -7.50000e-02 -5.40000e-01
40000 2.55000e-01 -5.50000e-01
41000 3.50000e-02 -4.90000e-01
42000 6.00000e-02 -6.20000e-01
43000 -1.00000e-02 -5.80000e-01
44000 -9.00000e-02 -4.70000e-01
45000 9.00000e-02 -3.80000e-01
46000 7.00000e-02 -4.70000e-01
47000 -1.10000e-01 -7.80000e-01
48000 5.50000e-02 -5.50000e-01
49000 6.00000e-02 -5.50000e-01
50000 -1.00000e-02 -5.70000e-01
51000 -1.75000e-01 -5.40000e-01
52000 2.00000e-02 -6.80000e-01
53000 -9.00000e-02 -3.20000e-01
54000 -1.80000e-01 -5.70000e-01
55000 1.15000e-01 -6.00000e-01
56000 -9.50000e-02 -6.90000e-01
57000 1.70000e-01 -5.30000e-01
58000 1.60000e-01 -7.40000e-01
59000 6.50000e-02 -5.60000e-01
60000 -2.00000e-02 -4.80000e-01
61000 5.50000e-02 -5.30000e-01
62000 2.05000e-01 -6.10000e-01
63000 -3.35000e-01 -6.30000e-01
64000 -9.00000e-02 -6.00000e-01
65000 4.50000e-02 -4.90000e-01
66000 1.95000e-01 -6.20000e-01
67000 1.00000e-02 -6.00000e-01
68000 -1.30000e-01 -4.50000e-01
69000 -1.90000e-01 -5.20000e-01
70000 3.00000e-02 -4.40000e-01
71000 1.50000e-02 -5.30000e-01
72000 -1.20000e-01 -6.20000e-01
73000 -4.00000e-02 -5.80000e-01
74000 -1.35000e-01 -5.30000e-01
75000 -5.50000e-02 -5.70000e-01
76000 3.50000e-02 -5.70000e-01
77000 -7.00000e-02 -7.20000e-01
78000 0.00000e+00 -4.90000e-01
79000 1.00000e-02 -6.10000e-01
80000 -5.00000e-02 -5.20000e-01
81000 1.10000e-01 -6.60000e-01
82000 -3.50000e-02 -5.80000e-01
83000 3.50000e-02 -6.50000e-01
84000 0.00000e+00 -5.60000e-01
85000 8.50000e-02 -6.40000e-01
86000 -1.50000e-02 -5.50000e-01
87000 1.20000e-01 -5.50000e-01
88000 1.00000e-02 -5.70000e-01
89000 -1.00000e-02 -7.10000e-01
90000 1.00000e-02 -5.10000e-01
91000 3.00000e-02 -6.60000e-01
92000 2.00000e-02 -6.50000e-01
93000 1.70000e-01 -6.40000e-01
94000 1.60000e-01 -4.80000e-01
95000 -2.00000e-02 -6.70000e-01
96000 -3.00000e-02 -4.50000e-01
97000 -3.00000e-02 -7.40000e-01
98000 -1.50000e-02 -5.00000e-01
99000 -8.00000e-02 -4.90000e-01
100000 0.00000e+00 -5.50000e-01
101000 -1.15000e-01 -4.00000e-01
102000 -5.00000e-03 -6.30000e-01
103000 9.50000e-02 -5.00000e-01
104000 4.50000e-02 -5.00000e-01
105000 -4.50000e-02 -4.70000e-01
106000 -1.45000e-01 -5.70000e-01
107000 -3.50000e-02 -5.00000e-01
108000 -3.50000e-02 -6.80000e-01
109000 -5.50000e-02 -5.60000e-01
110000 -6.00000e-02 -4.70000e-01
111000 5.00000e-03 -4.40000e-01
112000 2.00000e-02 -5.70000e-01
113000 -1.75000e-01 -6.10000e-01
114000 -1.90000e-01 -7.80000e-01
115000 9.50000e-02 -6.10000e-01
116000 2.00000e-02 -4.90000e-01
117000 -2.00000e-02 -4.40000e-01
118000 8.00000e-02 -4.80000e-01
119000 1.70000e-01 -5.90000e-01
120000 4.50000e-02 -5.20000e-01
121000 5.00000e-02 -6.20000e-01
122000 8.50000e-02 -5.70000e-01
123000 -1.25000e-01 -5.30000e-01
124000 1.50000e-01 -5.70000e-01
125000 -1.60000e-01 -6.60000e-01
126000 -1.15000e-01 -6.30000e-01
127000 -1.30000e-01 -5.80000e-01
128000 -1.50000e-02 -5.70000e-01
129000 2.00000e-02 -6.00000e-01
130000 8.00000e-02 -5.80000e-01
131000 -9.00000e-02 -4.90000e-01
132000 5.50000e-02 -5.30000e-01
133000 1.15000e-01 -6.70000e-01
134000 2.00000e-02 -5.40000e-01
135000 7.00000e-02 -6.10000e-01
136000 -1.00000e-02 -5.00000e-01
137000 -1.90000e-01 -5.50000e-01
138000 -3.00000e-02 -4.60000e-01
139000 1.70000e-01 -6.10000e-01
140000 -2.25000e-01 -6.10000e-01
141000 2.15000e-01 -6.60000e-01
142000 8.00000e-02 -6.60000e-01
143000 -2.50000e-02 -5.20000e-01
144000 -1.50000e-02 -4.70000e-01
145000 -1.45000e-01 -5.40000e-01
146000 2.25000e-01 -5.00000e-01
147000 1.70000e-01 -5.70000e-01
148000 -7.00000e-02 -5.60000e-01
149000 -6.50000e-02 -6.00000e-01
150000 3.50000e-02 -5.00000e-01
151000 5.00000e-02 -6.70000e-01
152000 -2.00000e-02 -5.80000e-01
153000 -3.00000e-02 -5.90000e-01
154000 -1.40000e-01 -7.40000e-01
155000 4.00000e-02 -6.90000e-01
156000 -1.95000e-01 -4.20000e-01
157000 5.50000e-02 -6.00000e-01
158000 -1.15000e-01 -5.80000e-01
159000 4.50000e-02 -5.30000e-01
160000 -1.10000e-01 -6.30000e-01
161000 -3.00000e-02 -4.70000e-01
162000 0.00000e+00 -6.80000e-01
163000 1.85000e-01 -5.20000e-01
164000 1.50000e-01 -7.80000e-01
165000 -6.00000e-02 -5.90000e-01
166000 1.00000e-01 -3.70000e-01
167000 -3.00000e-01 -6.30000e-01
168000 1.15000e-01 -7.00000e-01
169000 -3.50000e-02 -5.80000e-01
170000 -1.90000e-01 -6.40000e-01
171000 5.50000e-02 -5.70000e-01
172000 -2.05000e-01 -7.10000e-01
173000 1.20000e-01 -3.70000e-01
174000 -1.25000e-01 -5.20000e-01
175000 0.00000e+00 -4.80000e-01
176000 -1.60000e-01 -6.80000e-01
177000 -2.50000e-02 -5.80000e-01
178000 8.50000e-02 -5.00000e-01
179000 -4.50000e-02 -7.50000e-01
180000 -2.00000e-02 -6.80000e-01
181000 2.00000e-02 -5.40000e-01
182000 -5.00000e-02 -6.30000e-01
183000 -8.00000e-02 -6.60000e-01
184000 5.00000e-03 -5.40000e-01
185000 8.50000e-02 -5.50000e-01
186000 -1.65000e-01 -6.70000e-01
187000 -9.00000e-02 -5.60000e-01
188000 -9.00000e-02 -5.90000e-01
189000 -8.00000e-02 -5.90000e-01
190000 8.50000e-02 -5.80000e-01
191000 -2.00000e-02 -6.80000e-01
192000 2.50000e-02 -6.40000e-01
193000 3.00000e-02 -5.80000e-01
194000 -2.00000e-02 -5.30000e-01
195000 1.50000e-02 -5.20000e-01
196000 -1.20000e-01 -5.70000e-01
197000 -2.50000e-02 -6.90000e-01
198000 -1.50000e-02 -6.10000e-01
199000 1.80000e-01 -5.80000e-01
200000 7.00000e-02 -4.60000e-01
201000 -5.00000e-02 -6.10000e-01
202000 -8.00000e-02 -5.10000e-01
203000 -5.00000e-03 -4.90000e-01
204000 -1.10000e-01 -5.00000e-01
205000 9.50000e-02 -5.80000e-01
206000 -7.00000e-02 -4.30000e-01
207000 -2.50000e-02 -5.20000e-01
208000 7.00000e-02 -5.00000e-01
209000 -8.50000e-02 -7.10000e-01
210000 6.00000e-02 -6.20000e-01
211000 7.50000e-02 -3.40000e-01
212000 -1.50000e-02 -4.80000e-01
213000 -1.25000e-01 -5.50000e-01
214000 -7.50000e-02 -5.50000e-01
215000 4.50000e-02 -6.20000e-01
216000 -1.50000e-02 -5.20000e-01
217000 9.50000e-02 -5.40000e-01
218000 6.00000e-02 -5.70000e-01
219000 1.50000e-02 -5.70000e-01
220000 0.00000e+00 -7.30000e-01
221000 2.15000e-01 -7.10000e-01
222000 2.00000e-02 -5.10000e-01
223000 -8.00000e-02 -4.90000e-01
224000 -7.50000e-02 -4.30000e-01
225000 -2.00000e-02 -6.40000e-01
226000 4.50000e-02 -5.90000e-01
227000 -3.50000e-02 -4.40000e-01
228000 -6.00000e-02 -4.70000e-01
229000 7.00000e-02 -5.50000e-01
230000 0.00000e+00 -5.50000e-01
231000 -7.00000e-02 -5.10000e-01
232000 -7.50000e-02 -5.40000e-01
233000 -1.00000e-02 -4.90000e-01
234000 -4.00000e-02 -5.30000e-01
235000 -9.50000e-02 -5.20000e-01
236000 2.00000e-02 -5.20000e-01
237000 0.00000e+00 -5.90000e-01
238000 -7.50000e-02 -4.70000e-01
239000 1.00000e-02 -5.50000e-01
240000 1.40000e-01 -6.60000e-01
241000 -5.00000e-02 -6.20000e-01
242000 -6.50000e-02 -5.60000e-01
243000 -9.50000e-02 -5.90000e-01
244000 -2.00000e-01 -5.20000e-01
245000 3.50000e-02 -5.10000e-01
246000 -7.00000e-02 -4.70000e-01
247000 7.50000e-02 -5.50000e-01
248000 9.00000e-02 -5.90000e-01
249000 1.30000e-01 -4.90000e-01
250000 -7.50000e-02 -4.30000e-01
251000 6.00000e-02 -7.10000e-01
252000 -3.00000e-02 -4.80000e-01
253000 -1.85000e-01 -5.60000e-01
254000 -5.00000e-03 -5.20000e-01
255000 1.30000e-01 -5.80000e-01
256000 1.00000e-01 -6.40000e-01
257000 7.00000e-02 -5.60000e-01
258000 1.05000e-01 -6.80000e-01
259000 1.45000e-01 -7.20000e-01
260000 -3.00000e-02 -5.90000e-01
261000 6.00000e-02 -4.70000e-01
262000 -5.50000e-02 -4.20000e-01
263000 1.00000e-02 -6.50000e-01
264000 8.50000e-02 -6.40000e-01
265000 2.50000e-02 -5.00000e-01
266000 7.50000e-02 -6.90000e-01
267000 2.80000e-01 -6.50000e-01
268000 8.50000e-02 -4.40000e-01
269000 1.45000e-01 -6.70000e-01
270000 1.30000e-01 -5.60000e-01
271000 0.00000e+00 -6.30000e-01
272000 6.50000e-02 -4.90000e-01
273000 -1.35000e-01 -5.00000e-01
274000 -1.15000e-01 -4.70000e-01
275000 3.50000e-02 -4.70000e-01
276000 5.00000e-02 -4.50000e-01
277000 -8.50000e-02 -5.60000e-01
278000 -2.50000e-02 -4.40000e-01
279000 1.50000e-02 -7.70000e-01
280000 8.00000e-02 -4.80000e-01
281000 2.15000e-01 -5.10000e-01
282000 1.30000e-01 -6.70000e-01
283000 -2.00000e-02 -7.00000e-01
284000 -3.00000e-02 -5.80000e-01
285000 3.00000e-02 -5.90000e-01
286000 6.00000e-02 -5.80000e-01
287000 -1.10000e-01 -4.50000e-01
288000 1.55000e-01 -4.80000e-01
289000 4.00000e-02 -6.30000e-01
290000 -6.50000e-02 -5.10000e-01
291000 -3.00000e-02 -7.30000e-01
292000 -3.00000e-02 -6.50000e-01
293000 6.00000e-02 -5.60000e-01
294000 -1.20000e-01 -5.50000e-01
295000 0.00000e+00 -5.00000e-01
296000 1.55000e-01 -5.30000e-01
297000 -7.50000e-02 -5.30000e-01
298000 5.00000e-02 -5.80000e-01
299000 2.00000e-02 -5.80000e-01
300000 -8.00000e-02 -5.70000e-01
301000 -8.00000e-02 -6.10000e-01
302000 -4.50000e-02 -4.80000e-01
303000 5.00000e-03 -4.20000e-01
304000 4.50000e-02 -5.20000e-01
305000 3.00000e-02 -6.40000e-01
306000 -5.00000e-02 -5.90000e-01
307000 1.00000e-01 -5.30000e-01
308000 -1.00000e-01 -4.80000e-01
309000 2.50000e-02 -6.50000e-01
310000 9.00000e-02 -5.80000e-01
311000 3.00000e-02 -6.20000e-01
312000 -1.00000e-01 -5.00000e-01
313000 -6.00000e-02 -5.00000e-01
314000 -2.50000e-02 -4.70000e-01
315000 -2.00000e-02 -5.50000e-01
316000 -5.50000e-02 -5.80000e-01
317000 2.55000e-01 -6.00000e-01
318000 1.85000e-01 -5.60000e-01
319000 -1.55000e-01 -6.80000e-01
320000 -3.00000e-01 -6.30000e-01
321000 1.20000e-01 -4.30000e-01
322000 1.00000e-02 -5.70000e-01
323000 -7.00000e-02 -5.60000e-01
324000 -1.70000e-01 -6.40000e-01
325000 1.50000e-02 -5.10000e-01
326000 -9.00000e-02 -4.50000e-01
327000 -4.00000e-02 -6.10000e-01
328000 -1.75000e-01 -5.00000e-01
329000 1.60000e-01 -6.10000e-01
330000 8.00000e-02 -5.80000e-01
331000 1.00000e-01 -5.00000e-01
332000 -7.50000e-02 -5.10000e-01
333000 -6.00000e-02 -5.60000e-01
334000 -1.30000e-01 -4.90000e-01
335000 -2.50000e-02 -6.40000e-01
336000 -5.00000e-03 -5.80000e-01
337000 -8.00000e-02 -6.20000e-01
338000 -1.50000e-02 -7.90000e-01
339000 2.00000e-02 -5.60000e-01
340000 -1.00000e-01 -5.10000e-01
341000 -1.70000e-01 -6.70000e-01
342000 2.50000e-02 -6.80000e-01
343000 -4.00000e-02 -5.80000e-01
344000 1.10000e-01 -5.30000e-01
345000 6.00000e-02 -5.80000e-01
346000 1.15000e-01 -6.10000e-01
347000 -2.55000e-01 -5.20000e-01
348000 1.10000e-01 -4.80000e-01
349000 1.65000e-01 -5.30000e-01
350000 -5.00000e-02 -4.30000e-01
351000 -1.30000e-01 -7.20000e-01
352000 5.50000e-02 -6.90000e-01
353000 -1.15000e-01 -6.40000e-01
354000 7.50000e-02 -4.20000e-01
355000 -2.00000e-02 -5.40000e-01
356000 1.15000e-01 -4.90000e-01
357000 -1.00000e-02 -3.90000e-01
358000 -1.90000e-01 -6.20000e-01
359000 -7.50000e-02 -6.20000e-01
360000 -8.00000e-02 -4.00000e-01
361000 -1.25000e-01 -4.80000e-01
362000 1.45000e-01 -4.10000e-01
363000 -1.35000e-01 -5.30000e-01
364000 2.50000e-02 -5.50000e-01
365000 6.50000e-02 -6.60000e-01
366000 0.00000e+00 -5.50000e-01
367000 1.80000e-01 -5.00000e-01
368000 -3.50000e-02 -5.50000e-01
369000 -6.00000e-02 -5.70000e-01
370000 5.00000e-03 -4.50000e-01
371000 -5.00000e-03 -6.10000e-01
372000 -5.00000e-03 -4.80000e-01
373000 5.00000e-03 -5.60000e-01
374000 7.00000e-02 -7.00000e-01
375000 -9.00000e-02 -5.30000e-01
376000 -1.40000e-01 -5.80000e-01
377000 -8.50000e-02 -4.90000e-01
378000 -5.00000e-02 -4.20000e-01
379000 4.00000e-02 -4.80000e-01
380000 -8.00000e-02 -5.70000e-01
381000 -2.60000e-01 -6.40000e-01
382000 1.50000e-02 -9.00000e-01
383000 4.50000e-02 -4.90000e-01
384000 -4.00000e-02 -6.70000e-01
385000 -6.50000e-02 -5.20000e-01
386000 3.00000e-02 -5.50000e-01
387000 5.50000e-02 -6.70000e-01
388000 -4.00000e-02 -5.80000e-01
389000 4.00000e-02 -6.40000e-01
390000 6.00000e-02 -5.10000e-01
391000 -1.00000e-01 -6.20000e-01
392000 5.00000e-03 -4.70000e-01
393000 0.00000e+00 -5.40000e-01
394000 2.50000e-02 -6.00000e-01
395000 5.00000e-03 -5.40000e-01
396000 1.95000e-01 -5.40000e-01
397000 2.50000e-02 -7.50000e-01
398000 -4.00000e-02 -5.10000e-01
399000 2.00000e-02 -6.50000e-01
400000 1.00000e-02 -5.20000e-01
401000 0.00000e+00 -4.60000e-01
402000 4.00000e-02 -5.80000e-01
403000 -2.00000e-02 -5.30000e-01
404000 7.00000e-02 -4.90000e-01
405000 3.50000e-02 -5.80000e-01
406000 2.50000e-02 -5.50000e-01
407000 -9.50000e-02 -5.70000e-01
408000 1.00000e-01 -5.90000e-01
409000 5.50000e-02 -5.10000e-01
410000 5.00000e-03 -6.80000e-01
411000 4.00000e-02 -4.50000e-01
412000 -9.50000e-02 -5.50000e-01
413000 -8.50000e-02 -5.80000e-01
414000 -5.00000e-03 -6.70000e-01
415000 -1.35000e-01 -5.00000e-01
416000 1.15000e-01 -5.90000e-01
417000 1.50000e-02 -4.40000e-01
418000 1.50000e-01 -7.20000e-01
419000 2.00000e-02 -5.40000e-01
420000 -3.00000e-02 -5.90000e-01
421000 -3.00000e-02 -6.00000e-01
422000 3.00000e-02 -4.50000e-01
423000 1.00000e-02 -5.80000e-01
424000 1.50000e-02 -5.60000e-01
425000 -1.25000e-01 -7.00000e-01
426000 1.30000e-01 -6.30000e-01
427000 -1.00000e-02 -4.10000e-01
428000 -8.00000e-02 -4.70000e-01
429000 -5.50000e-02 -5.90000e-01
430000 4.00000e-02 -4.90000e-01
431000 1.40000e-01 -7.00000e-01
432000 -1.80000e-01 -4.40000e-01
433000 5.00000e-03 -5.70000e-01
434000 -2.50000e-02 -4.60000e-01
435000 -8.00000e-02 -4.10000e-01
436000 2.50000e-02 -4.50000e-01
437000 5.50000e-02 -4.50000e-01
438000 1.55000e-01 -5.00000e-01
439000 -1.00000e-01 -6.10000e-01
440000 -9.00000e-02 -6.40000e-01
441000 -1.35000e-01 -7.60000e-01
442000 5.50000e-02 -4.50000e-01
443000 9.00000e-02 -4.80000e-01
444000 3.00000e-02 -4.80000e-01
445000 -1.85000e-01 -6.40000e-01
446000 0.00000e+00 -5.90000e-01
447000 2.10000e-01 -6.30000e-01
448000 -4.00000e-02 -5.10000e-01
449000 -6.50000e-02 -6.20000e-01
450000 -3.00000e-02 -7.50000e-01
451000 1.00000e-02 -5.20000e-01
452000 -9.00000e-02 -6.20000e-01
453000 -2.50000e-02 -7.30000e-01
454000 -9.00000e-02 -7.00000e-01
455000 -2.00000e-02 -6.30000e-01
456000 1.00000e-02 -5.10000e-01
457000 1.25000e-01 -6.50000e-01
458000 -4.00000e-02 -5.10000e-01
459000 -1.00000e-02 -3.60000e-01
460000 -1.85000e-01 -5.60000e-01
461000 -2.00000e-02 -5.50000e-01
462000 -1.50000e-02 -4.70000e-01
463000 1.10000e-01 -4.40000e-01
464000 1.30000e-01 -5.30000e-01
465000 2.50000e-02 -6.50000e-01
466000 -4.50000e-02 -7.40000e-01
467000 -1.00000e-01 -5.50000e-01
468000 -7.00000e-02 -4.40000e-01
469000 2.50000e-02 -5.40000e-01
470000 6.00000e-02 -6.20000e-01
471000 -1.30000e-01 -5.30000e-01
472000 -1.65000e-01 -6.80000e-01
473000 3.00000e-02 -6.10000e-01
474000 5.00000e-02 -5.90000e-01
475000 -3.00000e-02 -5.10000e-01
476000 -2.15000e-01 -5.20000e-01
477000 6.50000e-02 -4.80000e-01
478000 -8.00000e-02 -4.20000e-01
479000 -5.00000e-03 -6.10000e-01
480000 -1.55000e-01 -4.80000e-01
481000 1.80000e-01 -4.50000e-01
482000 -1.05000e-01 -4.80000e-01
483000 1.05000e-01 -4.60000e-01
484000 1.10000e-01 -6.70000e-01
485000 -7.00000e-02 -6.80000e-01
486000 2.50000e-02 -5.70000e-01
487000 -5.00000e-02 -6.30000e-01
488000 -2.45000e-01 -5.80000e-01
489000 8.00000e-02 -5.40000e-01
490000 1.70000e-01 -5.40000e-01
491000 3.50000e-02 -7.30000e-01
492000 2.50000e-02 -5.60000e-01
493000 1.90000e-01 -6.30000e-01
494000 1.90000e-01 -7.10000e-01
495000 7.00000e-02 -5.30000e-01
496000 7.00000e-02 -4.50000e-01
497000 -5.00000e-03 -4.70000e-01
498000 2.50000e-02 -4.10000e-01
499000 -1.00000e-01 -5.70000e-01
500000 -8.00000e-02 -3.30000e-01
501000 4.50000e-02 -4.90000e-01
502000 2.50000e-02 -4.60000e-01
503000 7.00000e-02 -6.70000e-01
504000 7.00000e-02 -6.50000e-01
505000 5.50000e-02 -4.30000e-01
506000 1.45000e-01 -6.70000e-01
507000 6.00000e-02 -8.00000e-01
508000 -5.00000e-03 -4.80000e-01
509000 1.25000e-01 -4.90000e-01
510000 -1.00000e-02 -5.70000e-01
511000 9.00000e-02 -4.90000e-01
512000 -4.00000e-02 -5.10000e-01
513000 1.15000e-01 -4.10000e-01
514000 -1.50000e-02 -5.40000e-01
515000 -1.50000e-02 -7.20000e-01
516000 -1.10000e-01 -4.40000e-01
517000 -1.10000e-01 -7.00000e-01
518000 -5.50000e-02 -5.20000e-01
519000 -2.60000e-01 -6.10000e-01
520000 1.10000e-01 -4.40000e-01
521000 -2.50000e-02 -6.30000e-01
522000 -1.15000e-01 -7.10000e-01
523000 -1.35000e-01 -5.70000e-01
524000 -4.00000e-02 -6.00000e-01
525000 5.00000e-02 -6.00000e-01
526000 -1.20000e-01 -7.50000e-01
527000 9.50000e-02 -5.70000e-01
528000 9.00000e-02 -4.50000e-01
529000 -4.00000e-02 -4.90000e-01
530000 5.50000e-02 -4.60000e-01
531000 -5.50000e-02 -5.90000e-01
532000 -1.30000e-01 -6.60000e-01
533000 7.50000e-02 -5.20000e-01
534000 -1.15000e-01 -6.40000e-01
535000 -1.00000e-02 -5.20000e-01
536000 -2.50000e-02 -5.20000e-01
537000 2.50000e-02 -6.50000e-01
538000 -1.60000e-01 -6.50000e-01
539000 2.55000e-01 -6.10000e-01
540000 -1.05000e-01 -4.10000e-01
541000 1.00000e-02 -6.50000e-01
542000 -1.50000e-01 -6.60000e-01
543000 -6.00000e-02 -6.10000e-01
544000 -5.50000e-02 -5.60000e-01
545000 -3.50000e-02 -6.60000e-01
546000 -7.00000e-02 -4.30000e-01
547000 -1.40000e-01 -5.00000e-01
548000 -1.90000e-01 -6.40000e-01
549000 -7.50000e-02 -5.60000e-01
550000 2.50000e-02 -5.80000e-01
551000 1.10000e-01 -6.30000e-01
552000 -5.50000e-02 -4.20000e-01
553000 -2.00000e-02 -4.10000e-01
554000 2.50000e-02 -6.80000e-01
555000 -5.50000e-02 -5.80000e-01
556000 -1.05000e-01 -5.30000e-01
557000 -6.00000e-02 -5.40000e-01
558000 2.35000e-01 -7.40000e-01
559000 -2.55000e-01 -5.90000e-01
560000 -1.55000e-01 -5.10000e-01
561000 -9.50000e-02 -5.40000e-01
562000 -7.50000e-02 -5.40000e-01
563000 4.50000e-02 -4.00000e-01
564000 3.00000e-02 -4.70000e-01
565000 -2.50000e-02 -6.60000e-01
566000 2.50000e-02 -5.00000e-01
567000 6.00000e-02 -5.50000e-01
568000 -8.50000e-02 -5.10000e-01
569000 1.40000e-01 -5.40000e-01
570000 5.50000e-02 -6.50000e-01
571000 1.60000e-01 -5.30000e-01
572000 1.40000e-01 -7.10000e-01
573000 1.00000e-01 -5.00000e-01
574000 1.30000e-01 -5.30000e-01
575000 -3.50000e-02 -6.10000e-01
576000 2.60000e-01 -6.60000e-01
577000 -2.00000e-02 -5.90000e-01
578000 -1.50000e-02 -4.70000e-01
579000 -1.00000e-02 -5.00000e-01
580000 4.00000e-02 -5.80000e-01
581000 8.50000e-02 -5.10000e-01
582000 9.50000e-02 -5.60000e-01
583000 5.00000e-03 -5.30000e-01
584000 -4.50000e-02 -5.90000e-01
585000 7.00000e-02 -6.00000e-01
586000 -3.00000e-02 -4.20000e-01
587000 1.85000e-01 -5.70000e-01
588000 -1.00000e-01 -5.40000e-01
589000 2.00000e-02 -6.40000e-01
590000 3.00000e-02 -6.10000e-01
591000 3.00000e-02 -6.80000e-01
592000 -5.00000e-03 -4.30000e-01
593000 -1.60000e-01 -7.10000e-01
594000 -5.50000e-02 -6.10000e-01
595000 -1.15000e-01 -6.80000e-01
596000 6.00000e-02 -6.40000e-01
597000 1.10000e-01 -6.10000e-01
598000 2.50000e-02 -4.30000e-01
599000 8.50000e-02 -4.60000e-01
600000 8.00000e-02 -6.20000e-01
601000 -6.50000e-02 -5.50000e-01
602000 -1.50000e-02 -5.90000e-01
603000 3.50000e-02 -6.10000e-01
604000 -8.50000e-02 -5.40000e-01
605000 1.40000e-01 -6.50000e-01
606000 -1.50000e-02 -6.00000e-01
607000 -1.90000e-01 -5.00000e-01
608000 4.50000e-02 -6.20000e-01
609000 1.15000e-01 -6.20000e-01
610000 1.55000e-01 -6.00000e-01
611000 -8.00000e-02 -5.70000e-01
612000 -3.00000e-02 -5.00000e-01
613000 1.30000e-01 -5.90000e-01
614000 1.00000e-01 -5.00000e-01
615000 1.05000e-01 -5.90000e-01
616000 8.00000e-02 -4.50000e-01
617000 1.50000e-02 -6.70000e-01
618000 0.00000e+00 -8.00000e-01
619000 2.00000e-02 -5.90000e-01
620000 1.50000e-01 -8.40000e-01
621000 -9.50000e-02 -5.70000e-01
622000 2.00000e-01 -4.50000e-01
623000 -1.30000e-01 -5.70000e-01
624000 -1.90000e-01 -5.40000e-01
625000 9.00000e-02 -7.00000e-01
626000 3.00000e-02 -5.80000e-01
627000 1.80000e-01 -6.80000e-01
628000 5.50000e-02 -5.80000e-01
629000 0.00000e+00 -3.50000e-01
630000 -8.50000e-02 -5.30000e-01
631000 -2.05000e-01 -6.20000e-01
632000 1.90000e-01 -6.30000e-01
633000 -1.90000e-01 -6.40000e-01
634000 9.00000e-02 -5.10000e-01
635000 9.50000e-02 -6.70000e-01
636000 -5.00000e-03 -5.40000e-01
637000 -3.50000e-02 -6.70000e-01
638000 -2.00000e-02 -5.80000e-01
639000 1.20000e-01 -5.30000e-01
640000 -5.50000e-02 -4.00000e-01
641000 5.00000e-03 -4.80000e-01
642000 7.50000e-02 -5.50000e-01
643000 -1.50000e-01 -7.50000e-01
644000 -3.00000e-02 -5.50000e-01
645000 5.50000e-02 -4.80000e-01
646000 -6.50000e-02 -4.40000e-01
647000 2.00000e-02 -4.90000e-01
648000 3.00000e-02 -4.50000e-01
649000 2.00000e-02 -5.80000e-01
650000 0.00000e+00 -6.60000e-01
651000 1.60000e-01 -4.60000e-01
652000 -2.00000e-02 -5.30000e-01
653000 -3.50000e-02 -5.70000e-01
654000 1.25000e-01 -5.70000e-01
655000 3.50000e-02 -5.70000e-01
656000 -2.45000e-01 -5.50000e-01
657000 -5.00000e-02 -6.60000e-01
658000 -9.50000e-02 -4.70000e-01
659000 -8.50000e-02 -4.80000e-01
660000 -5.00000e-03 -5.70000e-01
661000 -1.55000e-01 -6.20000e-01
662000 1.00000e-02 -6.30000e-01
663000 -1.50000e-02 -5.20000e-01
664000 -5.00000e-02 -4.90000e-01
665000 3.50000e-02 -5.50000e-01
666000 8.50000e-02 -6.00000e-01
667000 8.00000e-02 -5.40000e-01
668000 -3.00000e-02 -6.60000e-01
669000 0.00000e+00 -5.90000e-01
670000 5.00000e-03 -5.10000e-01
671000 -8.00000e-02 -5.20000e-01
672000 0.00000e+00 -6.20000e-01
673000 6.00000e-02 -6.50000e-01
674000 0.00000e+00 -5.30000e-01
675000 -4.50000e-02 -5.20000e-01
676000 -6.00000e-02 -6.10000e-01
677000 5.50000e-02 -6.10000e-01
678000 1.10000e-01 -5.80000e-01
679000 5.00000e-02 -5.30000e-01
680000 -1.15000e-01 -6.90000e-01
681000 8.00000e-02 -6.60000e-01
682000 1.30000e-01 -5.30000e-01
683000 3.00000e-02 -4.20000e-01
684000 8.50000e-02 -6.20000e-01
685000 -8.00000e-02 -6.10000e-01
686000 -1.90000e-01 -5.50000e-01
687000 -2.30000e-01 -6.10000e-01
688000 1.15000e-01 -5.10000e-01
689000 -9.50000e-02 -6.20000e-01
690000 -9.00000e-02 -5.50000e-01
691000 -1.65000e-01 -4.60000e-01
692000 2.55000e-01 -5.70000e-01
693000 1.00000e-01 -5.50000e-01
694000 -6.00000e-02 -5.30000e-01
695000 -5.00000e-03 -5.20000e-01
696000 -1.15000e-01 -4.70000e-01
697000 1.50000e-01 -4.50000e-01
698000 -1.50000e-02 -6.50000e-01
699000 1.55000e-01 -5.80000e-01
700000 -7.00000e-02 -5.50000e-01
701000 1.50000e-02 -5.00000e-01
702000 1.95000e-01 -5.50000e-01
703000 5.00000e-02 -6.20000e-01
704000 8.50000e-02 -6.10000e-01
705000 2.15000e-01 -5.80000e-01
706000 -6.00000e-02 -5.80000e-01
707000 1.10000e-01 -4.90000e-01
708000 0.00000e+00 -6.50000e-01
709000 -1.70000e-01 -5.60000e-01
710000 -5.00000e-03 -3.80000e-01
711000 -3.00000e-02 -5.00000e-01
712000 8.50000e-02 -4.60000e-01
713000 3.00000e-02 -5.20000e-01
714000 -4.00000e-02 -5.50000e-01
715000 7.00000e-02 -5.70000e-01
716000 2.25000e-01 -7.10000e-01
717000 1.50000e-02 -6.00000e-01
718000 -1.15000e-01 -6.30000e-01
719000 2.05000e-01 -5.80000e-01
720000 1.60000e-01 -5.30000e-01
721000 -1.05000e-01 -6.00000e-01
722000 5.00000e-02 -4.70000e-01
723000 -3.00000e-02 -6.20000e-01
724000 0.00000e+00 -6.90000e-01
725000 5.00000e-02 -6.00000e-01
726000 -6.00000e-02 -5.70000e-01
727000 -1.20000e-01 -6.60000e-01
728000 5.00000e-02 -6.70000e-01
729000 3.50000e-02 -6.40000e-01
730000 -1.50000e-02 -5.50000e-01
731000 -2.00000e-02 -5.40000e-01
732000 -1.60000e-01 -5.60000e-01
733000 -1.00000e-02 -5.60000e-01
734000 6.50000e-02 -5.40000e-01
735000 -6.50000e-02 -6.40000e-01
736000 2.00000e-01 -5.20000e-01
737000 1.00000e-02 -3.70000e-01
738000 1.65000e-01 -5.80000e-01
739000 1.50000e-02 -5.10000e-01
740000 -5.50000e-02 -4.90000e-01
741000 1.05000e-01 -7.60000e-01
742000 2.50000e-02 -5.80000e-01
743000 -2.00000e-02 -6.60000e-01
744000 5.50000e-02 -5.60000e-01
745000 7.00000e-02 -5.50000e-01
746000 -4.50000e-02 -4.70000e-01
747000 1.20000e-01 -5.40000e-01
748000 -7.00000e-02 -5.90000e-01
749000 5.00000e-02 -5.40000e-01
750000 -4.50000e-02 -4.80000e-01
751000 2.50000e-02 -5.30000e-01
752000 -5.00000e-03 -6.10000e-01
753000 4.50000e-02 -5.60000e-01
754000 1.90000e-01 -5.10000e-01
755000 1.50000e-02 -6.50000e-01
756000 -1.30000e-01 -5.80000e-01
757000 3.50000e-02 -5.30000e-01
758000 1.05000e-01 -4.50000e-01
759000 1.10000e-01 -6.50000e-01
760000 1.25000e-01 -5.20000e-01
761000 4.00000e-02 -6.20000e-01
762000 1.40000e-01 -6.60000e-01
763000 7.50000e-02 -5.30000e-01
764000 -1.50000e-02 -6.20000e-01
765000 -3.00000e-02 -4.70000e-01
766000 -7.00000e-02 -5.80000e-01
767000 2.00000e-02 -5.80000e-01
768000 6.00000e-02 -4.80000e-01
769000 -1.70000e-01 -6.70000e-01
770000 -3.50000e-02 -5.00000e-01
771000 -5.00000e-03 -5.90000e-01
772000 -4.00000e-02 -5.40000e-01
773000 7.00000e-02 -7.20000e-01
774000 -6.50000e-02 -5.50000e-01
775000 5.00000e-02 -6.40000e-01
776000 -7.00000e-02 -4.80000e-01
777000 8.00000e-02 -4.90000e-01
778000 -1.00000e-02 -3.90000e-01
779000 -7.50000e-02 -6.00000e-01
780000 6.00000e-02 -7.10000e-01
781000 5.50000e-02 -4.40000e-01
782000 -6.50000e-02 -6.50000e-01
783000 2.50000e-02 -5.60000e-01
784000 -6.50000e-02 -3.70000e-01
785000 -1.10000e-01 -4.20000e-01
786000 1.30000e-01 -6.20000e-01
787000 1.75000e-01 -4.90000e-01
788000 -5.00000e-02 -5.40000e-01
789000 -1.60000e-01 -6.20000e-01
790000 -1.00000e-02 -4.80000e-01
791000 -5.00000e-02 -6.80000e-01
792000 0.00000e+00 -5.50000e-01
793000 -2.90000e-01 -5.90000e-01
794000 -1.00000e-02 -5.50000e-01
795000 6.00000e-02 -6.10000e-01
796000 -1.50000e-02 -6.50000e-01
797000 4.00000e-02 -5.40000e-01
798000 -3.00000e-02 -5.40000e-01
799000 -6.50000e-02 -5.80000e-01
800000 -1.00000e-01 -6.70000e-01
801000 -6.00000e-02 -4.00000e-01
802000 -6.00000e-02 -5.70000e-01
803000 1.50000e-02 -6.40000e-01
804000 -1.60000e-01 -5.50000e-01
805000 2.35000e-01 -5.70000e-01
806000 1.00000e-01 -5.80000e-01
807000 -1.05000e-01 -4.60000e-01
808000 -2.50000e-02 -6.10000e-01
809000 -6.00000e-02 -5.20000e-01
810000 3.50000e-02 -6.20000e-01
811000 2.00000e-02 -6.90000e-01
812000 -8.50000e-02 -6.20000e-01
813000 -1.00000e-02 -4.80000e-01
814000 -4.00000e-02 -3.70000e-01
815000 -1.20000e-01 -4.90000e-01
816000 4.50000e-02 -3.60000e-01
817000 -5.50000e-02 -6.10000e-01
818000 -1.15000e-01 -5.90000e-01
819000 5.00000e-02 -6.60000e-01
820000 -4.00000e-02 -4.60000e-01
821000 -3.00000e-02 -4.70000e-01
822000 8.00000e-02 -4.20000e-01
823000 7.50000e-02 -5.50000e-01
824000 -1.25000e-01 -5.20000e-01
825000 2.00000e-02 -6.20000e-01
826000 -3.50000e-02 -4.00000e-01
827000 -1.05000e-01 -5.30000e-01
828000 -1.00000e-02 -6.40000e-01
829000 -5.00000e-02 -4.40000e-01
830000 5.00000e-03 -4.40000e-01
831000 0.00000e+00 -5.50000e-01
832000 6.00000e-02 -5.20000e-01
833000 -1.25000e-01 -5.40000e-01
834000 1.40000e-01 -5.00000e-01
835000 2.80000e-01 -7.30000e-01
836000 8.00000e-02 -7.80000e-01
837000 1.00000e-02 -6.00000e-01
838000 -3.00000e-02 -5.60000e-01
839000 -1.80000e-01 -5.30000e-01
840000 9.50000e-02 -6.40000e-01
841000 -1.10000e-01 -6.30000e-01
842000 -2.00000e-02 -6.30000e-01
843000 -3.00000e-02 -5.80000e-01
844000 -9.00000e-02 -4.70000e-01
845000 -2.50000e-02 -6.00000e-01
846000 -1.60000e-01 -5.30000e-01
847000 -8.00000e-02 -7.20000e-01
848000 5.00000e-02 -5.50000e-01
849000 3.00000e-02 -6.00000e-01
850000 6.50000e-02 -6.00000e-01
851000 0.00000e+00 -5.60000e-01
852000 2.00000e-01 -5.80000e-01
853000 -9.50000e-02 -5.60000e-01
854000 8.00000e-02 -5.30000e-01
855000 -1.00000e-02 -5.60000e-01
856000 1.35000e-01 -5.50000e-01
857000 -3.50000e-02 -5.50000e-01
858000 -1.05000e-01 -7.00000e-01
859000 -2.50000e-02 -6.00000e-01
860000 1.00000e-02 -5.10000e-01
861000 -1.15000e-01 -5.40000e-01
862000 -3.00000e-02 -5.30000e-01
863000 1.15000e-01 -6.70000e-01
864000 -1.70000e-01 -4.20000e-01
865000 4.00000e-02 -4.60000e-01
866000 -3.50000e-02 -6.80000e-01
867000 1.15000e-01 -4.00000e-01
868000 -1.00000e-02 -5.90000e-01
869000 1.05000e-01 -6.20000e-01
870000 7.00000e-02 -4.00000e-01
871000 -1.00000e-02 -4.30000e-01
872000 8.00000e-02 -4.00000e-01
873000 3.50000e-02 -5.50000e-01
874000 9.00000e-02 -4.50000e-01
875000 2.00000e-02 -5.10000e-01
876000 -3.50000e-02 -5.40000e-01
877000 -2.00000e-02 -4.90000e-01
878000 3.00000e-02 -5.70000e-01
879000 9.50000e-02 -6.70000e-01
880000 -1.05000e-01 -5.00000e-01
881000 -5.00000e-02 -4.30000e-01
882000 -5.00000e-02 -6.20000e-01
883000 -1.10000e-01 -4.80000e-01
884000 1.00000e-02 -5.70000e-01
885000 -8.50000e-02 -4.10000e-01
886000 -2.25000e-01 -5.50000e-01
887000 -1.50000e-02 -5.90000e-01
888000 -4.00000e-02 -5.60000e-01
889000 -2.50000e-02 -5.20000e-01
890000 2.00000e-02 -5.80000e-01
891000 -4.00000e-02 -5.50000e-01
892000 1.65000e-01 -6.10000e-01
893000 -5.00000e-03 -6.10000e-01
894000 1.20000e-01 -5.40000e-01
895000 -1.65000e-01 -5.10000e-01
896000 8.50000e-02 -6.50000e-01
897000 1.30000e-01 -5.90000e-01
898000 1.10000e-01 -5.60000e-01
899000 2.00000e-01 -6.90000e-01
900000 1.40000e-01 -5.50000e-01
901000 1.45000e-01 -5.90000e-01
902000 5.00000e-02 -3.80000e-01
903000 -5.50000e-02 -5.80000e-01
904000 -8.00000e-02 -5.50000e-01
905000 -1.20000e-01 -4.90000e-01
906000 1.00000e-02 -4.30000e-01
907000 4.50000e-02 -5.30000e-01
908000 -3.00000e-02 -5.20000e-01
909000 1.30000e-01 -5.20000e-01
910000 -3.00000e-02 -5.30000e-01
911000 1.30000e-01 -5.70000e-01
912000 4.00000e-02 -4.40000e-01
913000 1.25000e-01 -4.20000e-01
914000 4.50000e-02 -6.20000e-01
915000 -5.50000e-02 -4.60000e-01
916000 1.80000e-01 -5.40000e-01
917000 -5.50000e-02 -5.30000e-01
918000 -7.50000e-02 -6.90000e-01
919000 4.00000e-02 -6.50000e-01
920000 2.50000e-02 -5.70000e-01
921000 9.00000e-02 -5.50000e-01
922000 2.50000e-02 -6.40000e-01
923000 6.50000e-02 -5.20000e-01
924000 -1.50000e-02 -4.90000e-01
925000 1.45000e-01 -5.70000e-01
926000 1.15000e-01 -6.60000e-01
927000 8.00000e-02 -5.10000e-01
928000 6.00000e-02 -6.60000e-01
929000 1.00000e-02 -4.90000e-01
930000 -2.30000e-01 -6.40000e-01
931000 6.00000e-02 -6.20000e-01
932000 5.00000e-02 -4.40000e-01
933000 -1.25000e-01 -5.50000e-01
934000 3.40000e-01 -7.20000e-01
935000 1.35000e-01 -8.50000e-01
936000 -7.00000e-02 -6.50000e-01
937000 8.50000e-02 -5.80000e-01
938000 8.50000e-02 -6.40000e-01
939000 1.10000e-01 -5.40000e-01
940000 2.20000e-01 -6.00000e-01
941000 1.10000e-01 -6.40000e-01
942000 -6.00000e-02 -6.10000e-01
943000 6.00000e-02 -5.80000e-01
944000 7.00000e-02 -5.00000e-01
945000 1.45000e-01 -5.70000e-01
946000 -2.50000e-02 -7.40000e-01
947000 3.50000e-02 -4.90000e-01
948000 -1.15000e-01 -5.60000e-01
949000 1.00000e-01 -5.40000e-01
950000 -5.00000e-03 -5.50000e-01
951000 2.20000e-01 -8.50000e-01
952000 -1.45000e-01 -4.60000e-01
953000 -1.25000e-01 -5.60000e-01
954000 1.50000e-02 -5.10000e-01
955000 9.00000e-02 -7.60000e-01
956000 1.50000e-02 -5.20000e-01
957000 -1.45000e-01 -6.10000e-01
958000 -8.00000e-02 -4.60000e-01
959000 2.05000e-01 -5.20000e-01
960000 8.50000e-02 -3.40000e-01
961000 6.00000e-02 -5.90000e-01
962000 -6.50000e-02 -4.40000e-01
963000 6.00000e-02 -6.00000e-01
964000 -1.00000e-02 -4.00000e-01
965000 5.00000e-03 -5.70000e-01
966000 1.20000e-01 -5.10000e-01
967000 3.00000e-02 -7.00000e-01
968000 5.00000e-02 -5.90000e-01
969000 -6.50000e-02 -5.20000e-01
970000 2.50000e-02 -5.00000e-01
971000 5.50000e-02 -6.20000e-01
972000 -1.05000e-01 -7.20000e-01
973000 -1.00000e-02 -4.80000e-01
974000 1.25000e-01 -6.60000e-01
975000 9.00000e-02 -6.70000e-01
976000 -8.50000e-02 -5.30000e-01
977000 -6.00000e-02 -5.20000e-01
978000 -1.40000e-01 -6.50000e-01
979000 9.50000e-02 -5.70000e-01
980000 2.60000e-01 -6.80000e-01
981000 -3.00000e-02 -3.30000e-01
982000 1.00000e-02 -4.70000e-01
983000 1.45000e-01 -5.00000e-01
984000 3.00000e-02 -5.30000e-01
985000 1.80000e-01 -6.70000e-01
986000 1.35000e-01 -5.50000e-01
987000 3.00000e-02 -5.70000e-01
988000 -1.00000e-02 -4.90000e-01
989000 1.05000e-01 -5.90000e-01
990000 -5.50000e-02 -7.60000e-01
991000 1.05000e-01 -5.60000e-01
992000 2.50000e-01 -5.90000e-01
993000 -2.50000e-02 -5.90000e-01
994000 5.00000e-03 -5.00000e-01
995000 0.00000e+00 -5.50000e-01
996000 5.50000e-02 -5.00000e-01
997000 -7.50000e-02 -4.80000e-01
998000 -1.05000e-01 -4.20000e-01
999000 4.50000e-02 -4.90000e-01
# The average magnetization is 0.00422
# The average energy per spin is -0.56158
# Program ends.
