=========================================
SLURM_JOB_ID = 60164
SLURM_JOB_NODELIST = node20-78
SLURM_CPUS_ON_NODE = 4
SLURM_JOB_PARTITION = RT
SLURM_TASK_PID = 726179
==========================================
# command: ./a.out -T 5.0 
# ISING simulation, NVT Metropolis Monte Carlo
# L = 20, T = 5.000, nCycles 1000000, fSamp 1000, Seed 23410981
0 -6.50000e-02 -3.00000e-01
1000 5.00000e-02 -5.20000e-01
2000 -2.50000e-02 -3.60000e-01
3000 0.00000e+00 -3.30000e-01
4000 8.00000e-02 -4.20000e-01
5000 4.50000e-02 -4.50000e-01
6000 -1.00000e-02 -3.20000e-01
7000 -5.00000e-02 -4.00000e-01
8000 8.00000e-02 -3.20000e-01
9000 3.00000e-02 -4.40000e-01
10000 -5.50000e-02 -4.50000e-01
11000 1.00000e-02 -4.80000e-01
12000 2.00000e-02 -2.70000e-01
13000 8.00000e-02 -3.00000e-01
14000 1.05000e-01 -3.80000e-01
15000 3.00000e-02 -5.60000e-01
16000 -3.00000e-02 -3.80000e-01
17000 -6.00000e-02 -4.70000e-01
18000 -1.05000e-01 -3.70000e-01
19000 -2.50000e-02 -3.90000e-01
20000 3.50000e-02 -4.60000e-01
21000 1.15000e-01 -4.90000e-01
22000 1.45000e-01 -4.70000e-01
23000 0.00000e+00 -3.90000e-01
24000 -1.25000e-01 -4.80000e-01
25000 -4.50000e-02 -3.90000e-01
26000 -2.00000e-02 -4.30000e-01
27000 5.00000e-03 -5.60000e-01
28000 8.50000e-02 -5.20000e-01
29000 1.90000e-01 -4.80000e-01
30000 -7.00000e-02 -3.30000e-01
31000 7.50000e-02 -4.40000e-01
32000 -3.50000e-02 -3.50000e-01
33000 2.50000e-02 -4.50000e-01
34000 -1.50000e-01 -5.10000e-01
35000 1.00000e-01 -5.50000e-01
36000 7.00000e-02 -4.70000e-01
37000 5.00000e-02 -4.20000e-01
38000 1.35000e-01 -4.80000e-01
39000 5.00000e-03 -3.60000e-01
40000 7.00000e-02 -4.40000e-01
41000 5.50000e-02 -5.70000e-01
42000 1.40000e-01 -4.10000e-01
43000 -2.50000e-02 -4.40000e-01
44000 -5.00000e-03 -4.10000e-01
45000 0.00000e+00 -4.90000e-01
46000 -1.20000e-01 -4.80000e-01
47000 5.00000e-02 -3.50000e-01
48000 6.50000e-02 -2.90000e-01
49000 -5.00000e-02 -3.50000e-01
50000 4.00000e-02 -3.70000e-01
51000 5.00000e-02 -3.90000e-01
52000 -1.15000e-01 -5.10000e-01
53000 1.50000e-02 -5.00000e-01
54000 0.00000e+00 -3.80000e-01
55000 3.00000e-02 -4.70000e-01
56000 -3.50000e-02 -4.20000e-01
57000 -8.50000e-02 -4.10000e-01
58000 -3.00000e-02 -3.80000e-01
59000 -5.00000e-03 -4.40000e-01
60000 2.00000e-02 -4.70000e-01
61000 -1.20000e-01 -4.10000e-01
62000 -5.50000e-02 -3.10000e-01
63000 1.00000e-02 -4.30000e-01
64000 6.50000e-02 -5.10000e-01
65000 1.05000e-01 -4.00000e-01
66000 9.00000e-02 -4.10000e-01
67000 -4.00000e-02 -4.50000e-01
68000 -1.00000e-02 -4.50000e-01
69000 -6.50000e-02 -4.70000e-01
70000 4.50000e-02 -4.00000e-01
71000 -2.00000e-02 -4.20000e-01
72000 8.50000e-02 -4.20000e-01
73000 -8.50000e-02 -5.00000e-01
74000 9.50000e-02 -3.60000e-01
75000 6.00000e-02 -4.80000e-01
76000 8.00000e-02 -4.70000e-01
77000 8.50000e-02 -3.50000e-01
78000 -1.00000e-01 -3.60000e-01
79000 1.25000e-01 -3.60000e-01
80000 -2.00000e-02 -4.90000e-01
81000 2.20000e-01 -5.10000e-01
82000 -1.45000e-01 -4.70000e-01
83000 -4.00000e-02 -4.10000e-01
84000 -1.50000e-01 -4.20000e-01
85000 -6.50000e-02 -4.70000e-01
86000 -5.00000e-03 -5.80000e-01
87000 8.00000e-02 -4.30000e-01
88000 7.00000e-02 -5.60000e-01
89000 -4.50000e-02 -3.80000e-01
90000 1.50000e-02 -5.60000e-01
91000 -5.00000e-02 -3.80000e-01
92000 2.00000e-02 -3.10000e-01
93000 1.35000e-01 -4.50000e-01
94000 1.00000e-02 -4.10000e-01
95000 3.00000e-02 -4.90000e-01
96000 1.55000e-01 -5.10000e-01
97000 4.00000e-02 -3.30000e-01
98000 -3.00000e-02 -3.70000e-01
99000 -1.80000e-01 -5.70000e-01
100000 -2.00000e-02 -4.40000e-01
101000 0.00000e+00 -4.50000e-01
102000 7.50000e-02 -4.10000e-01
103000 3.50000e-02 -5.30000e-01
104000 -1.25000e-01 -5.10000e-01
105000 -4.00000e-02 -5.20000e-01
106000 4.50000e-02 -5.20000e-01
107000 -1.60000e-01 -3.70000e-01
108000 -2.50000e-02 -4.00000e-01
109000 9.50000e-02 -4.20000e-01
110000 8.00000e-02 -3.70000e-01
111000 -5.00000e-02 -5.20000e-01
112000 -1.75000e-01 -3.20000e-01
113000 6.50000e-02 -5.10000e-01
114000 6.50000e-02 -3.70000e-01
115000 6.50000e-02 -4.70000e-01
116000 4.00000e-02 -3.90000e-01
117000 1.55000e-01 -4.70000e-01
118000 -6.50000e-02 -5.00000e-01
119000 2.50000e-02 -4.20000e-01
120000 1.00000e-02 -3.60000e-01
121000 -1.50000e-02 -5.30000e-01
122000 -2.50000e-02 -5.20000e-01
123000 -3.00000e-02 -4.80000e-01
124000 -1.00000e-02 -3.80000e-01
125000 -2.00000e-02 -4.90000e-01
126000 -1.00000e-02 -3.70000e-01
127000 1.00000e-02 -3.80000e-01
128000 5.00000e-03 -6.10000e-01
129000 4.50000e-02 -4.30000e-01
130000 1.00000e-01 -3.50000e-01
131000 -6.50000e-02 -4.60000e-01
132000 4.00000e-02 -3.40000e-01
133000 3.00000e-02 -4.90000e-01
134000 -1.90000e-01 -4.10000e-01
135000 1.10000e-01 -3.00000e-01
136000 -5.00000e-03 -4.50000e-01
137000 -5.50000e-02 -4.30000e-01
138000 -3.00000e-02 -5.70000e-01
139000 0.00000e+00 -5.60000e-01
140000 -5.00000e-03 -4.00000e-01
141000 4.00000e-02 -4.40000e-01
142000 -6.50000e-02 -4.00000e-01
143000 1.20000e-01 -5.00000e-01
144000 -5.00000e-02 -3.50000e-01
145000 2.50000e-02 -4.00000e-01
146000 -1.30000e-01 -4.90000e-01
147000 8.00000e-02 -5.00000e-01
148000 6.50000e-02 -4.60000e-01
149000 1.75000e-01 -4.20000e-01
150000 -1.00000e-02 -3.50000e-01
151000 -8.00000e-02 -4.00000e-01
152000 -3.00000e-02 -6.00000e-01
153000 1.50000e-02 -4.80000e-01
154000 1.25000e-01 -3.50000e-01
155000 -6.50000e-02 -4.40000e-01
156000 6.00000e-02 -4.90000e-01
157000 -1.10000e-01 -4.60000e-01
158000 7.50000e-02 -5.10000e-01
159000 -4.00000e-02 -4.50000e-01
160000 1.50000e-02 -5.20000e-01
161000 1.75000e-01 -3.70000e-01
162000 -9.00000e-02 -4.70000e-01
163000 1.20000e-01 -5.40000e-01
164000 -2.50000e-02 -4.80000e-01
165000 -1.00000e-02 -4.00000e-01
166000 2.50000e-02 -3.60000e-01
167000 -5.50000e-02 -3.10000e-01
168000 -2.00000e-02 -3.40000e-01
169000 -1.15000e-01 -4.30000e-01
170000 1.15000e-01 -4.30000e-01
171000 -6.00000e-02 -3.90000e-01
172000 -6.50000e-02 -5.40000e-01
173000 -6.00000e-02 -4.60000e-01
174000 1.25000e-01 -4.40000e-01
175000 -6.00000e-02 -4.60000e-01
176000 5.00000e-02 -5.90000e-01
177000 -1.00000e-01 -5.00000e-01
178000 -6.00000e-02 -3.10000e-01
179000 6.00000e-02 -4.50000e-01
180000 -5.50000e-02 -3.20000e-01
181000 1.50000e-02 -2.60000e-01
182000 7.50000e-02 -4.10000e-01
183000 0.00000e+00 -4.50000e-01
184000 5.00000e-02 -3.90000e-01
185000 -3.00000e-02 -3.70000e-01
186000 -1.70000e-01 -4.50000e-01
187000 9.00000e-02 -4.00000e-01
188000 -1.50000e-02 -3.40000e-01
189000 -8.00000e-02 -3.40000e-01
190000 5.00000e-02 -4.00000e-01
191000 -1.25000e-01 -4.90000e-01
192000 -9.00000e-02 -3.90000e-01
193000 3.00000e-02 -4.80000e-01
194000 -1.00000e-01 -4.20000e-01
195000 -5.00000e-03 -3.40000e-01
196000 -1.00000e-01 -4.90000e-01
197000 -4.50000e-02 -5.10000e-01
198000 -2.50000e-02 -4.20000e-01
199000 7.00000e-02 -3.20000e-01
200000 -6.00000e-02 -3.10000e-01
201000 -6.50000e-02 -3.80000e-01
202000 -1.50000e-01 -4.50000e-01
203000 1.50000e-02 -3.80000e-01
204000 -2.00000e-01 -5.40000e-01
205000 2.50000e-02 -4.60000e-01
206000 -5.50000e-02 -3.80000e-01
207000 2.50000e-02 -5.80000e-01
208000 8.00000e-02 -5.00000e-01
209000 -2.10000e-01 -4.20000e-01
210000 3.50000e-02 -4.70000e-01
211000 -1.50000e-02 -2.80000e-01
212000 7.50000e-02 -4.50000e-01
213000 -4.00000e-02 -3.40000e-01
214000 -1.00000e-02 -4.70000e-01
215000 -1.10000e-01 -3.80000e-01
216000 5.50000e-02 -3.70000e-01
217000 2.50000e-02 -2.20000e-01
218000 -9.50000e-02 -2.70000e-01
219000 2.00000e-01 -4.60000e-01
220000 -5.00000e-03 -4.90000e-01
221000 2.00000e-02 -4.70000e-01
222000 8.00000e-02 -4.10000e-01
223000 1.30000e-01 -5.70000e-01
224000 -1.15000e-01 -3.40000e-01
225000 2.35000e-01 -5.80000e-01
226000 4.00000e-02 -4.00000e-01
227000 6.50000e-02 -4.20000e-01
228000 7.50000e-02 -2.70000e-01
229000 -8.50000e-02 -4.20000e-01
230000 -7.00000e-02 -5.30000e-01
231000 -5.00000e-03 -4.60000e-01
232000 -1.65000e-01 -5.30000e-01
233000 4.50000e-02 -3.80000e-01
234000 -1.40000e-01 -4.00000e-01
235000 2.50000e-02 -3.00000e-01
236000 -2.50000e-02 -5.50000e-01
237000 -1.00000e-02 -4.00000e-01
238000 -1.30000e-01 -4.50000e-01
239000 2.05000e-01 -4.60000e-01
240000 1.50000e-02 -4.10000e-01
241000 -8.50000e-02 -3.90000e-01
242000 2.00000e-02 -4.00000e-01
243000 -6.00000e-02 -4.30000e-01
244000 -6.50000e-02 -5.50000e-01
245000 -1.10000e-01 -4.00000e-01
246000 4.00000e-02 -2.80000e-01
247000 -8.00000e-02 -4.50000e-01
248000 1.05000e-01 -5.00000e-01
249000 7.50000e-02 -2.90000e-01
250000 -3.50000e-02 -4.60000e-01
251000 -1.05000e-01 -4.40000e-01
252000 -2.00000e-02 -4.40000e-01
253000 -4.00000e-02 -4.00000e-01
254000 -2.00000e-02 -3.60000e-01
255000 -6.50000e-02 -4.50000e-01
256000 -3.00000e-02 -3.20000e-01
257000 1.00000e-02 -4.00000e-01
258000 0.00000e+00 -2.70000e-01
259000 -4.00000e-02 -4.00000e-01
260000 1.20000e-01 -3.60000e-01
261000 -1.05000e-01 -5.40000e-01
262000 -5.00000e-03 -5.40000e-01
263000 3.50000e-02 -5.00000e-01
264000 0.00000e+00 -4.50000e-01
265000 -6.00000e-02 -3.80000e-01
266000 1.10000e-01 -3.50000e-01
267000 -1.10000e-01 -4.00000e-01
268000 7.00000e-02 -3.90000e-01
269000 -3.50000e-02 -3.00000e-01
270000 1.15000e-01 -3.10000e-01
271000 -1.25000e-01 -5.20000e-01
272000 7.00000e-02 -3.80000e-01
273000 -1.50000e-02 -3.10000e-01
274000 -2.00000e-02 -3.60000e-01
275000 -2.50000e-02 -4.80000e-01
276000 3.00000e-02 -5.40000e-01
277000 0.00000e+00 -4.80000e-01
278000 1.15000e-01 -4.00000e-01
279000 1.00000e-01 -4.00000e-01
280000 -4.00000e-02 -5.10000e-01
281000 -3.50000e-02 -5.00000e-01
282000 1.50000e-02 -3.90000e-01
283000 -1.50000e-01 -3.90000e-01
284000 -1.00000e-02 -3.80000e-01
285000 -3.00000e-02 -5.40000e-01
286000 1.50000e-01 -3.60000e-01
287000 1.05000e-01 -4.40000e-01
288000 -1.45000e-01 -4.40000e-01
289000 -8.50000e-02 -4.30000e-01
290000 4.50000e-02 -3.60000e-01
291000 0.00000e+00 -4.80000e-01
292000 2.00000e-02 -5.00000e-01
293000 2.00000e-02 -4.50000e-01
294000 5.00000e-02 -3.60000e-01
295000 2.00000e-01 -5.80000e-01
296000 2.00000e-02 -4.90000e-01
297000 -5.00000e-03 -3.70000e-01
298000 -3.50000e-02 -3.30000e-01
299000 1.65000e-01 -5.20000e-01
300000 8.50000e-02 -5.60000e-01
301000 -4.00000e-02 -2.60000e-01
302000 7.00000e-02 -3.90000e-01
303000 1.00000e-02 -4.80000e-01
304000 2.00000e-02 -4.00000e-01
305000 2.50000e-02 -2.10000e-01
306000 1.30000e-01 -5.00000e-01
307000 4.00000e-02 -4.10000e-01
308000 1.05000e-01 -3.50000e-01
309000 2.00000e-02 -4.20000e-01
310000 3.50000e-02 -4.50000e-01
311000 -9.50000e-02 -4.10000e-01
312000 3.00000e-02 -4.60000e-01
313000 7.50000e-02 -4.70000e-01
314000 3.00000e-02 -5.00000e-01
315000 -1.00000e-02 -5.20000e-01
316000 8.50000e-02 -4.00000e-01
317000 -2.00000e-02 -4.30000e-01
318000 -2.50000e-02 -3.90000e-01
319000 7.00000e-02 -4.30000e-01
320000 -2.50000e-02 -5.20000e-01
321000 -6.00000e-02 -4.10000e-01
322000 9.00000e-02 -3.60000e-01
323000 -2.30000e-01 -4.20000e-01
324000 5.00000e-02 -3.40000e-01
325000 -2.50000e-02 -4.30000e-01
326000 -4.00000e-02 -4.80000e-01
327000 1.50000e-02 -2.00000e-01
328000 0.00000e+00 -5.30000e-01
329000 8.50000e-02 -5.00000e-01
330000 -1.25000e-01 -5.00000e-01
331000 -1.00000e-01 -3.90000e-01
332000 4.00000e-02 -4.10000e-01
333000 1.80000e-01 -4.70000e-01
334000 3.50000e-02 -4.60000e-01
335000 1.80000e-01 -5.90000e-01
336000 -7.00000e-02 -4.40000e-01
337000 -5.00000e-02 -4.90000e-01
338000 1.50000e-02 -3.90000e-01
339000 -6.50000e-02 -4.10000e-01
340000 4.50000e-02 -5.50000e-01
341000 1.00000e-02 -3.80000e-01
342000 7.50000e-02 -4.30000e-01
343000 0.00000e+00 -4.50000e-01
344000 -7.00000e-02 -4.60000e-01
345000 2.00000e-02 -3.20000e-01
346000 -4.00000e-02 -4.60000e-01
347000 1.50000e-02 -4.30000e-01
348000 -1.10000e-01 -4.80000e-01
349000 1.70000e-01 -3.90000e-01
350000 -1.10000e-01 -5.00000e-01
351000 -1.50000e-01 -4.70000e-01
352000 2.50000e-02 -5.20000e-01
353000 4.00000e-02 -3.50000e-01
354000 -9.50000e-02 -5.00000e-01
355000 1.15000e-01 -5.30000e-01
356000 -5.50000e-02 -4.90000e-01
357000 -3.50000e-02 -4.00000e-01
358000 5.00000e-02 -5.60000e-01
359000 -3.00000e-02 -3.30000e-01
360000 3.00000e-02 -3.70000e-01
361000 1.05000e-01 -4.60000e-01
362000 -1.25000e-01 -4.30000e-01
363000 -1.60000e-01 -4.00000e-01
364000 1.30000e-01 -4.40000e-01
365000 4.00000e-02 -3.90000e-01
366000 -9.50000e-02 -3.70000e-01
367000 6.50000e-02 -5.40000e-01
368000 -1.50000e-02 -3.90000e-01
369000 1.00000e-02 -5.20000e-01
370000 7.00000e-02 -3.90000e-01
371000 -4.00000e-02 -4.60000e-01
372000 5.50000e-02 -4.00000e-01
373000 4.50000e-02 -4.10000e-01
374000 -7.00000e-02 -4.00000e-01
375000 -3.00000e-02 -4.10000e-01
376000 7.50000e-02 -4.90000e-01
377000 -1.50000e-02 -4.30000e-01
378000 -1.00000e-01 -4.30000e-01
379000 -3.50000e-02 -4.50000e-01
380000 2.15000e-01 -5.70000e-01
381000 -1.15000e-01 -3.70000e-01
382000 -3.50000e-02 -3.20000e-01
383000 6.50000e-02 -4.30000e-01
384000 -5.50000e-02 -4.70000e-01
385000 1.50000e-01 -3.20000e-01
386000 5.00000e-03 -4.70000e-01
387000 2.05000e-01 -5.20000e-01
388000 -1.50000e-02 -3.60000e-01
389000 6.50000e-02 -3.00000e-01
390000 9.50000e-02 -3.70000e-01
391000 -5.00000e-02 -5.00000e-01
392000 -8.00000e-02 -4.20000e-01
393000 -4.50000e-02 -4.10000e-01
394000 -1.10000e-01 -5.00000e-01
395000 7.50000e-02 -3.70000e-01
396000 -1.85000e-01 -5.20000e-01
397000 1.00000e-02 -4.90000e-01
398000 -1.50000e-02 -4.40000e-01
399000 1.05000e-01 -4.40000e-01
400000 3.50000e-02 -3.40000e-01
401000 0.00000e+00 -3.50000e-01
402000 5.00000e-02 -4.40000e-01
403000 1.30000e-01 -5.20000e-01
404000 3.00000e-02 -4.80000e-01
405000 2.50000e-02 -4.30000e-01
406000 -5.00000e-03 -4.10000e-01
407000 -7.00000e-02 -4.40000e-01
408000 1.50000e-02 -4.40000e-01
409000 8.00000e-02 -4.50000e-01
410000 1.50000e-02 -6.30000e-01
411000 1.40000e-01 -3.90000e-01
412000 -2.50000e-02 -4.20000e-01
413000 0.00000e+00 -4.60000e-01
414000 -6.50000e-02 -5.20000e-01
415000 1.10000e-01 -5.80000e-01
416000 -1.50000e-02 -3.60000e-01
417000 1.15000e-01 -4.20000e-01
418000 2.00000e-02 -3.70000e-01
419000 4.50000e-02 -4.00000e-01
420000 4.00000e-02 -4.50000e-01
421000 -1.45000e-01 -5.30000e-01
422000 4.50000e-02 -4.70000e-01
423000 -7.50000e-02 -4.00000e-01
424000 7.00000e-02 -4.40000e-01
425000 -7.00000e-02 -4.60000e-01
426000 1.50000e-02 -4.60000e-01
427000 1.30000e-01 -6.70000e-01
428000 5.50000e-02 -4.50000e-01
429000 -5.50000e-02 -5.30000e-01
430000 -5.00000e-02 -3.60000e-01
431000 1.40000e-01 -4.20000e-01
432000 -4.50000e-02 -4.00000e-01
433000 -5.50000e-02 -4.20000e-01
434000 -5.00000e-02 -4.40000e-01
435000 -1.40000e-01 -4.00000e-01
436000 1.25000e-01 -4.50000e-01
437000 7.50000e-02 -4.00000e-01
438000 -1.00000e-02 -3.20000e-01
439000 9.50000e-02 -4.50000e-01
440000 1.00000e-02 -3.70000e-01
441000 3.00000e-02 -3.90000e-01
442000 1.05000e-01 -4.20000e-01
443000 -6.50000e-02 -3.70000e-01
444000 -1.50000e-01 -2.50000e-01
445000 -5.50000e-02 -5.10000e-01
446000 1.15000e-01 -3.80000e-01
447000 1.50000e-01 -3.90000e-01
448000 7.00000e-02 -5.40000e-01
449000 1.45000e-01 -4.80000e-01
450000 2.50000e-01 -4.00000e-01
451000 -1.90000e-01 -4.70000e-01
452000 1.00000e-02 -3.10000e-01
453000 -1.95000e-01 -4.60000e-01
454000 -2.50000e-02 -4.70000e-01
455000 1.00000e-02 -4.00000e-01
456000 1.20000e-01 -4.80000e-01
457000 -4.50000e-02 -3.80000e-01
458000 3.50000e-02 -3.70000e-01
459000 1.00000e-02 -5.50000e-01
460000 -8.00000e-02 -3.20000e-01
461000 -9.50000e-02 -3.60000e-01
462000 6.50000e-02 -3.60000e-01
463000 0.00000e+00 -4.50000e-01
464000 2.00000e-02 -3.70000e-01
465000 1.30000e-01 -4.00000e-01
466000 7.00000e-02 -5.00000e-01
467000 -1.00000e-02 -5.20000e-01
468000 -5.00000e-03 -3.80000e-01
469000 -2.00000e-02 -3.80000e-01
470000 -3.50000e-02 -3.80000e-01
471000 -9.50000e-02 -5.30000e-01
472000 1.50000e-02 -3.30000e-01
473000 -1.00000e-02 -4.90000e-01
474000 8.50000e-02 -3.70000e-01
475000 -1.35000e-01 -3.80000e-01
476000 1.20000e-01 -4.10000e-01
477000 1.10000e-01 -3.40000e-01
478000 1.20000e-01 -3.60000e-01
479000 -8.50000e-02 -4.30000e-01
480000 3.50000e-02 -4.20000e-01
481000 0.00000e+00 -4.80000e-01
482000 -6.50000e-02 -2.40000e-01
483000 5.00000e-03 -3.90000e-01
484000 -1.00000e-01 -5.10000e-01
485000 1.45000e-01 -4.20000e-01
486000 1.05000e-01 -3.70000e-01
487000 1.00000e-02 -4.40000e-01
488000 -1.00000e-02 -5.50000e-01
489000 -5.00000e-03 -5.00000e-01
490000 1.10000e-01 -4.50000e-01
491000 6.50000e-02 -4.20000e-01
492000 -3.00000e-02 -4.00000e-01
493000 -1.00000e-01 -5.30000e-01
494000 -1.50000e-02 -4.20000e-01
495000 -4.50000e-02 -3.80000e-01
496000 1.15000e-01 -3.50000e-01
497000 -1.10000e-01 -3.90000e-01
498000 3.50000e-02 -4.40000e-01
499000 3.00000e-02 -3.40000e-01
500000 -1.30000e-01 -3.70000e-01
501000 1.25000e-01 -4.80000e-01
502000 -1.10000e-01 -4.70000e-01
503000 0.00000e+00 -4.10000e-01
504000 4.00000e-02 -4.30000e-01
505000 8.00000e-02 -5.10000e-01
506000 5.50000e-02 -4.60000e-01
507000 5.00000e-03 -3.90000e-01
508000 5.00000e-02 -3.80000e-01
509000 1.10000e-01 -4.60000e-01
510000 1.50000e-02 -4.20000e-01
511000 2.00000e-02 -4.50000e-01
512000 -1.20000e-01 -3.00000e-01
513000 -6.00000e-02 -5.50000e-01
514000 2.50000e-02 -3.80000e-01
515000 5.00000e-03 -2.50000e-01
516000 -6.00000e-02 -4.10000e-01
517000 5.00000e-03 -5.10000e-01
518000 -4.00000e-02 -4.30000e-01
519000 3.50000e-02 -4.30000e-01
520000 9.00000e-02 -5.60000e-01
521000 -7.00000e-02 -4.50000e-01
522000 -1.10000e-01 -5.00000e-01
523000 -1.05000e-01 -3.80000e-01
524000 1.20000e-01 -4.80000e-01
525000 7.50000e-02 -5.20000e-01
526000 -2.00000e-02 -3.40000e-01
527000 -2.50000e-02 -3.90000e-01
528000 1.80000e-01 -4.50000e-01
529000 1.00000e-02 -5.00000e-01
530000 8.50000e-02 -5.10000e-01
531000 1.00000e-01 -6.40000e-01
532000 2.00000e-02 -2.70000e-01
533000 2.00000e-02 -3.40000e-01
534000 -4.00000e-02 -3.00000e-01
535000 -3.00000e-02 -3.90000e-01
536000 4.50000e-02 -5.10000e-01
537000 1.15000e-01 -4.10000e-01
538000 2.00000e-02 -5.00000e-01
539000 -6.50000e-02 -5.30000e-01
540000 -8.00000e-02 -5.30000e-01
541000 -1.15000e-01 -3.50000e-01
542000 -7.50000e-02 -3.50000e-01
543000 7.50000e-02 -4.10000e-01
544000 -1.10000e-01 -3.40000e-01
545000 7.50000e-02 -4.40000e-01
546000 1.00000e-02 -3.80000e-01
547000 1.50000e-02 -4.40000e-01
548000 7.50000e-02 -4.00000e-01
549000 0.00000e+00 -3.70000e-01
550000 -8.50000e-02 -2.80000e-01
551000 4.50000e-02 -3.50000e-01
552000 2.15000e-01 -2.90000e-01
553000 -1.55000e-01 -5.50000e-01
554000 -2.00000e-02 -4.30000e-01
555000 -5.00000e-03 -4.80000e-01
556000 6.00000e-02 -4.50000e-01
557000 7.50000e-02 -4.70000e-01
558000 1.50000e-02 -5.40000e-01
559000 -4.50000e-02 -4.60000e-01
560000 1.50000e-01 -3.30000e-01
561000 -5.00000e-03 -3.40000e-01
562000 1.00000e-02 -4.70000e-01
563000 8.50000e-02 -3.50000e-01
564000 4.50000e-02 -4.80000e-01
565000 -6.50000e-02 -3.70000e-01
566000 5.00000e-02 -3.70000e-01
567000 1.00000e-01 -6.30000e-01
568000 -5.00000e-03 -3.10000e-01
569000 9.50000e-02 -5.40000e-01
570000 7.00000e-02 -3.90000e-01
571000 -6.00000e-02 -4.70000e-01
572000 8.00000e-02 -3.90000e-01
573000 2.00000e-02 -1.90000e-01
574000 -1.50000e-02 -2.90000e-01
575000 -9.50000e-02 -4.50000e-01
576000 -2.00000e-02 -5.60000e-01
577000 1.35000e-01 -3.70000e-01
578000 -2.50000e-02 -4.10000e-01
579000 -3.00000e-02 -3.90000e-01
580000 1.05000e-01 -5.00000e-01
581000 5.00000e-02 -4.10000e-01
582000 6.00000e-02 -4.00000e-01
583000 -9.50000e-02 -3.90000e-01
584000 8.50000e-02 -5.20000e-01
585000 2.50000e-02 -4.00000e-01
586000 -6.00000e-02 -3.70000e-01
587000 -2.00000e-02 -3.30000e-01
588000 9.00000e-02 -3.70000e-01
589000 -1.60000e-01 -3.40000e-01
590000 0.00000e+00 -4.30000e-01
591000 -3.00000e-02 -4.40000e-01
592000 7.00000e-02 -5.20000e-01
593000 1.00000e-02 -5.40000e-01
594000 -2.00000e-02 -3.60000e-01
595000 2.25000e-01 -5.20000e-01
596000 -1.00000e-02 -3.10000e-01
597000 -7.00000e-02 -5.10000e-01
598000 -1.25000e-01 -5.00000e-01
599000 -7.50000e-02 -5.00000e-01
600000 -9.50000e-02 -4.30000e-01
601000 6.00000e-02 -3.30000e-01
602000 -1.50000e-02 -4.40000e-01
603000 9.00000e-02 -3.00000e-01
604000 5.00000e-02 -4.80000e-01
605000 1.30000e-01 -5.40000e-01
606000 8.50000e-02 -4.40000e-01
607000 -1.00000e-02 -4.20000e-01
608000 3.00000e-02 -4.00000e-01
609000 5.00000e-02 -4.30000e-01
610000 -4.50000e-02 -4.70000e-01
611000 2.15000e-01 -3.70000e-01
612000 1.50000e-02 -4.50000e-01
613000 3.00000e-02 -4.60000e-01
614000 6.00000e-02 -3.10000e-01
615000 7.00000e-02 -2.80000e-01
616000 -2.40000e-01 -5.30000e-01
617000 9.50000e-02 -4.80000e-01
618000 1.50000e-02 -3.30000e-01
619000 3.50000e-02 -3.40000e-01
620000 3.00000e-02 -5.50000e-01
621000 -1.05000e-01 -4.40000e-01
622000 -1.25000e-01 -4.00000e-01
623000 5.00000e-03 -4.50000e-01
624000 5.00000e-03 -5.40000e-01
625000 3.50000e-02 -4.90000e-01
626000 3.50000e-02 -4.20000e-01
627000 -1.50000e-02 -4.10000e-01
628000 2.10000e-01 -4.10000e-01
629000 -3.00000e-02 -3.80000e-01
630000 6.00000e-02 -2.60000e-01
631000 1.85000e-01 -3.10000e-01
632000 -7.00000e-02 -4.50000e-01
633000 -1.20000e-01 -5.20000e-01
634000 7.00000e-02 -4.20000e-01
635000 5.50000e-02 -4.70000e-01
636000 -5.50000e-02 -4.20000e-01
637000 -1.05000e-01 -5.30000e-01
638000 2.00000e-02 -5.00000e-01
639000 1.15000e-01 -5.40000e-01
640000 5.00000e-02 -5.00000e-01
641000 3.00000e-02 -2.90000e-01
642000 -3.50000e-02 -5.00000e-01
643000 -3.00000e-02 -4.20000e-01
644000 -1.50000e-02 -4.60000e-01
645000 7.00000e-02 -4.50000e-01
646000 -6.00000e-02 -3.80000e-01
647000 -3.50000e-02 -6.10000e-01
648000 4.50000e-02 -4.20000e-01
649000 8.00000e-02 -5.70000e-01
650000 5.00000e-03 -4.90000e-01
651000 6.50000e-02 -6.40000e-01
652000 -4.00000e-02 -3.40000e-01
653000 -4.50000e-02 -4.60000e-01
654000 -2.00000e-02 -3.70000e-01
655000 2.45000e-01 -6.50000e-01
656000 -5.50000e-02 -3.70000e-01
657000 -1.05000e-01 -5.60000e-01
658000 -5.00000e-03 -3.10000e-01
659000 1.25000e-01 -5.50000e-01
660000 2.40000e-01 -3.70000e-01
661000 -1.00000e-02 -5.00000e-01
662000 4.00000e-02 -5.40000e-01
663000 -1.15000e-01 -5.10000e-01
664000 1.00000e-02 -3.60000e-01
665000 -3.00000e-02 -3.80000e-01
666000 -1.50000e-02 -4.50000e-01
667000 1.00000e-02 -3.30000e-01
668000 8.00000e-02 -5.00000e-01
669000 -7.00000e-02 -3.30000e-01
670000 0.00000e+00 -4.30000e-01
671000 3.50000e-02 -3.80000e-01
672000 -1.30000e-01 -4.00000e-01
673000 4.50000e-02 -3.90000e-01
674000 1.50000e-02 -4.40000e-01
675000 -4.00000e-02 -2.80000e-01
676000 -4.00000e-02 -3.80000e-01
677000 -4.00000e-02 -3.40000e-01
678000 -2.50000e-02 -3.30000e-01
679000 -8.00000e-02 -5.50000e-01
680000 2.50000e-02 -4.10000e-01
681000 5.50000e-02 -4.00000e-01
682000 -4.00000e-02 -4.60000e-01
683000 -1.15000e-01 -3.80000e-01
684000 1.00000e-01 -6.10000e-01
685000 1.10000e-01 -3.70000e-01
686000 4.00000e-02 -4.30000e-01
687000 -8.00000e-02 -4.60000e-01
688000 1.05000e-01 -4.30000e-01
689000 5.50000e-02 -3.60000e-01
690000 1.05000e-01 -4.90000e-01
691000 4.00000e-02 -4.20000e-01
692000 -5.00000e-03 -4.50000e-01
693000 1.30000e-01 -5.10000e-01
694000 -6.50000e-02 -4.00000e-01
695000 8.00000e-02 -4.30000e-01
696000 -1.00000e-01 -4.00000e-01
697000 3.50000e-02 -3.20000e-01
698000 1.50000e-01 -4.60000e-01
699000 -3.00000e-02 -4.90000e-01
700000 1.50000e-02 -4.30000e-01
701000 7.00000e-02 -4.60000e-01
702000 -3.00000e-02 -4.10000e-01
703000 3.00000e-02 -5.50000e-01
704000 1.20000e-01 -5.00000e-01
705000 -4.00000e-02 -5.20000e-01
706000 -5.00000e-02 -4.10000e-01
707000 -8.00000e-02 -5.10000e-01
708000 7.00000e-02 -2.20000e-01
709000 -1.15000e-01 -4.50000e-01
710000 1.50000e-02 -4.10000e-01
711000 -1.50000e-02 -4.20000e-01
712000 -5.00000e-02 -5.20000e-01
713000 -9.50000e-02 -5.00000e-01
714000 -4.50000e-02 -3.70000e-01
715000 -1.15000e-01 -5.60000e-01
716000 6.50000e-02 -4.30000e-01
717000 1.40000e-01 -4.40000e-01
718000 -1.00000e-02 -4.00000e-01
719000 3.50000e-02 -4.80000e-01
720000 -1.00000e-02 -4.70000e-01
721000 3.00000e-02 -4.30000e-01
722000 -9.00000e-02 -4.10000e-01
723000 1.10000e-01 -4.10000e-01
724000 -5.00000e-02 -4.10000e-01
725000 2.00000e-02 -4.10000e-01
726000 -2.00000e-02 -4.00000e-01
727000 -1.70000e-01 -5.70000e-01
728000 4.00000e-02 -5.20000e-01
729000 -1.50000e-02 -5.20000e-01
730000 -1.10000e-01 -2.70000e-01
731000 5.00000e-03 -5.10000e-01
732000 1.50000e-01 -4.20000e-01
733000 1.20000e-01 -4.80000e-01
734000 -6.50000e-02 -4.80000e-01
735000 2.50000e-02 -4.90000e-01
736000 -6.00000e-02 -5.00000e-01
737000 5.00000e-02 -2.90000e-01
738000 9.00000e-02 -3.90000e-01
739000 -2.50000e-02 -3.50000e-01
740000 1.60000e-01 -5.10000e-01
741000 2.50000e-02 -3.50000e-01
742000 1.50000e-02 -4.10000e-01
743000 4.50000e-02 -4.10000e-01
744000 -9.00000e-02 -5.20000e-01
745000 -7.00000e-02 -3.20000e-01
746000 2.00000e-02 -4.80000e-01
747000 4.50000e-02 -4.70000e-01
748000 5.00000e-02 -4.20000e-01
749000 -3.50000e-02 -5.20000e-01
750000 -6.00000e-02 -4.90000e-01
751000 3.50000e-02 -3.00000e-01
752000 -1.00000e-01 -5.00000e-01
753000 9.00000e-02 -4.60000e-01
754000 -1.35000e-01 -5.00000e-01
755000 5.00000e-02 -4.70000e-01
756000 -1.00000e-02 -4.90000e-01
757000 1.60000e-01 -4.10000e-01
758000 -4.50000e-02 -4.60000e-01
759000 5.00000e-02 -4.30000e-01
760000 3.50000e-02 -5.40000e-01
761000 1.80000e-01 -4.50000e-01
762000 -6.50000e-02 -4.90000e-01
763000 -8.00000e-02 -5.10000e-01
764000 -1.50000e-02 -4.00000e-01
765000 -4.50000e-02 -3.40000e-01
766000 -3.00000e-02 -3.80000e-01
767000 -5.00000e-03 -3.60000e-01
768000 7.50000e-02 -4.00000e-01
769000 7.50000e-02 -4.70000e-01
770000 0.00000e+00 -5.10000e-01
771000 1.20000e-01 -5.70000e-01
772000 7.50000e-02 -4.20000e-01
773000 -6.50000e-02 -4.00000e-01
774000 -9.00000e-02 -4.40000e-01
775000 6.00000e-02 -4.60000e-01
776000 -1.10000e-01 -4.80000e-01
777000 -1.70000e-01 -3.70000e-01
778000 6.00000e-02 -4.30000e-01
779000 2.00000e-02 -4.10000e-01
780000 -3.50000e-02 -4.60000e-01
781000 -9.00000e-02 -4.30000e-01
782000 6.50000e-02 -5.20000e-01
783000 4.00000e-02 -3.80000e-01
784000 2.50000e-02 -4.40000e-01
785000 7.00000e-02 -4.70000e-01
786000 6.50000e-02 -4.50000e-01
787000 -7.50000e-02 -3.30000e-01
788000 -2.00000e-02 -5.00000e-01
789000 -6.50000e-02 -2.90000e-01
790000 -3.50000e-02 -3.20000e-01
791000 -1.10000e-01 -4.50000e-01
792000 4.00000e-02 -4.10000e-01
793000 -1.05000e-01 -4.80000e-01
794000 -7.00000e-02 -4.40000e-01
795000 5.50000e-02 -4.10000e-01
796000 7.00000e-02 -4.20000e-01
797000 1.55000e-01 -6.10000e-01
798000 1.65000e-01 -4.80000e-01
799000 2.50000e-02 -4.50000e-01
800000 -1.25000e-01 -4.60000e-01
801000 -7.00000e-02 -3.90000e-01
802000 8.50000e-02 -4.70000e-01
803000 -5.50000e-02 -4.20000e-01
804000 5.00000e-03 -4.50000e-01
805000 -3.50000e-02 -5.10000e-01
806000 -8.50000e-02 -4.00000e-01
807000 2.50000e-02 -3.70000e-01
808000 -2.00000e-02 -4.40000e-01
809000 -4.00000e-02 -3.90000e-01
810000 -1.65000e-01 -5.00000e-01
811000 1.05000e-01 -4.40000e-01
812000 1.05000e-01 -4.00000e-01
813000 -1.00000e-02 -3.90000e-01
814000 -3.00000e-02 -5.40000e-01
815000 -1.05000e-01 -5.40000e-01
816000 2.50000e-02 -2.90000e-01
817000 -1.50000e-02 -3.50000e-01
818000 1.15000e-01 -5.30000e-01
819000 1.00000e-02 -3.90000e-01
820000 -5.00000e-03 -5.60000e-01
821000 -5.50000e-02 -5.30000e-01
822000 -1.25000e-01 -4.50000e-01
823000 -1.35000e-01 -5.70000e-01
824000 3.50000e-02 -4.80000e-01
825000 3.50000e-02 -3.10000e-01
826000 1.15000e-01 -4.00000e-01
827000 -1.00000e-02 -4.20000e-01
828000 1.15000e-01 -5.00000e-01
829000 2.50000e-02 -3.90000e-01
830000 1.50000e-01 -5.10000e-01
831000 -9.00000e-02 -3.40000e-01
832000 -1.20000e-01 -3.90000e-01
833000 -5.00000e-02 -5.00000e-01
834000 1.50000e-02 -5.10000e-01
835000 -1.15000e-01 -3.20000e-01
836000 9.50000e-02 -4.40000e-01
837000 5.00000e-02 -5.00000e-01
838000 -7.00000e-02 -4.80000e-01
839000 0.00000e+00 -4.60000e-01
840000 -5.00000e-03 -2.70000e-01
841000 5.00000e-03 -4.30000e-01
842000 -1.50000e-02 -4.00000e-01
843000 4.50000e-02 -3.00000e-01
844000 -1.50000e-02 -3.70000e-01
845000 7.00000e-02 -5.00000e-01
846000 -5.00000e-02 -4.20000e-01
847000 9.50000e-02 -4.50000e-01
848000 1.45000e-01 -3.10000e-01
849000 2.05000e-01 -2.50000e-01
850000 -1.25000e-01 -4.10000e-01
851000 -2.00000e-02 -5.60000e-01
852000 1.00000e-02 -4.50000e-01
853000 3.50000e-02 -3.70000e-01
854000 8.00000e-02 -4.10000e-01
855000 1.70000e-01 -5.40000e-01
856000 7.50000e-02 -4.80000e-01
857000 -7.50000e-02 -3.50000e-01
858000 3.00000e-02 -3.20000e-01
859000 -1.20000e-01 -3.80000e-01
860000 1.55000e-01 -4.50000e-01
861000 1.70000e-01 -5.30000e-01
862000 -9.50000e-02 -4.50000e-01
863000 -8.50000e-02 -4.70000e-01
864000 1.25000e-01 -2.80000e-01
865000 -1.50000e-01 -4.90000e-01
866000 2.50000e-02 -3.20000e-01
867000 -9.50000e-02 -4.60000e-01
868000 5.00000e-02 -4.80000e-01
869000 5.50000e-02 -3.70000e-01
870000 -1.25000e-01 -4.50000e-01
871000 4.50000e-02 -4.10000e-01
872000 -5.00000e-03 -5.80000e-01
873000 -1.45000e-01 -3.60000e-01
874000 7.50000e-02 -3.60000e-01
875000 9.50000e-02 -3.80000e-01
876000 9.50000e-02 -5.40000e-01
877000 5.00000e-03 -4.20000e-01
878000 -3.50000e-02 -3.50000e-01
879000 -2.05000e-01 -5.00000e-01
880000 3.00000e-02 -3.40000e-01
881000 -1.25000e-01 -7.00000e-01
882000 5.50000e-02 -5.60000e-01
883000 1.40000e-01 -4.70000e-01
884000 -4.00000e-02 -4.50000e-01
885000 -4.50000e-02 -4.80000e-01
886000 -1.25000e-01 -5.10000e-01
887000 -5.50000e-02 -2.70000e-01
888000 -2.15000e-01 -5.30000e-01
889000 -7.00000e-02 -6.10000e-01
890000 -2.00000e-02 -6.30000e-01
891000 -8.50000e-02 -4.30000e-01
892000 4.50000e-02 -4.00000e-01
893000 8.00000e-02 -4.00000e-01
894000 9.00000e-02 -4.20000e-01
895000 1.30000e-01 -4.40000e-01
896000 1.30000e-01 -5.20000e-01
897000 -3.00000e-02 -4.20000e-01
898000 -5.50000e-02 -4.40000e-01
899000 -5.00000e-03 -4.70000e-01
900000 4.50000e-02 -4.20000e-01
901000 -2.00000e-02 -4.70000e-01
902000 3.00000e-02 -3.80000e-01
903000 7.50000e-02 -4.30000e-01
904000 -5.00000e-03 -4.50000e-01
905000 7.50000e-02 -5.10000e-01
906000 1.00000e-02 -4.60000e-01
907000 2.00000e-02 -5.00000e-01
908000 1.70000e-01 -6.20000e-01
909000 7.00000e-02 -4.00000e-01
910000 -4.50000e-02 -3.40000e-01
911000 4.50000e-02 -5.20000e-01
912000 -9.50000e-02 -5.70000e-01
913000 -1.05000e-01 -3.20000e-01
914000 -6.00000e-02 -4.80000e-01
915000 -4.50000e-02 -3.20000e-01
916000 4.50000e-02 -3.10000e-01
917000 -2.05000e-01 -4.30000e-01
918000 -4.50000e-02 -3.50000e-01
919000 -1.50000e-02 -5.30000e-01
920000 -7.50000e-02 -4.80000e-01
921000 -6.00000e-02 -4.80000e-01
922000 6.50000e-02 -4.60000e-01
923000 -1.20000e-01 -3.90000e-01
924000 -2.00000e-02 -4.70000e-01
925000 0.00000e+00 -4.00000e-01
926000 1.50000e-01 -4.60000e-01
927000 -1.55000e-01 -3.80000e-01
928000 -1.50000e-02 -4.20000e-01
929000 5.50000e-02 -2.60000e-01
930000 1.50000e-02 -4.30000e-01
931000 -5.00000e-02 -5.30000e-01
932000 2.10000e-01 -4.00000e-01
933000 -2.00000e-02 -5.30000e-01
934000 5.50000e-02 -2.60000e-01
935000 2.00000e-02 -5.20000e-01
936000 -1.30000e-01 -4.10000e-01
937000 -4.50000e-02 -4.00000e-01
938000 -1.50000e-02 -4.00000e-01
939000 -2.50000e-02 -5.10000e-01
940000 -3.00000e-02 -4.80000e-01
941000 3.00000e-02 -5.10000e-01
942000 1.00000e-02 -5.70000e-01
943000 -4.50000e-02 -2.80000e-01
944000 7.50000e-02 -4.30000e-01
945000 4.00000e-02 -5.30000e-01
946000 -7.00000e-02 -4.90000e-01
947000 3.50000e-02 -4.00000e-01
948000 -1.70000e-01 -5.90000e-01
949000 -2.00000e-02 -4.70000e-01
950000 -4.00000e-02 -3.30000e-01
951000 4.50000e-02 -5.10000e-01
952000 5.50000e-02 -4.00000e-01
953000 1.50000e-02 -5.30000e-01
954000 1.65000e-01 -5.10000e-01
955000 -6.50000e-02 -3.20000e-01
956000 7.50000e-02 -4.40000e-01
957000 1.25000e-01 -4.20000e-01
958000 -9.50000e-02 -4.20000e-01
959000 -1.50000e-02 -4.60000e-01
960000 2.50000e-02 -5.80000e-01
961000 -1.00000e-02 -4.80000e-01
962000 7.50000e-02 -4.20000e-01
963000 -3.00000e-02 -4.60000e-01
964000 4.50000e-02 -4.70000e-01
965000 -1.40000e-01 -4.70000e-01
966000 -2.50000e-02 -4.50000e-01
967000 -2.10000e-01 -5.70000e-01
968000 8.50000e-02 -3.70000e-01
969000 -1.25000e-01 -5.10000e-01
970000 3.00000e-02 -4.00000e-01
971000 8.00000e-02 -3.00000e-01
972000 9.00000e-02 -3.20000e-01
973000 1.00000e-02 -4.20000e-01
974000 9.00000e-02 -4.10000e-01
975000 1.50000e-02 -4.40000e-01
976000 -1.55000e-01 -4.30000e-01
977000 3.50000e-02 -4.10000e-01
978000 -5.00000e-02 -3.20000e-01
979000 -4.50000e-02 -4.00000e-01
980000 -1.00000e-02 -4.40000e-01
981000 -1.00000e-02 -4.50000e-01
982000 -7.50000e-02 -4.40000e-01
983000 -6.00000e-02 -3.20000e-01
984000 -8.50000e-02 -3.90000e-01
985000 -7.00000e-02 -3.60000e-01
986000 5.00000e-03 -4.20000e-01
987000 -5.00000e-03 -4.80000e-01
988000 5.00000e-02 -5.30000e-01
989000 2.00000e-01 -4.20000e-01
990000 6.50000e-02 -5.20000e-01
991000 3.50000e-02 -4.20000e-01
992000 4.50000e-02 -2.90000e-01
993000 -5.50000e-02 -3.60000e-01
994000 2.70000e-01 -4.90000e-01
995000 9.50000e-02 -2.50000e-01
996000 -4.50000e-02 -3.20000e-01
997000 1.80000e-01 -5.10000e-01
998000 5.00000e-02 -4.80000e-01
999000 6.50000e-02 -4.90000e-01
# The average magnetization is 0.00576
# The average energy per spin is -0.43209
# Program ends.
