=========================================
SLURM_JOB_ID = 60241
SLURM_JOB_NODELIST = node20-78
SLURM_CPUS_ON_NODE = 4
SLURM_JOB_PARTITION = RT
SLURM_TASK_PID = 727386
==========================================
# command: ./a.out -T 5.0 -s 100 
# ISING simulation, NVT Metropolis Monte Carlo
# L = 20, T = 5.000, nCycles 1000000, fSamp 1000, Seed 100
0 -1.30000e-01 -3.00000e-01
1000 1.05000e-01 -4.20000e-01
2000 8.50000e-02 -4.30000e-01
3000 1.05000e-01 -4.00000e-01
4000 5.00000e-03 -4.40000e-01
5000 -2.00000e-02 -3.30000e-01
6000 1.90000e-01 -5.30000e-01
7000 1.90000e-01 -4.80000e-01
8000 5.00000e-03 -3.90000e-01
9000 0.00000e+00 -4.00000e-01
10000 -9.00000e-02 -4.70000e-01
11000 9.50000e-02 -5.00000e-01
12000 -2.00000e-02 -3.90000e-01
13000 3.50000e-02 -4.60000e-01
14000 -1.50000e-02 -5.10000e-01
15000 -3.00000e-02 -5.60000e-01
16000 8.00000e-02 -5.70000e-01
17000 -9.00000e-02 -5.70000e-01
18000 3.00000e-02 -3.60000e-01
19000 1.50000e-02 -5.30000e-01
20000 4.50000e-02 -3.60000e-01
21000 4.00000e-02 -3.70000e-01
22000 3.00000e-02 -5.40000e-01
23000 8.00000e-02 -4.90000e-01
24000 6.00000e-02 -4.40000e-01
25000 2.50000e-02 -3.50000e-01
26000 -6.00000e-02 -4.00000e-01
27000 1.00000e-01 -4.60000e-01
28000 1.50000e-02 -4.20000e-01
29000 -4.50000e-02 -4.40000e-01
30000 -4.50000e-02 -4.80000e-01
31000 -2.50000e-02 -4.10000e-01
32000 1.00000e-01 -3.50000e-01
33000 -6.00000e-02 -4.40000e-01
34000 5.50000e-02 -5.80000e-01
35000 9.00000e-02 -5.00000e-01
36000 0.00000e+00 -4.60000e-01
37000 1.00000e-02 -2.80000e-01
38000 -2.50000e-02 -3.60000e-01
39000 -5.00000e-02 -4.10000e-01
40000 -4.00000e-02 -3.00000e-01
41000 -3.00000e-02 -4.20000e-01
42000 -5.50000e-02 -4.50000e-01
43000 -2.00000e-02 -4.80000e-01
44000 4.00000e-02 -5.20000e-01
45000 -3.00000e-02 -4.60000e-01
46000 0.00000e+00 -4.40000e-01
47000 2.00000e-02 -6.10000e-01
48000 -1.00000e-02 -4.10000e-01
49000 3.00000e-02 -3.80000e-01
50000 4.00000e-02 -3.90000e-01
51000 1.20000e-01 -4.40000e-01
52000 7.00000e-02 -5.00000e-01
53000 5.00000e-03 -5.70000e-01
54000 -3.00000e-02 -3.80000e-01
55000 6.00000e-02 -3.80000e-01
56000 -9.00000e-02 -3.50000e-01
57000 -1.00000e-02 -3.20000e-01
58000 -4.00000e-02 -3.60000e-01
59000 -3.50000e-02 -4.30000e-01
60000 1.50000e-02 -2.70000e-01
61000 -1.60000e-01 -5.10000e-01
62000 -3.50000e-02 -3.90000e-01
63000 1.40000e-01 -5.30000e-01
64000 -3.50000e-02 -4.10000e-01
65000 8.00000e-02 -4.60000e-01
66000 1.05000e-01 -6.00000e-01
67000 -2.00000e-02 -4.00000e-01
68000 1.05000e-01 -4.10000e-01
69000 7.50000e-02 -2.70000e-01
70000 -8.50000e-02 -4.40000e-01
71000 -3.50000e-02 -4.40000e-01
72000 -7.00000e-02 -5.20000e-01
73000 1.55000e-01 -3.80000e-01
74000 1.00000e-02 -3.60000e-01
75000 7.00000e-02 -4.70000e-01
76000 -1.50000e-02 -3.80000e-01
77000 -9.50000e-02 -3.30000e-01
78000 -7.50000e-02 -2.70000e-01
79000 7.50000e-02 -4.30000e-01
80000 4.50000e-02 -4.70000e-01
81000 -9.50000e-02 -5.20000e-01
82000 1.00000e-02 -3.50000e-01
83000 1.35000e-01 -4.20000e-01
84000 3.50000e-02 -3.70000e-01
85000 -2.50000e-02 -3.50000e-01
86000 9.50000e-02 -4.70000e-01
87000 4.50000e-02 -3.60000e-01
88000 1.50000e-01 -4.50000e-01
89000 3.00000e-02 -3.10000e-01
90000 1.50000e-02 -5.30000e-01
91000 -2.50000e-02 -3.50000e-01
92000 1.00000e-01 -2.90000e-01
93000 -8.00000e-02 -4.00000e-01
94000 -4.00000e-02 -4.70000e-01
95000 -7.00000e-02 -4.40000e-01
96000 -2.00000e-02 -3.90000e-01
97000 -8.50000e-02 -4.10000e-01
98000 5.00000e-02 -3.50000e-01
99000 8.00000e-02 -3.90000e-01
100000 5.50000e-02 -3.40000e-01
101000 -1.20000e-01 -4.10000e-01
102000 -1.10000e-01 -3.50000e-01
103000 1.50000e-02 -3.80000e-01
104000 9.00000e-02 -4.30000e-01
105000 4.50000e-02 -4.10000e-01
106000 -1.00000e-01 -5.10000e-01
107000 7.50000e-02 -4.30000e-01
108000 -6.50000e-02 -4.50000e-01
109000 6.00000e-02 -4.00000e-01
110000 -9.00000e-02 -4.30000e-01
111000 -1.00000e-01 -3.10000e-01
112000 -6.00000e-02 -3.50000e-01
113000 2.50000e-02 -2.90000e-01
114000 -1.00000e-02 -4.50000e-01
115000 2.50000e-02 -4.80000e-01
116000 -1.00000e-01 -5.30000e-01
117000 -1.25000e-01 -6.00000e-01
118000 3.50000e-02 -3.30000e-01
119000 4.00000e-02 -4.20000e-01
120000 9.00000e-02 -5.10000e-01
121000 -1.20000e-01 -4.80000e-01
122000 1.75000e-01 -4.60000e-01
123000 -4.00000e-02 -2.80000e-01
124000 -6.50000e-02 -5.50000e-01
125000 6.00000e-02 -5.10000e-01
126000 1.50000e-02 -3.10000e-01
127000 -1.00000e-02 -3.00000e-01
128000 -1.00000e-02 -4.60000e-01
129000 -5.50000e-02 -5.00000e-01
130000 -1.00000e-02 -6.30000e-01
131000 1.05000e-01 -3.40000e-01
132000 5.00000e-03 -5.00000e-01
133000 6.50000e-02 -4.40000e-01
134000 -2.00000e-02 -5.60000e-01
135000 -1.50000e-02 -4.30000e-01
136000 1.00000e-01 -3.80000e-01
137000 2.00000e-02 -4.20000e-01
138000 3.50000e-02 -5.10000e-01
139000 5.00000e-03 -5.50000e-01
140000 9.00000e-02 -4.20000e-01
141000 6.50000e-02 -4.00000e-01
142000 -1.00000e-01 -3.90000e-01
143000 6.50000e-02 -4.40000e-01
144000 -8.50000e-02 -5.40000e-01
145000 -3.00000e-02 -3.60000e-01
146000 -1.90000e-01 -4.40000e-01
147000 5.00000e-03 -3.10000e-01
148000 -1.30000e-01 -4.90000e-01
149000 -1.25000e-01 -3.70000e-01
150000 -2.20000e-01 -4.60000e-01
151000 5.00000e-02 -3.00000e-01
152000 1.45000e-01 -3.90000e-01
153000 -4.50000e-02 -4.10000e-01
154000 9.00000e-02 -5.30000e-01
155000 -2.00000e-02 -4.40000e-01
156000 2.25000e-01 -5.30000e-01
157000 -1.50000e-01 -5.10000e-01
158000 -5.00000e-03 -4.90000e-01
159000 -1.00000e-02 -4.90000e-01
160000 -1.50000e-02 -4.70000e-01
161000 7.50000e-02 -4.20000e-01
162000 -5.50000e-02 -2.80000e-01
163000 0.00000e+00 -4.90000e-01
164000 -7.50000e-02 -3.80000e-01
165000 2.50000e-02 -4.60000e-01
166000 -6.50000e-02 -4.20000e-01
167000 8.00000e-02 -3.00000e-01
168000 9.00000e-02 -4.10000e-01
169000 5.00000e-03 -3.70000e-01
170000 -5.00000e-02 -4.00000e-01
171000 -1.35000e-01 -4.70000e-01
172000 -1.00000e-02 -4.20000e-01
173000 7.50000e-02 -3.90000e-01
174000 -1.50000e-01 -3.40000e-01
175000 -1.35000e-01 -4.20000e-01
176000 -1.00000e-02 -4.70000e-01
177000 1.70000e-01 -6.00000e-01
178000 2.00000e-02 -5.40000e-01
179000 -2.00000e-02 -3.40000e-01
180000 2.00000e-02 -3.10000e-01
181000 -1.00000e-01 -2.50000e-01
182000 -1.45000e-01 -4.90000e-01
183000 5.50000e-02 -5.90000e-01
184000 2.00000e-02 -5.30000e-01
185000 2.00000e-02 -4.60000e-01
186000 -4.50000e-02 -5.30000e-01
187000 9.50000e-02 -3.70000e-01
188000 -5.00000e-03 -4.30000e-01
189000 3.50000e-02 -4.60000e-01
190000 8.50000e-02 -5.20000e-01
191000 6.50000e-02 -5.30000e-01
192000 1.60000e-01 -4.10000e-01
193000 -7.50000e-02 -4.80000e-01
194000 -8.50000e-02 -4.60000e-01
195000 -5.00000e-03 -3.00000e-01
196000 -1.20000e-01 -3.20000e-01
197000 1.00000e-02 -3.60000e-01
198000 -1.75000e-01 -4.60000e-01
199000 -4.50000e-02 -3.60000e-01
200000 -4.50000e-02 -4.00000e-01
201000 -5.00000e-02 -4.30000e-01
202000 -1.00000e-02 -4.90000e-01
203000 1.15000e-01 -2.80000e-01
204000 1.45000e-01 -4.20000e-01
205000 -6.50000e-02 -4.10000e-01
206000 5.00000e-02 -5.70000e-01
207000 -3.00000e-02 -4.60000e-01
208000 -9.50000e-02 -2.40000e-01
209000 7.50000e-02 -4.40000e-01
210000 8.50000e-02 -3.90000e-01
211000 -8.00000e-02 -4.00000e-01
212000 -1.00000e-01 -4.70000e-01
213000 -1.10000e-01 -4.00000e-01
214000 3.50000e-02 -3.60000e-01
215000 -1.55000e-01 -3.50000e-01
216000 5.00000e-03 -3.40000e-01
217000 -2.00000e-02 -3.60000e-01
218000 3.50000e-02 -4.60000e-01
219000 6.00000e-02 -2.90000e-01
220000 7.50000e-02 -3.60000e-01
221000 1.00000e-02 -4.40000e-01
222000 -5.50000e-02 -5.60000e-01
223000 -1.40000e-01 -5.30000e-01
224000 5.00000e-02 -3.80000e-01
225000 1.25000e-01 -5.50000e-01
226000 2.50000e-02 -3.70000e-01
227000 -1.10000e-01 -4.90000e-01
228000 -1.50000e-01 -5.00000e-01
229000 5.50000e-02 -4.10000e-01
230000 1.05000e-01 -4.50000e-01
231000 9.50000e-02 -3.00000e-01
232000 -9.00000e-02 -3.80000e-01
233000 2.50000e-02 -3.70000e-01
234000 -5.50000e-02 -3.90000e-01
235000 1.50000e-02 -3.60000e-01
236000 -7.50000e-02 -3.80000e-01
237000 -1.60000e-01 -5.00000e-01
238000 7.50000e-02 -3.90000e-01
239000 7.00000e-02 -3.30000e-01
240000 9.00000e-02 -5.10000e-01
241000 -1.15000e-01 -3.70000e-01
242000 -5.50000e-02 -5.20000e-01
243000 1.40000e-01 -3.20000e-01
244000 8.50000e-02 -3.60000e-01
245000 1.20000e-01 -5.20000e-01
246000 8.00000e-02 -5.70000e-01
247000 -1.50000e-02 -4.80000e-01
248000 -1.50000e-02 -5.10000e-01
249000 -1.10000e-01 -5.10000e-01
250000 1.15000e-01 -2.70000e-01
251000 5.00000e-02 -3.90000e-01
252000 -9.50000e-02 -5.70000e-01
253000 7.00000e-02 -5.40000e-01
254000 6.50000e-02 -4.90000e-01
255000 -5.00000e-02 -3.70000e-01
256000 -1.25000e-01 -4.20000e-01
257000 5.50000e-02 -3.20000e-01
258000 3.50000e-02 -3.40000e-01
259000 0.00000e+00 -4.60000e-01
260000 5.50000e-02 -4.20000e-01
261000 1.55000e-01 -3.10000e-01
262000 -9.50000e-02 -4.10000e-01
263000 -7.50000e-02 -4.20000e-01
264000 -2.00000e-02 -4.00000e-01
265000 4.00000e-02 -3.90000e-01
266000 1.20000e-01 -4.30000e-01
267000 -2.00000e-02 -3.90000e-01
268000 -3.00000e-02 -5.10000e-01
269000 -7.00000e-02 -4.10000e-01
270000 1.00000e-01 -4.60000e-01
271000 3.00000e-02 -3.70000e-01
272000 8.00000e-02 -3.60000e-01
273000 -1.50000e-02 -3.70000e-01
274000 -6.50000e-02 -4.60000e-01
275000 -8.50000e-02 -3.70000e-01
276000 4.50000e-02 -4.10000e-01
277000 9.00000e-02 -4.70000e-01
278000 -1.50000e-02 -4.30000e-01
279000 -1.20000e-01 -4.70000e-01
280000 7.50000e-02 -4.40000e-01
281000 -1.30000e-01 -5.40000e-01
282000 3.50000e-02 -4.90000e-01
283000 2.55000e-01 -5.60000e-01
284000 -4.00000e-02 -4.40000e-01
285000 -5.00000e-02 -4.70000e-01
286000 8.00000e-02 -3.90000e-01
287000 -8.50000e-02 -4.70000e-01
288000 1.75000e-01 -4.70000e-01
289000 4.00000e-02 -4.60000e-01
290000 -3.00000e-02 -4.70000e-01
291000 8.50000e-02 -4.90000e-01
292000 2.00000e-02 -4.00000e-01
293000 1.15000e-01 -4.20000e-01
294000 4.00000e-02 -5.10000e-01
295000 -3.00000e-02 -4.50000e-01
296000 1.80000e-01 -6.00000e-01
297000 -9.50000e-02 -3.10000e-01
298000 1.50000e-02 -4.00000e-01
299000 -3.00000e-02 -3.90000e-01
300000 1.80000e-01 -4.40000e-01
301000 1.25000e-01 -3.20000e-01
302000 -4.50000e-02 -4.50000e-01
303000 -2.00000e-02 -3.70000e-01
304000 1.45000e-01 -2.60000e-01
305000 1.50000e-02 -4.00000e-01
306000 1.70000e-01 -3.90000e-01
307000 5.50000e-02 -4.30000e-01
308000 3.50000e-02 -4.30000e-01
309000 2.00000e-02 -4.40000e-01
310000 -4.50000e-02 -4.40000e-01
311000 1.00000e-02 -4.20000e-01
312000 -7.00000e-02 -3.20000e-01
313000 -3.00000e-02 -4.60000e-01
314000 1.00000e-01 -4.80000e-01
315000 -1.00000e-02 -4.20000e-01
316000 3.50000e-02 -4.50000e-01
317000 -8.50000e-02 -4.60000e-01
318000 -2.00000e-02 -4.40000e-01
319000 1.00000e-02 -3.50000e-01
320000 1.50000e-02 -4.60000e-01
321000 -1.90000e-01 -4.60000e-01
322000 1.25000e-01 -4.60000e-01
323000 1.00000e-01 -4.60000e-01
324000 1.50000e-02 -4.30000e-01
325000 -4.50000e-02 -5.10000e-01
326000 1.30000e-01 -4.90000e-01
327000 1.50000e-01 -4.70000e-01
328000 6.50000e-02 -4.40000e-01
329000 8.00000e-02 -4.20000e-01
330000 1.00000e-02 -3.10000e-01
331000 1.00000e-02 -3.80000e-01
332000 -2.50000e-02 -4.80000e-01
333000 3.00000e-02 -4.20000e-01
334000 -1.40000e-01 -5.60000e-01
335000 -2.50000e-02 -4.80000e-01
336000 1.40000e-01 -5.60000e-01
337000 5.00000e-03 -5.00000e-01
338000 -7.50000e-02 -3.70000e-01
339000 7.50000e-02 -4.50000e-01
340000 6.00000e-02 -3.60000e-01
341000 0.00000e+00 -4.90000e-01
342000 1.00000e-02 -4.50000e-01
343000 2.50000e-02 -3.60000e-01
344000 5.00000e-03 -4.10000e-01
345000 4.00000e-02 -4.10000e-01
346000 -1.00000e-02 -2.80000e-01
347000 1.10000e-01 -4.00000e-01
348000 4.00000e-02 -3.30000e-01
349000 -2.15000e-01 -5.20000e-01
350000 -6.50000e-02 -4.30000e-01
351000 6.50000e-02 -4.60000e-01
352000 7.00000e-02 -4.10000e-01
353000 -1.00000e-01 -5.50000e-01
354000 -1.00000e-02 -3.60000e-01
355000 -5.00000e-02 -3.90000e-01
356000 6.00000e-02 -4.10000e-01
357000 -1.25000e-01 -5.00000e-01
358000 -2.50000e-02 -5.50000e-01
359000 5.50000e-02 -4.20000e-01
360000 1.15000e-01 -3.30000e-01
361000 -3.50000e-02 -5.50000e-01
362000 8.50000e-02 -4.70000e-01
363000 4.00000e-02 -6.00000e-01
364000 4.50000e-02 -4.70000e-01
365000 -5.50000e-02 -2.70000e-01
366000 1.40000e-01 -4.80000e-01
367000 -7.50000e-02 -4.20000e-01
368000 8.50000e-02 -5.50000e-01
369000 1.20000e-01 -3.80000e-01
370000 -3.50000e-02 -2.60000e-01
371000 -4.00000e-02 -4.90000e-01
372000 -5.00000e-03 -4.30000e-01
373000 -1.10000e-01 -5.10000e-01
374000 5.00000e-03 -6.00000e-01
375000 -2.00000e-02 -4.40000e-01
376000 -9.50000e-02 -2.90000e-01
377000 -9.50000e-02 -4.00000e-01
378000 1.10000e-01 -3.90000e-01
379000 7.50000e-02 -3.60000e-01
380000 2.50000e-02 -4.40000e-01
381000 -6.00000e-02 -4.30000e-01
382000 -3.00000e-02 -3.20000e-01
383000 1.25000e-01 -4.60000e-01
384000 5.00000e-03 -4.10000e-01
385000 8.50000e-02 -4.60000e-01
386000 2.00000e-02 -3.90000e-01
387000 1.10000e-01 -4.00000e-01
388000 -9.00000e-02 -4.10000e-01
389000 7.50000e-02 -4.80000e-01
390000 -5.00000e-03 -3.60000e-01
391000 -6.50000e-02 -3.30000e-01
392000 -2.00000e-02 -4.10000e-01
393000 -5.00000e-02 -4.90000e-01
394000 -2.00000e-02 -4.60000e-01
395000 -1.15000e-01 -4.80000e-01
396000 -8.00000e-02 -3.40000e-01
397000 -1.50000e-02 -3.90000e-01
398000 2.00000e-02 -4.90000e-01
399000 -6.50000e-02 -4.00000e-01
400000 -1.05000e-01 -3.10000e-01
401000 -7.00000e-02 -4.20000e-01
402000 4.50000e-02 -5.50000e-01
403000 7.00000e-02 -4.80000e-01
404000 3.50000e-02 -4.10000e-01
405000 -1.60000e-01 -5.10000e-01
406000 -4.50000e-02 -4.40000e-01
407000 -5.00000e-02 -5.60000e-01
408000 4.00000e-02 -4.10000e-01
409000 -4.50000e-02 -7.00000e-01
410000 -3.50000e-02 -4.00000e-01
411000 8.50000e-02 -4.00000e-01
412000 -1.25000e-01 -4.40000e-01
413000 -1.50000e-02 -5.00000e-01
414000 -3.50000e-02 -2.90000e-01
415000 -8.00000e-02 -4.70000e-01
416000 3.50000e-02 -4.20000e-01
417000 3.50000e-02 -3.40000e-01
418000 -5.50000e-02 -4.50000e-01
419000 1.25000e-01 -3.00000e-01
420000 -4.00000e-02 -4.60000e-01
421000 5.00000e-03 -3.50000e-01
422000 5.50000e-02 -3.60000e-01
423000 -1.50000e-01 -4.00000e-01
424000 0.00000e+00 -4.50000e-01
425000 5.50000e-02 -4.10000e-01
426000 -7.50000e-02 -4.90000e-01
427000 5.50000e-02 -2.70000e-01
428000 9.00000e-02 -4.80000e-01
429000 -7.00000e-02 -4.60000e-01
430000 -5.00000e-03 -5.40000e-01
431000 1.50000e-01 -4.50000e-01
432000 -4.50000e-02 -3.90000e-01
433000 4.00000e-02 -4.80000e-01
434000 1.00000e-02 -4.60000e-01
435000 -3.50000e-02 -5.70000e-01
436000 7.00000e-02 -4.50000e-01
437000 -1.50000e-02 -4.90000e-01
438000 6.00000e-02 -3.60000e-01
439000 5.00000e-02 -5.90000e-01
440000 -9.50000e-02 -3.30000e-01
441000 -9.50000e-02 -4.20000e-01
442000 -1.05000e-01 -4.50000e-01
443000 1.05000e-01 -5.70000e-01
444000 7.50000e-02 -3.80000e-01
445000 1.55000e-01 -5.60000e-01
446000 9.50000e-02 -5.80000e-01
447000 -5.00000e-03 -4.30000e-01
448000 2.50000e-02 -4.30000e-01
449000 8.00000e-02 -4.40000e-01
450000 2.00000e-02 -5.40000e-01
451000 5.00000e-03 -5.10000e-01
452000 8.00000e-02 -4.50000e-01
453000 1.15000e-01 -4.10000e-01
454000 1.30000e-01 -5.30000e-01
455000 -5.00000e-03 -3.50000e-01
456000 -2.50000e-02 -3.50000e-01
457000 0.00000e+00 -3.70000e-01
458000 -5.00000e-02 -5.80000e-01
459000 1.00000e-01 -4.60000e-01
460000 -2.00000e-02 -3.50000e-01
461000 3.50000e-02 -4.40000e-01
462000 1.30000e-01 -3.90000e-01
463000 5.50000e-02 -4.50000e-01
464000 -4.50000e-02 -4.40000e-01
465000 7.00000e-02 -4.60000e-01
466000 -3.50000e-02 -2.50000e-01
467000 5.00000e-03 -3.00000e-01
468000 -2.50000e-02 -5.10000e-01
469000 -1.50000e-02 -5.20000e-01
470000 -1.50000e-02 -4.70000e-01
471000 -4.50000e-02 -4.80000e-01
472000 -2.50000e-02 -4.60000e-01
473000 -4.50000e-02 -4.50000e-01
474000 2.50000e-02 -4.80000e-01
475000 3.50000e-02 -2.80000e-01
476000 -6.50000e-02 -4.30000e-01
477000 3.00000e-02 -3.50000e-01
478000 9.50000e-02 -5.30000e-01
479000 4.00000e-02 -3.70000e-01
480000 -2.00000e-02 -4.60000e-01
481000 1.60000e-01 -4.30000e-01
482000 -2.00000e-02 -2.70000e-01
483000 -7.00000e-02 -5.90000e-01
484000 1.50000e-02 -4.00000e-01
485000 1.50000e-02 -5.80000e-01
486000 8.00000e-02 -4.20000e-01
487000 2.15000e-01 -5.40000e-01
488000 1.65000e-01 -4.90000e-01
489000 -4.00000e-02 -4.30000e-01
490000 -1.00000e-02 -4.60000e-01
491000 4.00000e-02 -5.50000e-01
492000 -3.00000e-02 -4.40000e-01
493000 4.00000e-02 -4.80000e-01
494000 -5.00000e-02 -5.10000e-01
495000 -3.00000e-02 -3.70000e-01
496000 5.50000e-02 -4.70000e-01
497000 7.00000e-02 -4.80000e-01
498000 -4.00000e-02 -4.50000e-01
499000 1.65000e-01 -3.60000e-01
500000 -2.00000e-02 -3.60000e-01
501000 -1.00000e-02 -4.10000e-01
502000 -6.00000e-02 -4.40000e-01
503000 4.00000e-02 -4.30000e-01
504000 1.05000e-01 -3.90000e-01
505000 -9.00000e-02 -4.00000e-01
506000 -1.50000e-02 -5.30000e-01
507000 -7.00000e-02 -3.50000e-01
508000 7.50000e-02 -3.80000e-01
509000 -1.15000e-01 -4.60000e-01
510000 -7.50000e-02 -3.40000e-01
511000 -1.50000e-02 -4.90000e-01
512000 -6.50000e-02 -4.00000e-01
513000 5.00000e-03 -3.30000e-01
514000 -4.00000e-02 -4.20000e-01
515000 1.50000e-01 -4.20000e-01
516000 5.00000e-02 -3.60000e-01
517000 1.20000e-01 -4.60000e-01
518000 -4.50000e-02 -4.70000e-01
519000 6.00000e-02 -4.90000e-01
520000 -8.50000e-02 -4.00000e-01
521000 -1.05000e-01 -4.50000e-01
522000 1.95000e-01 -4.60000e-01
523000 9.00000e-02 -3.40000e-01
524000 1.40000e-01 -4.20000e-01
525000 -1.20000e-01 -2.10000e-01
526000 -4.00000e-02 -3.60000e-01
527000 -1.95000e-01 -3.60000e-01
528000 3.50000e-02 -3.80000e-01
529000 -4.50000e-02 -3.70000e-01
530000 -2.05000e-01 -4.60000e-01
531000 -6.00000e-02 -3.70000e-01
532000 -6.00000e-02 -5.00000e-01
533000 -7.00000e-02 -3.80000e-01
534000 1.00000e-02 -3.20000e-01
535000 -8.00000e-02 -4.10000e-01
536000 8.00000e-02 -3.60000e-01
537000 -5.50000e-02 -3.70000e-01
538000 2.50000e-02 -4.00000e-01
539000 9.00000e-02 -4.70000e-01
540000 3.00000e-02 -5.20000e-01
541000 -3.50000e-02 -3.50000e-01
542000 1.05000e-01 -3.70000e-01
543000 -3.00000e-02 -5.80000e-01
544000 5.00000e-02 -4.00000e-01
545000 5.50000e-02 -4.50000e-01
546000 -1.90000e-01 -5.10000e-01
547000 9.00000e-02 -3.60000e-01
548000 6.50000e-02 -5.10000e-01
549000 8.50000e-02 -3.30000e-01
550000 1.00000e-01 -4.90000e-01
551000 -4.00000e-02 -4.10000e-01
552000 2.00000e-02 -4.20000e-01
553000 0.00000e+00 -3.50000e-01
554000 -3.00000e-02 -5.90000e-01
555000 -9.50000e-02 -3.90000e-01
556000 5.50000e-02 -4.00000e-01
557000 1.30000e-01 -3.50000e-01
558000 -5.50000e-02 -5.20000e-01
559000 9.50000e-02 -3.30000e-01
560000 8.00000e-02 -5.50000e-01
561000 3.00000e-02 -4.60000e-01
562000 8.50000e-02 -4.20000e-01
563000 8.00000e-02 -3.90000e-01
564000 2.50000e-02 -5.10000e-01
565000 4.00000e-02 -4.60000e-01
566000 -2.00000e-02 -3.90000e-01
567000 1.50000e-02 -5.10000e-01
568000 -9.50000e-02 -4.60000e-01
569000 -1.85000e-01 -2.80000e-01
570000 -4.50000e-02 -4.30000e-01
571000 2.15000e-01 -6.10000e-01
572000 1.30000e-01 -4.50000e-01
573000 7.00000e-02 -3.40000e-01
574000 -1.55000e-01 -5.40000e-01
575000 -2.50000e-02 -5.40000e-01
576000 -2.50000e-02 -4.90000e-01
577000 5.00000e-03 -4.60000e-01
578000 -1.35000e-01 -4.20000e-01
579000 -1.20000e-01 -5.30000e-01
580000 -5.00000e-03 -3.30000e-01
581000 0.00000e+00 -4.80000e-01
582000 -3.00000e-02 -3.60000e-01
583000 3.50000e-02 -3.80000e-01
584000 -2.00000e-02 -4.40000e-01
585000 -5.50000e-02 -4.10000e-01
586000 1.00000e-02 -4.20000e-01
587000 6.50000e-02 -4.70000e-01
588000 -2.50000e-02 -5.10000e-01
589000 3.50000e-02 -4.20000e-01
590000 2.00000e-02 -4.40000e-01
591000 6.50000e-02 -3.70000e-01
592000 4.00000e-02 -4.50000e-01
593000 -7.50000e-02 -4.60000e-01
594000 -6.50000e-02 -3.50000e-01
595000 5.00000e-02 -5.10000e-01
596000 5.00000e-02 -3.60000e-01
597000 -3.00000e-02 -4.80000e-01
598000 6.50000e-02 -4.90000e-01
599000 5.00000e-03 -4.10000e-01
600000 -1.50000e-02 -4.30000e-01
601000 3.00000e-02 -3.80000e-01
602000 -2.00000e-02 -3.70000e-01
603000 4.50000e-02 -1.80000e-01
604000 -4.50000e-02 -6.70000e-01
605000 2.00000e-02 -3.40000e-01
606000 -1.50000e-02 -5.20000e-01
607000 5.00000e-02 -3.80000e-01
608000 -1.40000e-01 -5.10000e-01
609000 -6.00000e-02 -5.40000e-01
610000 0.00000e+00 -4.60000e-01
611000 1.00000e-02 -2.60000e-01
612000 -2.00000e-01 -5.50000e-01
613000 2.50000e-02 -4.40000e-01
614000 -1.00000e-02 -3.70000e-01
615000 7.50000e-02 -3.70000e-01
616000 -1.10000e-01 -3.30000e-01
617000 2.00000e-02 -5.30000e-01
618000 -3.50000e-02 -3.60000e-01
619000 1.00000e-01 -5.20000e-01
620000 -7.00000e-02 -5.20000e-01
621000 4.50000e-02 -5.10000e-01
622000 -1.30000e-01 -5.40000e-01
623000 -1.05000e-01 -4.20000e-01
624000 5.00000e-02 -4.90000e-01
625000 9.00000e-02 -3.80000e-01
626000 8.50000e-02 -4.10000e-01
627000 -2.05000e-01 -5.60000e-01
628000 -2.40000e-01 -4.90000e-01
629000 -8.50000e-02 -3.60000e-01
630000 4.00000e-02 -5.40000e-01
631000 5.00000e-02 -4.20000e-01
632000 2.00000e-01 -3.60000e-01
633000 5.00000e-03 -3.30000e-01
634000 -1.10000e-01 -3.90000e-01
635000 5.50000e-02 -4.10000e-01
636000 4.50000e-02 -4.40000e-01
637000 8.00000e-02 -4.90000e-01
638000 -1.10000e-01 -4.30000e-01
639000 -8.50000e-02 -3.30000e-01
640000 -1.00000e-02 -3.30000e-01
641000 -1.00000e-02 -4.40000e-01
642000 0.00000e+00 -4.30000e-01
643000 -6.00000e-02 -5.80000e-01
644000 1.10000e-01 -4.40000e-01
645000 1.20000e-01 -3.20000e-01
646000 2.00000e-02 -4.90000e-01
647000 1.75000e-01 -5.10000e-01
648000 -1.70000e-01 -4.10000e-01
649000 5.00000e-02 -4.30000e-01
650000 -4.50000e-02 -4.80000e-01
651000 -1.50000e-02 -4.50000e-01
652000 -6.00000e-02 -4.10000e-01
653000 -1.60000e-01 -3.80000e-01
654000 5.00000e-02 -3.60000e-01
655000 1.85000e-01 -5.10000e-01
656000 4.00000e-02 -4.10000e-01
657000 -8.50000e-02 -3.60000e-01
658000 -5.50000e-02 -4.60000e-01
659000 -5.50000e-02 -4.10000e-01
660000 1.25000e-01 -4.60000e-01
661000 1.30000e-01 -4.20000e-01
662000 9.50000e-02 -3.90000e-01
663000 -7.00000e-02 -4.40000e-01
664000 -6.50000e-02 -5.20000e-01
665000 -2.50000e-02 -4.20000e-01
666000 -7.50000e-02 -3.20000e-01
667000 5.50000e-02 -2.30000e-01
668000 -1.05000e-01 -3.80000e-01
669000 -5.00000e-02 -4.30000e-01
670000 -1.50000e-02 -4.30000e-01
671000 -8.50000e-02 -5.30000e-01
672000 1.10000e-01 -4.40000e-01
673000 -7.00000e-02 -5.70000e-01
674000 0.00000e+00 -3.80000e-01
675000 1.50000e-02 -2.80000e-01
676000 -1.85000e-01 -5.30000e-01
677000 -8.50000e-02 -4.40000e-01
678000 -7.50000e-02 -4.30000e-01
679000 -1.30000e-01 -2.50000e-01
680000 -3.00000e-02 -5.00000e-01
681000 -1.10000e-01 -3.80000e-01
682000 -9.00000e-02 -5.20000e-01
683000 -5.50000e-02 -3.70000e-01
684000 0.00000e+00 -3.60000e-01
685000 2.50000e-02 -3.10000e-01
686000 -2.00000e-02 -4.50000e-01
687000 -1.35000e-01 -3.60000e-01
688000 2.00000e-02 -3.90000e-01
689000 5.50000e-02 -6.10000e-01
690000 -4.00000e-02 -3.40000e-01
691000 4.50000e-02 -3.90000e-01
692000 6.50000e-02 -4.30000e-01
693000 -3.50000e-02 -2.90000e-01
694000 5.00000e-02 -4.50000e-01
695000 -1.30000e-01 -4.90000e-01
696000 -1.90000e-01 -4.40000e-01
697000 -9.00000e-02 -4.40000e-01
698000 1.00000e-02 -4.90000e-01
699000 -2.00000e-02 -3.90000e-01
700000 -5.50000e-02 -5.60000e-01
701000 -1.10000e-01 -4.00000e-01
702000 3.50000e-02 -4.20000e-01
703000 1.75000e-01 -6.60000e-01
704000 -9.00000e-02 -3.90000e-01
705000 6.00000e-02 -5.30000e-01
706000 1.70000e-01 -5.90000e-01
707000 8.00000e-02 -5.30000e-01
708000 5.00000e-03 -4.20000e-01
709000 -6.50000e-02 -4.50000e-01
710000 -6.50000e-02 -5.10000e-01
711000 -2.00000e-02 -4.90000e-01
712000 -6.00000e-02 -4.60000e-01
713000 -5.50000e-02 -3.30000e-01
714000 3.00000e-02 -3.90000e-01
715000 -1.10000e-01 -4.30000e-01
716000 0.00000e+00 -5.40000e-01
717000 2.00000e-02 -4.20000e-01
718000 6.00000e-02 -5.30000e-01
719000 -1.65000e-01 -3.40000e-01
720000 1.45000e-01 -4.80000e-01
721000 -9.00000e-02 -5.20000e-01
722000 2.00000e-02 -4.70000e-01
723000 3.00000e-02 -5.80000e-01
724000 -4.00000e-02 -4.80000e-01
725000 -9.00000e-02 -4.00000e-01
726000 1.50000e-02 -2.70000e-01
727000 -2.00000e-02 -4.00000e-01
728000 -2.50000e-02 -3.80000e-01
729000 -4.00000e-02 -4.00000e-01
730000 -2.00000e-02 -4.50000e-01
731000 -1.00000e-02 -4.00000e-01
732000 -7.50000e-02 -6.00000e-01
733000 4.00000e-02 -5.30000e-01
734000 6.50000e-02 -4.30000e-01
735000 -1.75000e-01 -4.30000e-01
736000 1.00000e-01 -4.20000e-01
737000 -3.00000e-02 -3.90000e-01
738000 2.00000e-02 -3.30000e-01
739000 5.50000e-02 -6.00000e-01
740000 5.00000e-02 -4.50000e-01
741000 -1.05000e-01 -4.40000e-01
742000 3.50000e-02 -3.90000e-01
743000 -1.10000e-01 -4.40000e-01
744000 0.00000e+00 -4.30000e-01
745000 -4.00000e-02 -4.40000e-01
746000 7.00000e-02 -5.30000e-01
747000 -2.50000e-02 -4.40000e-01
748000 -3.00000e-02 -3.80000e-01
749000 5.50000e-02 -4.20000e-01
750000 -3.50000e-02 -4.10000e-01
751000 0.00000e+00 -4.10000e-01
752000 -8.00000e-02 -3.00000e-01
753000 7.00000e-02 -5.10000e-01
754000 7.00000e-02 -4.80000e-01
755000 4.50000e-02 -3.70000e-01
756000 -3.00000e-02 -3.30000e-01
757000 0.00000e+00 -5.60000e-01
758000 2.50000e-02 -3.00000e-01
759000 -1.05000e-01 -3.90000e-01
760000 1.40000e-01 -4.90000e-01
761000 -9.00000e-02 -4.00000e-01
762000 -8.50000e-02 -3.80000e-01
763000 -1.05000e-01 -3.20000e-01
764000 4.00000e-02 -4.00000e-01
765000 3.50000e-02 -3.00000e-01
766000 -3.00000e-02 -3.80000e-01
767000 -7.50000e-02 -5.90000e-01
768000 -5.50000e-02 -3.50000e-01
769000 4.00000e-02 -4.50000e-01
770000 -1.05000e-01 -4.50000e-01
771000 2.50000e-02 -4.70000e-01
772000 -1.25000e-01 -4.40000e-01
773000 5.00000e-02 -4.10000e-01
774000 -1.35000e-01 -3.60000e-01
775000 -9.50000e-02 -4.00000e-01
776000 -1.50000e-02 -4.30000e-01
777000 -2.50000e-02 -4.20000e-01
778000 8.50000e-02 -4.70000e-01
779000 5.00000e-02 -2.80000e-01
780000 2.00000e-02 -3.80000e-01
781000 5.00000e-03 -5.10000e-01
782000 6.00000e-02 -3.60000e-01
783000 0.00000e+00 -3.50000e-01
784000 6.00000e-02 -3.00000e-01
785000 5.00000e-02 -4.70000e-01
786000 4.00000e-02 -4.00000e-01
787000 -1.00000e-02 -3.80000e-01
788000 1.10000e-01 -3.50000e-01
789000 1.85000e-01 -4.80000e-01
790000 5.00000e-03 -4.60000e-01
791000 1.00000e-01 -4.10000e-01
792000 -4.00000e-02 -3.50000e-01
793000 -1.00000e-01 -4.70000e-01
794000 1.05000e-01 -4.50000e-01
795000 -6.50000e-02 -4.80000e-01
796000 1.50000e-02 -3.00000e-01
797000 1.25000e-01 -4.40000e-01
798000 1.75000e-01 -3.80000e-01
799000 5.00000e-03 -4.90000e-01
800000 1.50000e-02 -3.30000e-01
801000 1.65000e-01 -3.30000e-01
802000 9.00000e-02 -5.40000e-01
803000 9.00000e-02 -4.50000e-01
804000 -5.00000e-03 -5.20000e-01
805000 -1.35000e-01 -4.00000e-01
806000 -2.00000e-02 -2.70000e-01
807000 2.50000e-02 -4.40000e-01
808000 1.00000e-02 -3.80000e-01
809000 2.50000e-02 -3.90000e-01
810000 3.50000e-02 -4.00000e-01
811000 5.50000e-02 -3.90000e-01
812000 1.65000e-01 -3.90000e-01
813000 -1.65000e-01 -5.50000e-01
814000 7.50000e-02 -4.20000e-01
815000 -3.00000e-02 -4.30000e-01
816000 2.50000e-02 -4.00000e-01
817000 1.00000e-01 -4.70000e-01
818000 -9.50000e-02 -4.60000e-01
819000 -4.00000e-02 -5.50000e-01
820000 -4.00000e-02 -2.90000e-01
821000 -6.00000e-02 -4.30000e-01
822000 1.25000e-01 -3.70000e-01
823000 -1.30000e-01 -4.70000e-01
824000 -5.00000e-02 -4.40000e-01
825000 5.00000e-03 -2.70000e-01
826000 1.35000e-01 -5.90000e-01
827000 -8.50000e-02 -3.70000e-01
828000 3.50000e-02 -5.10000e-01
829000 7.00000e-02 -4.80000e-01
830000 -6.50000e-02 -4.30000e-01
831000 1.65000e-01 -4.30000e-01
832000 3.00000e-02 -5.30000e-01
833000 -4.00000e-02 -3.40000e-01
834000 -6.00000e-02 -2.20000e-01
835000 8.50000e-02 -5.10000e-01
836000 2.75000e-01 -5.20000e-01
837000 -3.00000e-02 -5.10000e-01
838000 1.50000e-02 -4.70000e-01
839000 1.25000e-01 -5.80000e-01
840000 -3.50000e-02 -4.30000e-01
841000 -6.50000e-02 -4.50000e-01
842000 2.00000e-02 -4.00000e-01
843000 -5.00000e-02 -4.00000e-01
844000 -4.50000e-02 -4.20000e-01
845000 -7.00000e-02 -4.10000e-01
846000 4.50000e-02 -6.00000e-01
847000 5.50000e-02 -3.70000e-01
848000 5.50000e-02 -3.10000e-01
849000 -1.25000e-01 -5.20000e-01
850000 1.40000e-01 -4.40000e-01
851000 1.15000e-01 -3.40000e-01
852000 -4.50000e-02 -2.90000e-01
853000 1.60000e-01 -3.10000e-01
854000 9.00000e-02 -4.10000e-01
855000 -1.35000e-01 -4.70000e-01
856000 -6.00000e-02 -4.40000e-01
857000 -1.00000e-02 -4.70000e-01
858000 2.50000e-02 -3.80000e-01
859000 5.00000e-02 -4.20000e-01
860000 3.50000e-02 -4.80000e-01
861000 -6.50000e-02 -4.00000e-01
862000 -3.00000e-02 -4.80000e-01
863000 5.50000e-02 -3.60000e-01
864000 -3.50000e-02 -4.30000e-01
865000 -7.00000e-02 -3.90000e-01
866000 -7.00000e-02 -4.00000e-01
867000 2.20000e-01 -3.90000e-01
868000 -4.00000e-02 -3.90000e-01
869000 1.50000e-02 -3.30000e-01
870000 -3.00000e-02 -3.30000e-01
871000 5.00000e-03 -3.50000e-01
872000 -2.50000e-02 -3.50000e-01
873000 -1.50000e-01 -6.00000e-01
874000 5.50000e-02 -4.50000e-01
875000 1.10000e-01 -4.30000e-01
876000 -1.25000e-01 -4.40000e-01
877000 0.00000e+00 -4.00000e-01
878000 6.50000e-02 -4.10000e-01
879000 1.00000e-01 -4.60000e-01
880000 7.00000e-02 -3.50000e-01
881000 -4.50000e-02 -3.80000e-01
882000 3.00000e-02 -3.60000e-01
883000 -4.50000e-02 -4.00000e-01
884000 -7.50000e-02 -5.90000e-01
885000 1.50000e-02 -4.80000e-01
886000 -1.00000e-01 -5.40000e-01
887000 -1.00000e-02 -4.80000e-01
888000 3.00000e-02 -3.90000e-01
889000 1.20000e-01 -4.50000e-01
890000 4.50000e-02 -3.00000e-01
891000 -5.50000e-02 -5.60000e-01
892000 6.50000e-02 -3.70000e-01
893000 1.05000e-01 -4.10000e-01
894000 -7.00000e-02 -4.80000e-01
895000 0.00000e+00 -3.70000e-01
896000 2.00000e-02 -3.80000e-01
897000 -9.50000e-02 -5.10000e-01
898000 1.95000e-01 -5.20000e-01
899000 -7.50000e-02 -3.20000e-01
900000 1.00000e-02 -6.80000e-01
901000 7.00000e-02 -3.90000e-01
902000 5.00000e-02 -3.30000e-01
903000 1.00000e-02 -6.70000e-01
904000 9.00000e-02 -2.60000e-01
905000 1.50000e-02 -3.10000e-01
906000 -1.00000e-01 -4.40000e-01
907000 3.50000e-02 -3.30000e-01
908000 -8.50000e-02 -4.80000e-01
909000 -4.00000e-02 -3.50000e-01
910000 2.50000e-02 -3.60000e-01
911000 -9.00000e-02 -4.30000e-01
912000 6.50000e-02 -3.80000e-01
913000 -1.35000e-01 -4.20000e-01
914000 -1.50000e-01 -4.10000e-01
915000 -4.50000e-02 -4.70000e-01
916000 -4.50000e-02 -5.10000e-01
917000 -1.00000e-01 -4.50000e-01
918000 7.50000e-02 -2.30000e-01
919000 -6.50000e-02 -4.50000e-01
920000 1.30000e-01 -4.70000e-01
921000 -1.55000e-01 -4.10000e-01
922000 4.00000e-02 -4.50000e-01
923000 1.70000e-01 -4.50000e-01
924000 -1.80000e-01 -5.20000e-01
925000 -1.90000e-01 -4.60000e-01
926000 1.50000e-02 -3.90000e-01
927000 -5.00000e-02 -4.10000e-01
928000 -8.50000e-02 -4.00000e-01
929000 -4.50000e-02 -4.10000e-01
930000 -9.50000e-02 -5.50000e-01
931000 2.50000e-02 -4.60000e-01
932000 -5.50000e-02 -4.20000e-01
933000 7.00000e-02 -5.00000e-01
934000 -9.50000e-02 -2.60000e-01
935000 1.50000e-02 -3.60000e-01
936000 -7.00000e-02 -6.60000e-01
937000 -1.50000e-02 -4.00000e-01
938000 -7.00000e-02 -3.80000e-01
939000 -5.00000e-02 -4.90000e-01
940000 5.00000e-03 -5.40000e-01
941000 -1.50000e-02 -4.20000e-01
942000 -5.00000e-02 -5.00000e-01
943000 -4.00000e-02 -4.30000e-01
944000 -1.35000e-01 -6.00000e-01
945000 9.50000e-02 -3.60000e-01
946000 4.50000e-02 -5.20000e-01
947000 -2.00000e-02 -4.50000e-01
948000 9.50000e-02 -4.50000e-01
949000 -7.00000e-02 -3.20000e-01
950000 1.50000e-02 -5.00000e-01
951000 1.05000e-01 -4.00000e-01
952000 -8.50000e-02 -3.50000e-01
953000 0.00000e+00 -4.00000e-01
954000 -1.70000e-01 -4.70000e-01
955000 -1.35000e-01 -3.00000e-01
956000 3.00000e-02 -3.40000e-01
957000 -5.00000e-03 -4.20000e-01
958000 1.20000e-01 -4.10000e-01
959000 -2.50000e-02 -4.20000e-01
960000 -1.15000e-01 -4.70000e-01
961000 9.00000e-02 -4.90000e-01
962000 1.55000e-01 -4.50000e-01
963000 -3.00000e-02 -5.40000e-01
964000 1.45000e-01 -5.80000e-01
965000 -1.05000e-01 -4.00000e-01
966000 5.00000e-03 -5.30000e-01
967000 1.80000e-01 -3.50000e-01
968000 -5.00000e-03 -3.80000e-01
969000 5.00000e-02 -4.00000e-01
970000 7.00000e-02 -4.50000e-01
971000 3.50000e-02 -3.90000e-01
972000 6.00000e-02 -4.00000e-01
973000 -5.00000e-03 -3.40000e-01
974000 -9.00000e-02 -2.60000e-01
975000 1.50000e-02 -4.30000e-01
976000 9.50000e-02 -4.00000e-01
977000 -9.50000e-02 -3.60000e-01
978000 -4.00000e-02 -4.60000e-01
979000 7.50000e-02 -4.30000e-01
980000 -7.50000e-02 -4.70000e-01
981000 -5.50000e-02 -3.80000e-01
982000 -4.50000e-02 -3.80000e-01
983000 -1.00000e-02 -3.30000e-01
984000 -7.00000e-02 -3.40000e-01
985000 -7.50000e-02 -3.30000e-01
986000 5.50000e-02 -4.10000e-01
987000 3.00000e-02 -4.40000e-01
988000 -1.50000e-02 -4.00000e-01
989000 -8.00000e-02 -4.30000e-01
990000 -6.50000e-02 -5.00000e-01
991000 2.00000e-02 -4.30000e-01
992000 -2.30000e-01 -5.00000e-01
993000 2.00000e-02 -3.60000e-01
994000 -1.00000e-01 -4.80000e-01
995000 6.50000e-02 -4.30000e-01
996000 0.00000e+00 -4.40000e-01
997000 -3.00000e-02 -3.90000e-01
998000 -5.00000e-02 -3.60000e-01
999000 8.00000e-02 -4.30000e-01
# The average magnetization is 0.00160
# The average energy per spin is -0.42892
# Program ends.
