=========================================
SLURM_JOB_ID = 60388
SLURM_JOB_NODELIST = node20-78
SLURM_CPUS_ON_NODE = 4
SLURM_JOB_PARTITION = RT
SLURM_TASK_PID = 729891
==========================================
# command: ./a.out -T 5.0 -s 12345 
# ISING simulation, NVT Metropolis Monte Carlo
# L = 20, T = 5.000, nCycles 1000000, fSamp 1000, Seed 12345
0 1.30000e-01 -2.70000e-01
1000 -4.00000e-02 -4.00000e-01
2000 1.60000e-01 -5.10000e-01
3000 1.50000e-02 -3.90000e-01
4000 2.50000e-01 -4.20000e-01
5000 3.50000e-02 -4.40000e-01
6000 -3.50000e-02 -4.40000e-01
7000 1.20000e-01 -4.50000e-01
8000 -1.10000e-01 -2.80000e-01
9000 -1.85000e-01 -3.90000e-01
10000 7.50000e-02 -4.70000e-01
11000 -7.00000e-02 -3.10000e-01
12000 2.50000e-02 -4.60000e-01
13000 5.50000e-02 -3.70000e-01
14000 -1.45000e-01 -4.10000e-01
15000 -5.00000e-03 -3.10000e-01
16000 0.00000e+00 -4.00000e-01
17000 3.50000e-02 -4.60000e-01
18000 0.00000e+00 -4.20000e-01
19000 -1.30000e-01 -3.80000e-01
20000 5.50000e-02 -3.10000e-01
21000 -5.00000e-02 -5.80000e-01
22000 -8.50000e-02 -5.00000e-01
23000 -8.50000e-02 -4.20000e-01
24000 -1.30000e-01 -5.10000e-01
25000 5.50000e-02 -4.10000e-01
26000 0.00000e+00 -4.80000e-01
27000 6.00000e-02 -4.60000e-01
28000 -5.00000e-03 -3.40000e-01
29000 -1.00000e-01 -4.80000e-01
30000 2.10000e-01 -4.90000e-01
31000 7.00000e-02 -4.40000e-01
32000 2.50000e-02 -4.50000e-01
33000 5.00000e-03 -6.30000e-01
34000 5.50000e-02 -3.00000e-01
35000 1.00000e-01 -4.90000e-01
36000 9.00000e-02 -4.50000e-01
37000 -1.30000e-01 -4.60000e-01
38000 -9.00000e-02 -4.90000e-01
39000 7.00000e-02 -4.70000e-01
40000 8.50000e-02 -4.20000e-01
41000 -5.50000e-02 -3.80000e-01
42000 -1.50000e-02 -3.90000e-01
43000 0.00000e+00 -3.60000e-01
44000 5.50000e-02 -3.70000e-01
45000 -3.00000e-02 -3.60000e-01
46000 -1.00000e-02 -3.60000e-01
47000 7.50000e-02 -3.90000e-01
48000 1.35000e-01 -4.00000e-01
49000 8.50000e-02 -3.40000e-01
50000 2.50000e-02 -5.30000e-01
51000 -1.00000e-02 -4.20000e-01
52000 5.50000e-02 -5.60000e-01
53000 1.00000e-01 -5.20000e-01
54000 6.00000e-02 -3.80000e-01
55000 5.00000e-02 -3.60000e-01
56000 5.50000e-02 -3.90000e-01
57000 -5.00000e-02 -4.40000e-01
58000 5.00000e-03 -3.90000e-01
59000 -5.50000e-02 -4.40000e-01
60000 -2.00000e-02 -3.70000e-01
61000 -6.00000e-02 -4.70000e-01
62000 4.00000e-02 -5.50000e-01
63000 1.70000e-01 -3.10000e-01
64000 -1.50000e-02 -4.20000e-01
65000 -3.50000e-02 -4.40000e-01
66000 1.50000e-02 -3.20000e-01
67000 2.50000e-02 -3.70000e-01
68000 -4.50000e-02 -3.80000e-01
69000 -3.00000e-02 -3.60000e-01
70000 2.50000e-02 -3.60000e-01
71000 -5.00000e-02 -5.30000e-01
72000 -1.00000e-01 -3.90000e-01
73000 2.00000e-02 -3.90000e-01
74000 1.25000e-01 -5.40000e-01
75000 5.00000e-02 -5.00000e-01
76000 -2.20000e-01 -4.60000e-01
77000 -5.00000e-03 -3.90000e-01
78000 -1.10000e-01 -5.60000e-01
79000 -2.50000e-02 -4.00000e-01
80000 6.00000e-02 -3.40000e-01
81000 6.00000e-02 -5.10000e-01
82000 -1.35000e-01 -3.70000e-01
83000 6.50000e-02 -4.90000e-01
84000 -7.00000e-02 -4.50000e-01
85000 -5.00000e-03 -5.00000e-01
86000 -5.00000e-03 -4.60000e-01
87000 4.00000e-02 -4.70000e-01
88000 2.00000e-02 -4.20000e-01
89000 5.00000e-03 -3.60000e-01
90000 -5.50000e-02 -4.50000e-01
91000 3.50000e-02 -3.00000e-01
92000 1.90000e-01 -3.30000e-01
93000 -7.50000e-02 -4.20000e-01
94000 -7.50000e-02 -4.00000e-01
95000 -3.50000e-02 -4.40000e-01
96000 1.50000e-02 -3.10000e-01
97000 -1.30000e-01 -4.90000e-01
98000 -5.50000e-02 -4.80000e-01
99000 7.00000e-02 -3.10000e-01
100000 -6.00000e-02 -3.10000e-01
101000 -1.15000e-01 -4.40000e-01
102000 -1.95000e-01 -5.50000e-01
103000 -6.00000e-02 -4.30000e-01
104000 -4.50000e-02 -3.90000e-01
105000 -5.50000e-02 -3.30000e-01
106000 1.05000e-01 -3.70000e-01
107000 2.00000e-02 -4.50000e-01
108000 -3.00000e-02 -4.40000e-01
109000 1.00000e-01 -4.50000e-01
110000 -7.00000e-02 -4.20000e-01
111000 1.25000e-01 -4.40000e-01
112000 8.50000e-02 -4.90000e-01
113000 2.00000e-02 -5.50000e-01
114000 -9.00000e-02 -4.50000e-01
115000 7.50000e-02 -4.40000e-01
116000 -7.00000e-02 -6.30000e-01
117000 1.00000e-02 -3.40000e-01
118000 5.50000e-02 -4.40000e-01
119000 -1.25000e-01 -5.70000e-01
120000 -4.00000e-02 -4.70000e-01
121000 -1.25000e-01 -4.10000e-01
122000 -4.00000e-02 -3.40000e-01
123000 -1.15000e-01 -5.10000e-01
124000 -8.50000e-02 -4.30000e-01
125000 6.00000e-02 -3.40000e-01
126000 4.00000e-02 -4.80000e-01
127000 1.30000e-01 -3.10000e-01
128000 1.40000e-01 -5.20000e-01
129000 1.70000e-01 -5.40000e-01
130000 1.05000e-01 -4.50000e-01
131000 7.00000e-02 -4.30000e-01
132000 3.00000e-02 -4.70000e-01
133000 2.00000e-02 -4.60000e-01
134000 -1.25000e-01 -5.40000e-01
135000 -1.00000e-02 -3.40000e-01
136000 -7.50000e-02 -4.50000e-01
137000 2.50000e-02 -4.00000e-01
138000 0.00000e+00 -5.00000e-01
139000 8.50000e-02 -4.00000e-01
140000 1.10000e-01 -4.60000e-01
141000 -9.50000e-02 -3.80000e-01
142000 1.65000e-01 -5.20000e-01
143000 5.00000e-03 -3.90000e-01
144000 -5.00000e-03 -4.00000e-01
145000 -5.00000e-02 -4.00000e-01
146000 4.00000e-02 -3.30000e-01
147000 4.50000e-02 -3.20000e-01
148000 -1.00000e-01 -4.80000e-01
149000 2.50000e-02 -4.70000e-01
150000 -3.50000e-02 -5.00000e-01
151000 -6.50000e-02 -4.10000e-01
152000 1.15000e-01 -3.10000e-01
153000 1.10000e-01 -3.70000e-01
154000 2.00000e-02 -3.80000e-01
155000 -1.40000e-01 -3.20000e-01
156000 -2.50000e-02 -4.50000e-01
157000 -1.50000e-02 -4.70000e-01
158000 5.00000e-03 -4.80000e-01
159000 3.50000e-02 -4.90000e-01
160000 -8.00000e-02 -4.80000e-01
161000 -5.00000e-03 -3.40000e-01
162000 -9.00000e-02 -4.70000e-01
163000 7.50000e-02 -4.90000e-01
164000 5.00000e-02 -5.30000e-01
165000 -4.50000e-02 -5.10000e-01
166000 5.00000e-03 -3.00000e-01
167000 -5.00000e-03 -3.60000e-01
168000 0.00000e+00 -3.40000e-01
169000 -5.00000e-03 -3.80000e-01
170000 6.00000e-02 -5.10000e-01
171000 -1.25000e-01 -4.30000e-01
172000 -1.70000e-01 -4.10000e-01
173000 -4.50000e-02 -3.30000e-01
174000 1.10000e-01 -4.10000e-01
175000 -4.00000e-02 -2.60000e-01
176000 2.50000e-02 -5.00000e-01
177000 1.35000e-01 -6.80000e-01
178000 -3.50000e-02 -3.80000e-01
179000 0.00000e+00 -3.20000e-01
180000 2.50000e-02 -5.20000e-01
181000 -6.50000e-02 -3.30000e-01
182000 3.50000e-02 -4.80000e-01
183000 3.50000e-02 -4.40000e-01
184000 1.00000e-02 -4.80000e-01
185000 3.00000e-02 -3.30000e-01
186000 7.50000e-02 -4.80000e-01
187000 -1.00000e-02 -4.20000e-01
188000 -1.05000e-01 -4.30000e-01
189000 -2.50000e-02 -4.50000e-01
190000 -1.50000e-02 -3.70000e-01
191000 9.00000e-02 -5.40000e-01
192000 5.00000e-03 -4.50000e-01
193000 -1.25000e-01 -3.00000e-01
194000 -8.50000e-02 -4.50000e-01
195000 -1.50000e-02 -4.50000e-01
196000 -1.35000e-01 -4.30000e-01
197000 -4.50000e-02 -4.80000e-01
198000 -1.10000e-01 -3.90000e-01
199000 -3.00000e-02 -4.40000e-01
200000 -7.50000e-02 -4.60000e-01
201000 -3.00000e-02 -4.30000e-01
202000 5.00000e-03 -5.70000e-01
203000 5.50000e-02 -4.00000e-01
204000 -3.50000e-02 -3.40000e-01
205000 5.00000e-03 -5.10000e-01
206000 -7.50000e-02 -4.90000e-01
207000 1.50000e-01 -3.90000e-01
208000 -3.50000e-02 -3.30000e-01
209000 -6.50000e-02 -3.10000e-01
210000 8.50000e-02 -5.20000e-01
211000 9.00000e-02 -4.10000e-01
212000 -5.00000e-02 -4.60000e-01
213000 -3.50000e-02 -2.90000e-01
214000 1.00000e-02 -3.00000e-01
215000 2.50000e-02 -4.40000e-01
216000 0.00000e+00 -5.00000e-01
217000 -5.00000e-02 -5.90000e-01
218000 -5.00000e-03 -4.00000e-01
219000 -1.65000e-01 -4.90000e-01
220000 -1.40000e-01 -4.40000e-01
221000 0.00000e+00 -4.60000e-01
222000 4.50000e-02 -4.70000e-01
223000 1.00000e-01 -4.80000e-01
224000 0.00000e+00 -5.00000e-01
225000 2.50000e-02 -4.10000e-01
226000 -2.50000e-02 -4.40000e-01
227000 4.50000e-02 -3.80000e-01
228000 4.50000e-02 -4.60000e-01
229000 -1.50000e-02 -4.70000e-01
230000 -1.75000e-01 -3.40000e-01
231000 1.60000e-01 -5.10000e-01
232000 -1.90000e-01 -5.50000e-01
233000 -1.60000e-01 -3.10000e-01
234000 -2.50000e-02 -4.50000e-01
235000 1.35000e-01 -4.60000e-01
236000 2.50000e-02 -3.80000e-01
237000 9.50000e-02 -3.70000e-01
238000 0.00000e+00 -3.90000e-01
239000 -3.50000e-02 -4.60000e-01
240000 -7.50000e-02 -5.00000e-01
241000 -8.00000e-02 -5.70000e-01
242000 7.50000e-02 -5.00000e-01
243000 1.00000e-02 -4.50000e-01
244000 -3.50000e-02 -4.40000e-01
245000 -1.45000e-01 -4.70000e-01
246000 -4.00000e-02 -4.10000e-01
247000 4.50000e-02 -4.30000e-01
248000 -1.25000e-01 -3.70000e-01
249000 -3.50000e-02 -3.70000e-01
250000 -1.00000e-02 -3.10000e-01
251000 1.10000e-01 -4.80000e-01
252000 -1.00000e-02 -3.80000e-01
253000 -1.50000e-02 -3.90000e-01
254000 -2.00000e-02 -3.50000e-01
255000 -1.20000e-01 -5.10000e-01
256000 -4.00000e-02 -5.10000e-01
257000 -3.00000e-02 -4.80000e-01
258000 -2.40000e-01 -4.90000e-01
259000 -6.50000e-02 -4.40000e-01
260000 -2.00000e-02 -3.80000e-01
261000 1.45000e-01 -2.90000e-01
262000 2.10000e-01 -4.50000e-01
263000 1.50000e-02 -5.30000e-01
264000 2.55000e-01 -5.60000e-01
265000 8.00000e-02 -5.00000e-01
266000 4.00000e-02 -4.90000e-01
267000 -1.70000e-01 -6.20000e-01
268000 1.25000e-01 -3.90000e-01
269000 -2.00000e-02 -3.80000e-01
270000 2.00000e-02 -4.50000e-01
271000 -5.50000e-02 -4.50000e-01
272000 1.35000e-01 -4.60000e-01
273000 -8.50000e-02 -4.40000e-01
274000 -8.00000e-02 -4.60000e-01
275000 2.50000e-02 -2.90000e-01
276000 0.00000e+00 -3.50000e-01
277000 -2.50000e-02 -5.00000e-01
278000 1.60000e-01 -4.10000e-01
279000 -2.00000e-02 -5.10000e-01
280000 5.00000e-03 -4.10000e-01
281000 -5.00000e-03 -3.40000e-01
282000 7.00000e-02 -3.70000e-01
283000 1.50000e-02 -5.60000e-01
284000 6.00000e-02 -5.00000e-01
285000 -6.50000e-02 -3.70000e-01
286000 4.00000e-02 -3.90000e-01
287000 -6.50000e-02 -3.50000e-01
288000 8.00000e-02 -5.60000e-01
289000 5.00000e-03 -4.20000e-01
290000 1.25000e-01 -4.00000e-01
291000 4.50000e-02 -4.80000e-01
292000 2.50000e-02 -5.30000e-01
293000 -1.00000e-02 -3.90000e-01
294000 1.55000e-01 -4.90000e-01
295000 -4.00000e-02 -3.50000e-01
296000 6.00000e-02 -4.10000e-01
297000 1.00000e-02 -4.90000e-01
298000 -8.50000e-02 -4.30000e-01
299000 7.50000e-02 -4.80000e-01
300000 3.00000e-02 -3.90000e-01
301000 5.00000e-02 -5.40000e-01
302000 7.00000e-02 -2.60000e-01
303000 5.00000e-03 -3.80000e-01
304000 -2.50000e-02 -4.70000e-01
305000 1.50000e-02 -3.50000e-01
306000 1.05000e-01 -3.70000e-01
307000 -1.20000e-01 -3.50000e-01
308000 -5.50000e-02 -4.30000e-01
309000 1.50000e-02 -3.00000e-01
310000 1.10000e-01 -3.50000e-01
311000 5.00000e-02 -4.80000e-01
312000 -4.50000e-02 -4.10000e-01
313000 1.50000e-02 -3.50000e-01
314000 7.00000e-02 -4.60000e-01
315000 6.50000e-02 -4.50000e-01
316000 -3.50000e-02 -4.20000e-01
317000 1.00000e-02 -5.10000e-01
318000 8.50000e-02 -4.20000e-01
319000 -1.20000e-01 -3.80000e-01
320000 -7.00000e-02 -3.80000e-01
321000 -2.25000e-01 -4.10000e-01
322000 1.35000e-01 -3.80000e-01
323000 1.00000e-02 -3.40000e-01
324000 5.00000e-03 -4.10000e-01
325000 -1.00000e-02 -4.30000e-01
326000 -1.40000e-01 -4.80000e-01
327000 -9.50000e-02 -4.90000e-01
328000 -1.00000e-02 -4.20000e-01
329000 -3.50000e-02 -4.00000e-01
330000 5.00000e-03 -4.40000e-01
331000 -3.50000e-02 -4.10000e-01
332000 -5.00000e-03 -3.40000e-01
333000 7.50000e-02 -5.60000e-01
334000 -6.00000e-02 -4.50000e-01
335000 1.70000e-01 -5.90000e-01
336000 -4.50000e-02 -5.20000e-01
337000 4.00000e-02 -3.50000e-01
338000 -1.00000e-02 -4.90000e-01
339000 -4.50000e-02 -4.90000e-01
340000 6.00000e-02 -4.70000e-01
341000 1.00000e-01 -4.00000e-01
342000 -1.00000e-02 -5.00000e-01
343000 -7.00000e-02 -2.90000e-01
344000 -5.50000e-02 -4.40000e-01
345000 -1.00000e-02 -6.00000e-01
346000 1.00000e-02 -4.70000e-01
347000 4.50000e-02 -3.80000e-01
348000 -1.50000e-02 -4.60000e-01
349000 2.15000e-01 -4.90000e-01
350000 -1.50000e-02 -3.90000e-01
351000 -7.00000e-02 -3.60000e-01
352000 -4.50000e-02 -3.80000e-01
353000 2.50000e-02 -4.50000e-01
354000 -6.50000e-02 -3.70000e-01
355000 3.00000e-02 -3.80000e-01
356000 -8.00000e-02 -4.50000e-01
357000 -1.05000e-01 -5.00000e-01
358000 5.50000e-02 -3.70000e-01
359000 3.00000e-02 -4.70000e-01
360000 -1.60000e-01 -4.40000e-01
361000 1.00000e-02 -4.60000e-01
362000 7.50000e-02 -3.40000e-01
363000 1.00000e-02 -4.40000e-01
364000 -1.15000e-01 -4.00000e-01
365000 1.50000e-02 -5.20000e-01
366000 -5.00000e-02 -4.70000e-01
367000 -3.50000e-02 -5.30000e-01
368000 -1.40000e-01 -5.10000e-01
369000 -1.20000e-01 -3.00000e-01
370000 3.50000e-02 -3.20000e-01
371000 -6.00000e-02 -4.00000e-01
372000 -2.50000e-02 -3.60000e-01
373000 -5.00000e-03 -5.10000e-01
374000 -5.00000e-02 -4.40000e-01
375000 1.65000e-01 -3.30000e-01
376000 -1.00000e-02 -2.70000e-01
377000 5.00000e-02 -5.00000e-01
378000 -1.50000e-02 -3.90000e-01
379000 1.05000e-01 -3.10000e-01
380000 7.50000e-02 -4.30000e-01
381000 -1.00000e-02 -4.30000e-01
382000 -9.00000e-02 -5.60000e-01
383000 2.00000e-02 -3.40000e-01
384000 -6.00000e-02 -4.90000e-01
385000 4.00000e-02 -3.60000e-01
386000 -4.50000e-02 -4.10000e-01
387000 0.00000e+00 -5.10000e-01
388000 2.50000e-02 -4.80000e-01
389000 4.50000e-02 -4.50000e-01
390000 4.50000e-02 -4.70000e-01
391000 -5.00000e-03 -5.20000e-01
392000 -7.50000e-02 -5.40000e-01
393000 1.00000e-01 -3.80000e-01
394000 1.25000e-01 -3.60000e-01
395000 -2.50000e-02 -3.80000e-01
396000 1.20000e-01 -5.10000e-01
397000 4.50000e-02 -5.20000e-01
398000 -2.00000e-02 -3.30000e-01
399000 -8.00000e-02 -3.60000e-01
400000 8.00000e-02 -4.00000e-01
401000 -3.00000e-02 -4.50000e-01
402000 0.00000e+00 -5.20000e-01
403000 1.95000e-01 -5.30000e-01
404000 -4.00000e-02 -3.50000e-01
405000 -1.10000e-01 -4.80000e-01
406000 9.00000e-02 -3.60000e-01
407000 -2.50000e-02 -3.90000e-01
408000 9.00000e-02 -4.10000e-01
409000 -4.50000e-02 -3.90000e-01
410000 6.00000e-02 -3.90000e-01
411000 4.50000e-02 -4.30000e-01
412000 1.15000e-01 -4.70000e-01
413000 5.50000e-02 -5.30000e-01
414000 -5.00000e-02 -3.60000e-01
415000 -1.45000e-01 -3.40000e-01
416000 -6.50000e-02 -4.00000e-01
417000 1.60000e-01 -4.70000e-01
418000 1.00000e-01 -3.90000e-01
419000 -2.50000e-02 -4.00000e-01
420000 -5.50000e-02 -3.60000e-01
421000 1.05000e-01 -4.40000e-01
422000 -9.00000e-02 -3.80000e-01
423000 8.00000e-02 -3.90000e-01
424000 4.50000e-02 -5.50000e-01
425000 3.50000e-02 -4.70000e-01
426000 1.50000e-01 -3.50000e-01
427000 5.50000e-02 -2.60000e-01
428000 2.00000e-02 -4.80000e-01
429000 1.80000e-01 -5.30000e-01
430000 -5.00000e-02 -3.80000e-01
431000 7.50000e-02 -4.40000e-01
432000 6.50000e-02 -3.20000e-01
433000 3.00000e-02 -4.30000e-01
434000 8.00000e-02 -3.90000e-01
435000 5.50000e-02 -2.80000e-01
436000 7.50000e-02 -3.20000e-01
437000 0.00000e+00 -4.00000e-01
438000 -6.50000e-02 -4.80000e-01
439000 3.50000e-02 -4.90000e-01
440000 -9.50000e-02 -3.50000e-01
441000 -2.50000e-02 -5.00000e-01
442000 2.50000e-02 -4.60000e-01
443000 4.00000e-02 -5.00000e-01
444000 9.00000e-02 -3.60000e-01
445000 1.25000e-01 -4.00000e-01
446000 8.00000e-02 -5.20000e-01
447000 2.00000e-02 -5.00000e-01
448000 -4.50000e-02 -5.40000e-01
449000 -6.50000e-02 -3.90000e-01
450000 -5.50000e-02 -3.70000e-01
451000 -1.10000e-01 -3.60000e-01
452000 1.75000e-01 -5.00000e-01
453000 -7.50000e-02 -5.50000e-01
454000 -8.50000e-02 -4.10000e-01
455000 1.50000e-02 -5.40000e-01
456000 -3.00000e-02 -3.50000e-01
457000 -9.00000e-02 -3.40000e-01
458000 9.50000e-02 -4.60000e-01
459000 1.75000e-01 -3.20000e-01
460000 -3.00000e-02 -4.00000e-01
461000 -6.50000e-02 -3.70000e-01
462000 -7.00000e-02 -5.00000e-01
463000 5.00000e-02 -3.90000e-01
464000 3.50000e-02 -4.50000e-01
465000 2.50000e-02 -5.00000e-01
466000 9.50000e-02 -5.00000e-01
467000 -2.50000e-02 -2.50000e-01
468000 -1.30000e-01 -4.20000e-01
469000 -1.30000e-01 -4.10000e-01
470000 -9.00000e-02 -4.50000e-01
471000 -1.55000e-01 -3.40000e-01
472000 1.15000e-01 -4.80000e-01
473000 -1.15000e-01 -4.70000e-01
474000 -8.50000e-02 -5.60000e-01
475000 -1.45000e-01 -4.30000e-01
476000 -3.00000e-02 -6.00000e-01
477000 4.00000e-02 -3.90000e-01
478000 2.00000e-02 -3.90000e-01
479000 -2.00000e-02 -4.60000e-01
480000 -1.00000e-02 -4.20000e-01
481000 1.60000e-01 -4.20000e-01
482000 9.50000e-02 -3.90000e-01
483000 1.50000e-02 -3.40000e-01
484000 -1.00000e-02 -5.10000e-01
485000 2.50000e-02 -5.10000e-01
486000 9.50000e-02 -5.20000e-01
487000 -5.00000e-03 -6.10000e-01
488000 2.00000e-02 -4.10000e-01
489000 -2.00000e-02 -3.90000e-01
490000 -1.10000e-01 -3.50000e-01
491000 1.20000e-01 -6.60000e-01
492000 1.30000e-01 -4.90000e-01
493000 -1.30000e-01 -5.70000e-01
494000 -6.00000e-02 -6.00000e-01
495000 3.00000e-02 -3.80000e-01
496000 -6.00000e-02 -4.60000e-01
497000 -6.00000e-02 -4.80000e-01
498000 5.50000e-02 -3.40000e-01
499000 -1.05000e-01 -4.50000e-01
500000 4.50000e-02 -3.10000e-01
501000 -1.00000e-02 -3.80000e-01
502000 -8.00000e-02 -4.10000e-01
503000 -6.50000e-02 -5.00000e-01
504000 1.85000e-01 -6.00000e-01
505000 3.00000e-02 -2.80000e-01
506000 -1.55000e-01 -4.40000e-01
507000 -6.50000e-02 -4.00000e-01
508000 2.00000e-02 -4.10000e-01
509000 -5.00000e-02 -4.00000e-01
510000 -3.00000e-02 -4.50000e-01
511000 -2.00000e-02 -4.70000e-01
512000 1.50000e-02 -4.40000e-01
513000 2.65000e-01 -4.30000e-01
514000 2.50000e-02 -3.80000e-01
515000 6.00000e-02 -5.20000e-01
516000 5.50000e-02 -3.50000e-01
517000 3.50000e-02 -4.50000e-01
518000 4.50000e-02 -4.80000e-01
519000 6.50000e-02 -3.90000e-01
520000 1.30000e-01 -5.00000e-01
521000 -1.00000e-02 -5.10000e-01
522000 1.10000e-01 -5.60000e-01
523000 -1.50000e-02 -3.30000e-01
524000 -1.50000e-02 -4.10000e-01
525000 -7.00000e-02 -4.90000e-01
526000 -1.55000e-01 -4.90000e-01
527000 -4.50000e-02 -4.50000e-01
528000 4.50000e-02 -4.30000e-01
529000 1.75000e-01 -5.10000e-01
530000 -8.00000e-02 -4.30000e-01
531000 1.50000e-02 -3.70000e-01
532000 -1.10000e-01 -4.60000e-01
533000 -5.50000e-02 -3.80000e-01
534000 -8.00000e-02 -4.40000e-01
535000 4.00000e-02 -5.80000e-01
536000 9.00000e-02 -3.90000e-01
537000 -1.00000e-01 -3.40000e-01
538000 -1.30000e-01 -5.10000e-01
539000 0.00000e+00 -5.80000e-01
540000 6.50000e-02 -4.20000e-01
541000 1.30000e-01 -3.50000e-01
542000 -7.50000e-02 -6.20000e-01
543000 2.50000e-02 -4.30000e-01
544000 -4.50000e-02 -4.60000e-01
545000 8.00000e-02 -3.90000e-01
546000 -1.55000e-01 -4.70000e-01
547000 1.35000e-01 -3.80000e-01
548000 -1.15000e-01 -5.70000e-01
549000 -2.50000e-02 -3.90000e-01
550000 9.50000e-02 -4.90000e-01
551000 7.00000e-02 -5.10000e-01
552000 1.65000e-01 -4.20000e-01
553000 3.00000e-02 -4.20000e-01
554000 -6.00000e-02 -5.10000e-01
555000 -6.50000e-02 -4.70000e-01
556000 9.50000e-02 -4.40000e-01
557000 2.50000e-02 -5.10000e-01
558000 1.00000e-02 -3.90000e-01
559000 -1.30000e-01 -4.20000e-01
560000 -1.50000e-01 -3.60000e-01
561000 -4.00000e-02 -3.40000e-01
562000 -8.00000e-02 -4.10000e-01
563000 -1.85000e-01 -4.00000e-01
564000 1.10000e-01 -4.40000e-01
565000 3.50000e-02 -4.80000e-01
566000 1.70000e-01 -5.10000e-01
567000 3.50000e-02 -3.60000e-01
568000 -1.20000e-01 -4.60000e-01
569000 0.00000e+00 -4.00000e-01
570000 -4.50000e-02 -4.30000e-01
571000 1.50000e-01 -4.20000e-01
572000 1.05000e-01 -5.00000e-01
573000 2.50000e-02 -1.30000e-01
574000 5.00000e-02 -2.40000e-01
575000 6.00000e-02 -4.10000e-01
576000 -1.25000e-01 -5.90000e-01
577000 3.00000e-02 -3.70000e-01
578000 -1.50000e-02 -2.60000e-01
579000 -1.10000e-01 -3.80000e-01
580000 2.50000e-02 -4.40000e-01
581000 -3.50000e-02 -5.70000e-01
582000 -3.50000e-02 -3.80000e-01
583000 9.50000e-02 -4.60000e-01
584000 1.80000e-01 -4.00000e-01
585000 -5.00000e-02 -4.40000e-01
586000 -4.50000e-02 -2.90000e-01
587000 1.00000e-02 -4.50000e-01
588000 0.00000e+00 -4.20000e-01
589000 2.00000e-01 -5.60000e-01
590000 -8.50000e-02 -5.40000e-01
591000 1.25000e-01 -4.70000e-01
592000 3.50000e-02 -3.50000e-01
593000 -3.00000e-02 -4.60000e-01
594000 5.00000e-03 -5.00000e-01
595000 -1.00000e-02 -5.40000e-01
596000 -6.50000e-02 -4.10000e-01
597000 -2.00000e-02 -4.70000e-01
598000 -8.00000e-02 -3.10000e-01
599000 -2.00000e-02 -4.80000e-01
600000 -6.00000e-02 -5.10000e-01
601000 5.00000e-03 -3.50000e-01
602000 -9.50000e-02 -5.00000e-01
603000 5.00000e-03 -4.00000e-01
604000 5.50000e-02 -4.80000e-01
605000 -2.35000e-01 -4.70000e-01
606000 -8.00000e-02 -5.50000e-01
607000 1.55000e-01 -4.90000e-01
608000 5.00000e-03 -4.00000e-01
609000 -8.00000e-02 -3.40000e-01
610000 -1.10000e-01 -5.10000e-01
611000 -1.85000e-01 -6.20000e-01
612000 -9.00000e-02 -4.80000e-01
613000 -1.20000e-01 -4.70000e-01
614000 -2.50000e-02 -4.40000e-01
615000 1.20000e-01 -4.10000e-01
616000 6.00000e-02 -4.70000e-01
617000 -3.00000e-02 -4.10000e-01
618000 2.50000e-02 -4.20000e-01
619000 5.00000e-02 -4.10000e-01
620000 1.00000e-02 -4.70000e-01
621000 -1.00000e-02 -4.00000e-01
622000 9.50000e-02 -3.00000e-01
623000 -1.10000e-01 -3.40000e-01
624000 2.50000e-02 -4.40000e-01
625000 -6.00000e-02 -5.10000e-01
626000 3.00000e-02 -4.90000e-01
627000 5.00000e-03 -4.70000e-01
628000 6.00000e-02 -2.70000e-01
629000 2.00000e-02 -3.60000e-01
630000 -1.50000e-02 -4.00000e-01
631000 7.50000e-02 -3.70000e-01
632000 -7.50000e-02 -5.40000e-01
633000 1.40000e-01 -4.60000e-01
634000 -2.10000e-01 -4.40000e-01
635000 9.50000e-02 -4.90000e-01
636000 2.50000e-02 -2.00000e-01
637000 -8.00000e-02 -4.60000e-01
638000 3.50000e-02 -4.90000e-01
639000 -1.50000e-01 -4.40000e-01
640000 7.00000e-02 -3.70000e-01
641000 6.00000e-02 -3.00000e-01
642000 5.00000e-02 -2.60000e-01
643000 5.00000e-03 -5.20000e-01
644000 -1.05000e-01 -5.10000e-01
645000 2.00000e-02 -3.30000e-01
646000 3.50000e-02 -2.30000e-01
647000 0.00000e+00 -4.30000e-01
648000 -1.40000e-01 -4.50000e-01
649000 -8.50000e-02 -4.30000e-01
650000 5.00000e-02 -3.40000e-01
651000 4.00000e-02 -4.10000e-01
652000 2.00000e-02 -4.70000e-01
653000 -3.50000e-02 -4.70000e-01
654000 3.50000e-02 -5.10000e-01
655000 0.00000e+00 -5.70000e-01
656000 -3.00000e-02 -4.00000e-01
657000 0.00000e+00 -5.00000e-01
658000 4.50000e-02 -4.50000e-01
659000 -4.50000e-02 -3.10000e-01
660000 -5.50000e-02 -5.80000e-01
661000 -1.35000e-01 -4.80000e-01
662000 3.00000e-02 -4.30000e-01
663000 -1.80000e-01 -4.20000e-01
664000 1.30000e-01 -4.60000e-01
665000 -8.00000e-02 -5.50000e-01
666000 5.50000e-02 -4.70000e-01
667000 -5.50000e-02 -3.40000e-01
668000 -5.00000e-02 -5.10000e-01
669000 3.00000e-02 -4.00000e-01
670000 5.00000e-03 -3.40000e-01
671000 -2.50000e-02 -3.90000e-01
672000 9.00000e-02 -4.20000e-01
673000 1.50000e-02 -3.80000e-01
674000 -1.80000e-01 -4.10000e-01
675000 -1.50000e-02 -3.40000e-01
676000 5.00000e-03 -4.00000e-01
677000 -1.05000e-01 -4.40000e-01
678000 -7.00000e-02 -4.80000e-01
679000 -1.15000e-01 -2.90000e-01
680000 4.50000e-02 -3.50000e-01
681000 2.50000e-02 -4.30000e-01
682000 -7.00000e-02 -4.60000e-01
683000 1.50000e-02 -4.10000e-01
684000 -6.00000e-02 -3.90000e-01
685000 -1.30000e-01 -4.30000e-01
686000 9.00000e-02 -4.40000e-01
687000 -5.00000e-02 -3.60000e-01
688000 9.00000e-02 -3.80000e-01
689000 1.00000e-01 -5.90000e-01
690000 -1.90000e-01 -4.40000e-01
691000 -5.50000e-02 -4.10000e-01
692000 1.55000e-01 -4.00000e-01
693000 -4.50000e-02 -3.90000e-01
694000 -2.00000e-02 -3.40000e-01
695000 -1.05000e-01 -4.30000e-01
696000 -2.00000e-02 -3.80000e-01
697000 -7.50000e-02 -3.80000e-01
698000 -5.50000e-02 -4.80000e-01
699000 -4.00000e-02 -4.00000e-01
700000 -3.00000e-02 -4.00000e-01
701000 1.30000e-01 -3.70000e-01
702000 5.00000e-03 -4.80000e-01
703000 5.00000e-03 -4.20000e-01
704000 -2.50000e-02 -5.00000e-01
705000 7.50000e-02 -4.60000e-01
706000 -6.00000e-02 -5.10000e-01
707000 3.50000e-02 -5.00000e-01
708000 1.75000e-01 -4.60000e-01
709000 0.00000e+00 -2.70000e-01
710000 -1.35000e-01 -2.60000e-01
711000 8.50000e-02 -4.60000e-01
712000 4.00000e-02 -4.80000e-01
713000 -3.50000e-02 -2.50000e-01
714000 4.00000e-02 -4.60000e-01
715000 -3.50000e-02 -4.20000e-01
716000 1.30000e-01 -5.50000e-01
717000 -1.25000e-01 -3.40000e-01
718000 -7.50000e-02 -4.00000e-01
719000 -1.05000e-01 -2.60000e-01
720000 4.00000e-02 -4.30000e-01
721000 1.00000e-01 -4.40000e-01
722000 -2.00000e-02 -3.80000e-01
723000 -1.50000e-02 -5.20000e-01
724000 5.50000e-02 -3.20000e-01
725000 -6.00000e-02 -4.60000e-01
726000 5.00000e-03 -2.80000e-01
727000 -5.00000e-03 -4.30000e-01
728000 -5.00000e-03 -4.50000e-01
729000 1.35000e-01 -3.60000e-01
730000 -2.00000e-02 -4.90000e-01
731000 3.50000e-02 -3.30000e-01
732000 0.00000e+00 -3.40000e-01
733000 -4.50000e-02 -4.60000e-01
734000 1.80000e-01 -6.00000e-01
735000 3.50000e-02 -4.70000e-01
736000 8.00000e-02 -5.40000e-01
737000 1.90000e-01 -3.90000e-01
738000 4.50000e-02 -4.40000e-01
739000 1.00000e-02 -3.80000e-01
740000 2.50000e-02 -2.80000e-01
741000 -3.00000e-02 -4.60000e-01
742000 1.50000e-02 -3.40000e-01
743000 -1.20000e-01 -4.90000e-01
744000 -8.00000e-02 -3.30000e-01
745000 -1.50000e-02 -3.00000e-01
746000 1.05000e-01 -4.00000e-01
747000 -8.00000e-02 -4.20000e-01
748000 -1.05000e-01 -4.50000e-01
749000 -3.00000e-02 -5.00000e-01
750000 1.50000e-02 -4.80000e-01
751000 3.00000e-02 -4.30000e-01
752000 -1.00000e-01 -4.80000e-01
753000 5.50000e-02 -3.40000e-01
754000 1.00000e-02 -4.30000e-01
755000 5.00000e-02 -3.80000e-01
756000 1.00000e-02 -3.70000e-01
757000 -8.00000e-02 -3.80000e-01
758000 -1.50000e-02 -4.30000e-01
759000 -8.50000e-02 -2.40000e-01
760000 -1.00000e-02 -3.50000e-01
761000 8.50000e-02 -4.00000e-01
762000 9.00000e-02 -5.10000e-01
763000 -1.05000e-01 -3.00000e-01
764000 -1.25000e-01 -4.50000e-01
765000 -7.50000e-02 -4.20000e-01
766000 1.95000e-01 -4.10000e-01
767000 7.50000e-02 -4.80000e-01
768000 5.50000e-02 -4.50000e-01
769000 -8.50000e-02 -3.40000e-01
770000 -4.50000e-02 -5.00000e-01
771000 1.00000e-02 -3.70000e-01
772000 -6.00000e-02 -3.90000e-01
773000 -5.50000e-02 -5.30000e-01
774000 -3.50000e-02 -4.80000e-01
775000 -1.00000e-02 -4.50000e-01
776000 -5.00000e-03 -4.90000e-01
777000 -1.45000e-01 -4.50000e-01
778000 -5.00000e-03 -3.40000e-01
779000 8.50000e-02 -4.40000e-01
780000 -7.00000e-02 -5.50000e-01
781000 1.05000e-01 -3.60000e-01
782000 1.35000e-01 -3.40000e-01
783000 0.00000e+00 -3.50000e-01
784000 2.50000e-02 -4.60000e-01
785000 -1.15000e-01 -5.00000e-01
786000 -4.00000e-02 -4.00000e-01
787000 4.50000e-02 -4.10000e-01
788000 8.00000e-02 -4.00000e-01
789000 -9.00000e-02 -5.10000e-01
790000 1.10000e-01 -2.90000e-01
791000 -1.30000e-01 -4.70000e-01
792000 -2.45000e-01 -4.50000e-01
793000 -2.00000e-02 -4.10000e-01
794000 6.50000e-02 -4.00000e-01
795000 -9.50000e-02 -5.30000e-01
796000 1.45000e-01 -5.20000e-01
797000 -1.80000e-01 -5.10000e-01
798000 5.00000e-03 -4.10000e-01
799000 -1.45000e-01 -4.00000e-01
800000 -6.50000e-02 -5.10000e-01
801000 4.00000e-02 -4.60000e-01
802000 -3.00000e-02 -3.60000e-01
803000 -8.00000e-02 -5.00000e-01
804000 -6.00000e-02 -3.50000e-01
805000 4.00000e-02 -3.10000e-01
806000 -2.50000e-02 -4.70000e-01
807000 5.50000e-02 -3.90000e-01
808000 -1.35000e-01 -5.50000e-01
809000 1.05000e-01 -5.90000e-01
810000 5.00000e-03 -4.40000e-01
811000 3.00000e-02 -4.10000e-01
812000 1.00000e-02 -5.00000e-01
813000 1.10000e-01 -3.70000e-01
814000 -1.00000e-02 -2.70000e-01
815000 9.00000e-02 -3.30000e-01
816000 5.00000e-02 -3.40000e-01
817000 -1.15000e-01 -4.80000e-01
818000 8.50000e-02 -3.70000e-01
819000 -2.00000e-02 -3.70000e-01
820000 5.00000e-03 -4.30000e-01
821000 1.30000e-01 -3.70000e-01
822000 2.50000e-02 -4.30000e-01
823000 -1.45000e-01 -3.70000e-01
824000 -8.50000e-02 -3.70000e-01
825000 -1.45000e-01 -4.50000e-01
826000 1.00000e-02 -2.50000e-01
827000 1.50000e-02 -4.60000e-01
828000 1.40000e-01 -4.80000e-01
829000 3.00000e-02 -3.30000e-01
830000 -8.00000e-02 -3.50000e-01
831000 -3.50000e-02 -3.60000e-01
832000 3.00000e-02 -4.70000e-01
833000 1.30000e-01 -4.00000e-01
834000 4.00000e-02 -4.10000e-01
835000 -1.00000e-01 -4.70000e-01
836000 9.50000e-02 -5.50000e-01
837000 -7.50000e-02 -3.60000e-01
838000 -3.50000e-02 -4.50000e-01
839000 8.00000e-02 -2.80000e-01
840000 6.00000e-02 -5.20000e-01
841000 -9.00000e-02 -3.90000e-01
842000 2.50000e-02 -5.60000e-01
843000 3.00000e-02 -3.50000e-01
844000 -5.00000e-03 -3.70000e-01
845000 -8.50000e-02 -4.10000e-01
846000 -5.00000e-02 -3.90000e-01
847000 -1.40000e-01 -4.70000e-01
848000 -1.25000e-01 -4.90000e-01
849000 -2.00000e-02 -5.60000e-01
850000 1.00000e-02 -4.50000e-01
851000 -2.00000e-02 -3.40000e-01
852000 -5.00000e-03 -4.80000e-01
853000 -7.00000e-02 -3.40000e-01
854000 1.00000e-02 -3.10000e-01
855000 7.00000e-02 -3.20000e-01
856000 -6.50000e-02 -4.90000e-01
857000 1.10000e-01 -5.90000e-01
858000 1.25000e-01 -4.30000e-01
859000 -9.50000e-02 -3.30000e-01
860000 -7.00000e-02 -3.90000e-01
861000 5.00000e-03 -4.80000e-01
862000 -3.50000e-02 -5.10000e-01
863000 -1.50000e-02 -3.40000e-01
864000 -1.05000e-01 -4.40000e-01
865000 0.00000e+00 -3.60000e-01
866000 -9.50000e-02 -3.60000e-01
867000 8.00000e-02 -3.80000e-01
868000 -7.00000e-02 -5.00000e-01
869000 -9.00000e-02 -3.80000e-01
870000 1.15000e-01 -3.60000e-01
871000 1.40000e-01 -4.00000e-01
872000 -6.50000e-02 -4.00000e-01
873000 0.00000e+00 -4.40000e-01
874000 1.10000e-01 -3.40000e-01
875000 -5.00000e-03 -2.40000e-01
876000 -5.00000e-02 -5.00000e-01
877000 9.00000e-02 -3.70000e-01
878000 -1.00000e-01 -4.40000e-01
879000 1.50000e-02 -5.60000e-01
880000 3.00000e-02 -4.80000e-01
881000 3.50000e-02 -3.30000e-01
882000 -9.50000e-02 -3.60000e-01
883000 4.50000e-02 -3.10000e-01
884000 -1.50000e-02 -4.10000e-01
885000 -1.65000e-01 -4.10000e-01
886000 -3.00000e-02 -4.20000e-01
887000 -1.50000e-01 -2.30000e-01
888000 -1.45000e-01 -6.20000e-01
889000 6.50000e-02 -3.60000e-01
890000 -2.50000e-02 -3.50000e-01
891000 -7.50000e-02 -4.90000e-01
892000 -6.50000e-02 -4.10000e-01
893000 -5.00000e-03 -5.60000e-01
894000 -1.00000e-02 -4.30000e-01
895000 2.50000e-02 -4.60000e-01
896000 3.50000e-02 -4.40000e-01
897000 9.00000e-02 -3.40000e-01
898000 -1.60000e-01 -4.40000e-01
899000 8.50000e-02 -4.40000e-01
900000 1.00000e-02 -4.90000e-01
901000 0.00000e+00 -4.90000e-01
902000 0.00000e+00 -3.60000e-01
903000 -1.05000e-01 -3.40000e-01
904000 -4.50000e-02 -4.50000e-01
905000 -5.50000e-02 -6.00000e-01
906000 -7.00000e-02 -3.90000e-01
907000 4.00000e-02 -4.20000e-01
908000 -5.00000e-02 -4.00000e-01
909000 -3.00000e-02 -4.80000e-01
910000 -3.00000e-02 -4.90000e-01
911000 3.50000e-02 -3.50000e-01
912000 4.00000e-02 -3.20000e-01
913000 -2.50000e-02 -3.90000e-01
914000 -6.50000e-02 -5.40000e-01
915000 5.00000e-02 -4.00000e-01
916000 -5.00000e-03 -3.20000e-01
917000 1.60000e-01 -4.40000e-01
918000 4.00000e-02 -4.70000e-01
919000 8.50000e-02 -4.30000e-01
920000 -5.00000e-02 -4.10000e-01
921000 -1.00000e-02 -3.40000e-01
922000 1.50000e-02 -4.20000e-01
923000 7.50000e-02 -4.00000e-01
924000 -1.10000e-01 -4.60000e-01
925000 1.50000e-02 -4.50000e-01
926000 1.95000e-01 -4.50000e-01
927000 -3.00000e-02 -4.50000e-01
928000 -6.00000e-02 -3.40000e-01
929000 -6.50000e-02 -4.60000e-01
930000 1.75000e-01 -4.90000e-01
931000 -4.50000e-02 -4.20000e-01
932000 4.00000e-02 -4.00000e-01
933000 8.00000e-02 -4.80000e-01
934000 5.50000e-02 -4.30000e-01
935000 -1.00000e-02 -5.40000e-01
936000 -6.00000e-02 -4.80000e-01
937000 1.00000e-01 -3.80000e-01
938000 -1.95000e-01 -4.50000e-01
939000 0.00000e+00 -3.30000e-01
940000 0.00000e+00 -4.70000e-01
941000 -2.00000e-02 -4.70000e-01
942000 1.90000e-01 -4.40000e-01
943000 1.50000e-02 -3.40000e-01
944000 -5.50000e-02 -4.50000e-01
945000 1.30000e-01 -5.10000e-01
946000 -1.50000e-02 -4.50000e-01
947000 -1.50000e-02 -4.20000e-01
948000 -5.00000e-02 -4.10000e-01
949000 1.75000e-01 -5.40000e-01
950000 1.35000e-01 -4.80000e-01
951000 -1.00000e-02 -4.60000e-01
952000 3.50000e-02 -3.50000e-01
953000 -1.25000e-01 -3.20000e-01
954000 -1.15000e-01 -4.00000e-01
955000 -1.80000e-01 -4.20000e-01
956000 5.50000e-02 -4.30000e-01
957000 -1.10000e-01 -3.90000e-01
958000 -7.50000e-02 -4.40000e-01
959000 3.50000e-02 -4.90000e-01
960000 3.00000e-02 -5.10000e-01
961000 9.50000e-02 -5.90000e-01
962000 -5.00000e-03 -3.60000e-01
963000 3.50000e-02 -4.30000e-01
964000 6.00000e-02 -3.80000e-01
965000 -1.00000e-01 -4.20000e-01
966000 1.00000e-02 -4.90000e-01
967000 -1.20000e-01 -4.60000e-01
968000 5.00000e-02 -4.80000e-01
969000 1.85000e-01 -4.90000e-01
970000 -3.00000e-02 -4.90000e-01
971000 1.00000e-02 -4.10000e-01
972000 -3.00000e-02 -4.40000e-01
973000 1.25000e-01 -3.50000e-01
974000 -2.00000e-02 -5.60000e-01
975000 1.55000e-01 -6.30000e-01
976000 2.00000e-02 -3.80000e-01
977000 1.10000e-01 -4.00000e-01
978000 1.10000e-01 -4.50000e-01
979000 3.50000e-02 -2.70000e-01
980000 -6.00000e-02 -4.00000e-01
981000 -1.00000e-02 -3.00000e-01
982000 1.60000e-01 -4.80000e-01
983000 -5.00000e-03 -3.60000e-01
984000 -5.00000e-03 -4.60000e-01
985000 -6.00000e-02 -3.90000e-01
986000 -7.00000e-02 -5.80000e-01
987000 5.50000e-02 -4.60000e-01
988000 -9.00000e-02 -5.10000e-01
989000 -7.00000e-02 -3.80000e-01
990000 -1.50000e-01 -5.50000e-01
991000 -1.30000e-01 -4.10000e-01
992000 -1.80000e-01 -4.00000e-01
993000 -1.55000e-01 -4.90000e-01
994000 -4.50000e-02 -4.10000e-01
995000 1.50000e-02 -3.70000e-01
996000 1.50000e-02 -4.50000e-01
997000 -1.00000e-01 -4.20000e-01
998000 -7.50000e-02 -2.70000e-01
999000 -1.30000e-01 -4.70000e-01
# The average magnetization is -0.00182
# The average energy per spin is -0.42791
# Program ends.
