1.499999999999999944e-02 0.000000000000000000e+00
4.499999999999999833e-02 0.000000000000000000e+00
7.499999999999999722e-02 0.000000000000000000e+00
1.049999999999999961e-01 0.000000000000000000e+00
1.350000000000000089e-01 0.000000000000000000e+00
1.649999999999999800e-01 0.000000000000000000e+00
1.950000000000000067e-01 0.000000000000000000e+00
2.249999999999999778e-01 0.000000000000000000e+00
2.550000000000000044e-01 0.000000000000000000e+00
2.850000000000000311e-01 0.000000000000000000e+00
3.150000000000000022e-01 0.000000000000000000e+00
3.449999999999999734e-01 0.000000000000000000e+00
3.750000000000000000e-01 0.000000000000000000e+00
4.050000000000000266e-01 0.000000000000000000e+00
4.349999999999999978e-01 0.000000000000000000e+00
4.649999999999999689e-01 0.000000000000000000e+00
4.949999999999999956e-01 0.000000000000000000e+00
5.250000000000000222e-01 0.000000000000000000e+00
5.550000000000000488e-01 0.000000000000000000e+00
5.849999999999999645e-01 0.000000000000000000e+00
6.149999999999999911e-01 0.000000000000000000e+00
6.450000000000000178e-01 0.000000000000000000e+00
6.749999999999999334e-01 0.000000000000000000e+00
7.049999999999999600e-01 0.000000000000000000e+00
7.349999999999999867e-01 0.000000000000000000e+00
7.650000000000000133e-01 0.000000000000000000e+00
7.950000000000000400e-01 0.000000000000000000e+00
8.249999999999999556e-01 0.000000000000000000e+00
8.549999999999999822e-01 0.000000000000000000e+00
8.850000000000000089e-01 0.000000000000000000e+00
9.149999999999999245e-01 1.782010738667760830e-02
9.449999999999999512e-01 2.190437250966157101e-01
9.749999999999999778e-01 8.213463127638686023e-01
1.004999999999999893e+00 1.593689669156415301e+00
1.034999999999999920e+00 2.310455463340870708e+00
1.064999999999999947e+00 2.494907724458041542e+00
1.094999999999999973e+00 2.552261635007834428e+00
1.124999999999999778e+00 2.513582205773375211e+00
1.154999999999999805e+00 2.098892346917789808e+00
1.184999999999999831e+00 1.934942021288901026e+00
1.214999999999999858e+00 1.638436335567764912e+00
1.244999999999999885e+00 1.424601532417288263e+00
1.274999999999999911e+00 1.208444872233856771e+00
1.304999999999999938e+00 1.005562504978222638e+00
1.334999999999999742e+00 9.599481783301758719e-01
1.364999999999999769e+00 8.701717290552670736e-01
1.394999999999999796e+00 8.041845779098205638e-01
1.424999999999999822e+00 7.478226302925906621e-01
1.454999999999999849e+00 7.298329031145488477e-01
1.484999999999999876e+00 6.608000941754681445e-01
1.514999999999999902e+00 6.377788975939210347e-01
1.544999999999999929e+00 6.847865169758303727e-01
1.574999999999999956e+00 6.589486413806613374e-01
1.604999999999999760e+00 6.750899911016864374e-01
1.634999999999999787e+00 6.846526186947947679e-01
1.664999999999999813e+00 7.080442105111420803e-01
1.694999999999999840e+00 7.680265119242275507e-01
1.724999999999999867e+00 7.694022149196939608e-01
1.754999999999999893e+00 7.923040791129248861e-01
1.784999999999999920e+00 8.600725532321381595e-01
1.814999999999999725e+00 9.254809454524846046e-01
1.844999999999999751e+00 9.857280094163259898e-01
1.874999999999999778e+00 1.000179060766434480e+00
1.904999999999999805e+00 1.060291069974557576e+00
1.934999999999999831e+00 1.132163080899566188e+00
1.964999999999999858e+00 1.115890635644717799e+00
1.994999999999999885e+00 1.147146410881319634e+00
2.024999999999999911e+00 1.220141323054960036e+00
2.055000000000000160e+00 1.219716184463922160e+00
2.084999999999999964e+00 1.240166010452006695e+00
2.115000000000000213e+00 1.232288862483494007e+00
2.145000000000000018e+00 1.176802024104146582e+00
2.175000000000000266e+00 1.215703845770236935e+00
2.205000000000000071e+00 1.137840056032158653e+00
2.234999999999999876e+00 1.101857435708513577e+00
2.265000000000000124e+00 1.048303371209023283e+00
2.294999999999999929e+00 1.013836819792911070e+00
2.325000000000000178e+00 1.009923991499741547e+00
2.354999999999999982e+00 9.511770826166388026e-01
2.385000000000000231e+00 9.396398757981931915e-01
2.415000000000000036e+00 9.033643265843659398e-01
2.444999999999999840e+00 8.874332596861678191e-01
2.475000000000000089e+00 9.004217471519249116e-01
2.504999999999999893e+00 8.818903285086279187e-01
2.535000000000000142e+00 8.923566505267240823e-01
2.564999999999999947e+00 8.726130438256461952e-01
2.595000000000000195e+00 8.978527158048643653e-01
2.625000000000000000e+00 8.921241204702730077e-01
2.654999999999999805e+00 9.287575575101445491e-01
2.685000000000000053e+00 9.366346293637158871e-01
2.714999999999999858e+00 9.567584300950521259e-01
2.745000000000000107e+00 9.801839494974632361e-01
2.774999999999999911e+00 9.724533672616610946e-01
2.805000000000000160e+00 9.909551667508513795e-01
2.834999999999999964e+00 1.030118667806317667e+00
2.865000000000000213e+00 1.024614600345068016e+00
2.895000000000000018e+00 1.052348311042220264e+00
2.924999999999999822e+00 1.070983587049314734e+00
2.955000000000000071e+00 1.049917874015361630e+00
2.984999999999999876e+00 1.070411943209537808e+00
