0.00000000 0.00000000 0.00000000 
0.10000000 0.00000000 0.00000001 
0.20000000 0.00000000 0.00000002 
0.30000000 0.00000000 0.00000002 
0.40000000 0.00000000 0.00000015 
0.50000000 0.00000000 0.00000013 
0.60000000 0.00000000 0.00000013 
0.70000000 0.00000000 0.00000032 
0.80000000 0.00000001 0.00000098 
0.90000000 0.00000002 0.00000142 
1.00000000 0.00000004 0.00000263 
1.10000000 0.00000009 0.00000631 
1.20000000 0.00000018 0.00001027 
1.30000000 0.00000039 0.00001989 
1.40000000 0.00000089 0.00003679 
1.50000000 0.00000186 0.00010420 
1.60000000 0.00000371 0.00024416 
1.70000000 0.00000754 0.00042457 
1.80000000 0.00001638 0.00073691 
1.90000000 0.00003432 0.00279546 
2.00000000 0.00008672 0.00415322 
2.10000000 0.00018605 0.01248307 
2.20000000 0.00041358 0.02668375 
2.30000000 0.00095993 0.05239084 
2.40000000 0.00206190 0.16628744 
2.50000000 0.00451940 0.31037350 
2.60000000 0.01084384 0.53488381 
2.70000000 0.02440673 1.00107363 
2.80000000 0.04828863 2.12353963 
2.90000000 0.09110991 2.79652211 
3.00000000 0.15929840 4.55278581 
3.10000000 0.26107536 5.02851522 
3.20000000 0.38913812 5.76003058 
3.30000000 0.54153679 6.50016229 
3.40000000 0.72974401 6.30681361 
3.50000000 0.93088119 6.20024665 
3.60000000 1.12864054 6.45045817 
3.70000000 1.36193234 6.99628821 
3.80000000 1.60720748 6.67956393 
3.90000000 1.85355985 6.64804883 
4.00000000 2.10754804 6.59146713 
4.10000000 2.36163631 6.33390895 
4.20000000 2.55238417 6.65664301 
4.30000000 2.76800239 6.71546618 
4.40000000 2.97011534 6.73863030 
4.50000000 3.18773340 6.79615838 
4.60000000 3.43844815 7.00933770 
4.70000000 3.71185004 6.69953681 
4.80000000 3.99124528 6.47129972 
4.90000000 4.19352326 6.54874851 
5.00000000 4.44359510 6.25649988 
5.10000000 4.67489448 6.10127386 
5.20000000 4.91398950 6.47204515 
5.30000000 5.19856926 6.70817044 
5.40000000 5.52400592 6.44066229 
5.50000000 5.83105377 6.11097597 
5.60000000 6.07849047 6.31105689 
5.70000000 6.39194356 6.54117292 
5.80000000 6.76019205 6.43297287 
5.90000000 7.14546239 6.22594914 
6.00000000 7.48568779 5.96344379 
6.10000000 7.82596709 6.92840336 
6.20000000 8.17817308 6.26542488 
6.30000000 8.45622981 6.42163066 
6.40000000 8.74602611 6.45575031 
6.50000000 9.05945950 6.38239046 
6.60000000 9.39799784 6.64467219 
6.70000000 9.70175609 6.12457672 
6.80000000 9.92221347 6.24112125 
6.90000000 10.16272043 6.16606182 
7.00000000 10.42935558 6.32108825 
7.10000000 10.71152060 6.59957395 
7.20000000 10.98677885 6.51148396 
7.30000000 11.28174989 5.73997341 
7.40000000 11.53977788 6.34986242 
7.50000000 11.80893496 6.61766852 
7.60000000 12.06386367 6.24962328 
7.70000000 12.27208931 6.66604105 
7.80000000 12.53070439 6.40992014 
7.90000000 12.71196967 6.30679526 
8.00000000 12.91286537 6.25251576 
8.10000000 13.11258043 6.07609172 
8.20000000 13.24597132 6.16543111 
8.30000000 13.46425090 6.52059051 
8.40000000 13.71201379 6.63000141 
8.50000000 14.02357068 6.52016268 
8.60000000 14.29981782 6.35322506 
8.70000000 14.54054834 6.09785357 
8.80000000 14.81591531 6.67632276 
8.90000000 15.02500097 7.19700052 
9.00000000 15.18171130 6.91642505 
9.10000000 15.43115838 6.94004301 
9.20000000 15.67374348 6.18568188 
9.30000000 15.87426398 6.97878585 
9.40000000 16.13947557 6.44283572 
9.50000000 16.46329506 6.26937189 
9.60000000 16.88874582 6.29159091 
9.70000000 17.33674168 6.28117134 
9.80000000 17.80278068 6.40459786 
9.90000000 18.30320633 6.48693856 
