0.00000000 0.00000000 0.00000000 
0.10000000 0.00000000 0.00000001 
0.20000000 0.00000000 0.00000001 
0.30000000 0.00000000 0.00000001 
0.40000000 0.00000000 0.00000008 
0.50000000 0.00000000 0.00000007 
0.60000000 0.00000000 0.00000007 
0.70000000 0.00000000 0.00000018 
0.80000000 0.00000000 0.00000055 
0.90000000 0.00000001 0.00000080 
1.00000000 0.00000002 0.00000145 
1.10000000 0.00000005 0.00000347 
1.20000000 0.00000010 0.00000555 
1.30000000 0.00000021 0.00001099 
1.40000000 0.00000049 0.00002005 
1.50000000 0.00000103 0.00005581 
1.60000000 0.00000205 0.00013566 
1.70000000 0.00000414 0.00023409 
1.80000000 0.00000898 0.00041136 
1.90000000 0.00001890 0.00150066 
2.00000000 0.00004770 0.00227557 
2.10000000 0.00010238 0.00690007 
2.20000000 0.00022637 0.01474199 
2.30000000 0.00052443 0.02858023 
2.40000000 0.00113213 0.09556281 
2.50000000 0.00251298 0.18150535 
2.60000000 0.00609200 0.32010530 
2.70000000 0.01418540 0.59482171 
2.80000000 0.02874714 1.48882839 
2.90000000 0.05605920 2.17834313 
3.00000000 0.10282497 3.55535692 
3.10000000 0.17594118 4.24688899 
3.20000000 0.27496860 5.43829226 
3.30000000 0.41129778 6.00236246 
3.40000000 0.57727173 6.31306775 
3.50000000 0.75284449 6.20061361 
3.60000000 0.95643777 6.79239543 
3.70000000 1.17234495 5.93507349 
3.80000000 1.35327047 6.05476595 
3.90000000 1.52144460 6.17460203 
4.00000000 1.70206413 6.59865632 
4.10000000 1.91453862 6.16702006 
4.20000000 2.13008947 6.66694269 
4.30000000 2.37137803 6.74928642 
4.40000000 2.60764392 6.67572370 
4.50000000 2.78613219 7.05175300 
4.60000000 2.98016789 6.68197708 
4.70000000 3.20470703 6.34740879 
4.80000000 3.45066740 6.35289061 
4.90000000 3.70364330 6.71103802 
5.00000000 3.94974942 6.71734283 
5.10000000 4.21356436 6.96025700 
5.20000000 4.50776712 6.68289244 
5.30000000 4.82693862 6.28666329 
5.40000000 5.15185514 6.12140461 
5.50000000 5.44725383 6.33348170 
5.60000000 5.68962014 6.42159812 
5.70000000 5.91132777 6.17687527 
5.80000000 6.12436795 6.29024382 
5.90000000 6.34646670 6.31106254 
6.00000000 6.56157185 6.81782666 
6.10000000 6.84845986 7.05874281 
6.20000000 7.14176177 6.41310346 
6.30000000 7.32564095 6.36858311 
6.40000000 7.52248910 6.46779694 
6.50000000 7.72197959 6.42638793 
6.60000000 7.94451687 6.60694706 
6.70000000 8.17175534 6.41798666 
6.80000000 8.30826847 6.63581781 
6.90000000 8.50192428 6.47964474 
7.00000000 8.78667202 6.75725533 
7.10000000 9.09091787 6.91863810 
7.20000000 9.36856842 6.44995309 
7.30000000 9.66091864 6.34728145 
7.40000000 9.86623350 6.25544842 
7.50000000 10.06607091 6.61530648 
7.60000000 10.28606903 6.32501728 
7.70000000 10.49140998 6.38486541 
7.80000000 10.69946214 5.94382975 
7.90000000 10.85830352 5.61643570 
8.00000000 11.02430810 6.47709998 
8.10000000 11.21736214 6.34545726 
8.20000000 11.38357908 6.47033661 
8.30000000 11.56210477 6.80391215 
8.40000000 11.83342881 6.64235463 
8.50000000 12.23966970 6.98045834 
8.60000000 12.63858834 6.23847806 
8.70000000 12.99700679 6.33292434 
8.80000000 13.31477421 7.10157890 
8.90000000 13.60075539 6.53975402 
9.00000000 13.81732672 6.21962796 
9.10000000 14.00132857 6.61715482 
9.20000000 14.26012928 6.27256225 
9.30000000 14.57713189 6.41696383 
9.40000000 14.96442154 7.22285009 
9.50000000 15.27094811 7.24393857 
9.60000000 15.64342654 6.85452031 
9.70000000 16.05763934 6.47535706 
9.80000000 16.44604182 6.61269642 
9.90000000 16.78914050 7.19755505 
