# Radial distribution function (300 data points):
# "Pair separation distance" g(r)
0.0083333333 0.0 
0.025 0.0 
0.0416666667 0.0 
0.0583333333 0.0 
0.075 0.0 
0.0916666667 0.0 
0.1083333333 0.0 
0.125 0.0 
0.1416666667 0.0 
0.1583333333 0.0 
0.175 0.0 
0.1916666667 0.0 
0.2083333333 0.0 
0.225 0.0 
0.2416666667 0.0 
0.2583333333 0.0 
0.275 0.0 
0.2916666667 0.0 
0.3083333333 0.0 
0.325 0.0 
0.3416666667 0.0 
0.3583333333 0.0 
0.375 0.0 
0.3916666667 0.0 
0.4083333333 0.0 
0.425 0.0 
0.4416666667 0.0 
0.4583333333 0.0 
0.475 0.0 
0.4916666667 0.0 
0.5083333333 0.0 
0.525 0.0 
0.5416666667 0.0 
0.5583333333 0.0 
0.575 0.0 
0.5916666667 0.0 
0.6083333333 0.0 
0.625 0.0 
0.6416666667 0.0 
0.6583333333 0.0 
0.675 0.0 
0.6916666667 0.0 
0.7083333333 0.0 
0.725 0.0 
0.7416666667 0.0 
0.7583333333 0.0 
0.775 0.0 
0.7916666667 0.0 
0.8083333333 0.0 
0.825 0.0018452376 
0.8416666667 0.0070915393 
0.8583333333 0.0511411653 
0.875 0.2001269431 
0.8916666667 0.552872902 
0.9083333333 0.9285432007 
0.925 1.4546329039 
0.9416666667 2.1316001169 
0.9583333333 2.3753666301 
0.975 2.7347995913 
0.9916666667 2.8492652692 
1.0083333333 2.873204525 
1.025 2.6729415821 
1.0416666667 2.7026826491 
1.0583333333 2.46685557 
1.075 2.1757721469 
1.0916666667 1.9043404184 
1.1083333333 1.8250056537 
1.125 1.5341628745 
1.1416666667 1.5166778362 
1.1583333333 1.3086018738 
1.175 1.1316505349 
1.1916666667 1.0745696821 
1.2083333333 1.0425507128 
1.225 0.9198008005 
1.2416666667 0.8635038283 
1.2583333333 0.8249175727 
1.275 0.7370497249 
1.2916666667 0.7226687425 
1.3083333333 0.6728242211 
1.325 0.6667352198 
1.3416666667 0.633528229 
1.3583333333 0.6364560409 
1.375 0.5812625017 
1.3916666667 0.6108720141 
1.4083333333 0.5515401548 
1.425 0.573350271 
1.4416666667 0.6042830552 
1.4583333333 0.5775578485 
1.475 0.5870934822 
1.4916666667 0.6124302272 
1.5083333333 0.6193965013 
1.525 0.6410349025 
1.5416666667 0.6367615333 
1.5583333333 0.6951033401 
1.575 0.7052789386 
1.5916666667 0.7530512446 
1.6083333333 0.766171431 
1.625 0.8161720406 
1.6416666667 0.8556062609 
1.6583333333 0.9261804333 
1.675 0.9181368572 
1.6916666667 0.9782546912 
1.7083333333 0.9721706905 
1.725 1.0733460201 
1.7416666667 1.106727068 
1.7583333333 1.1788721431 
1.775 1.1289333708 
1.7916666667 1.1921471425 
1.8083333333 1.2244279375 
1.825 1.2444004266 
1.8416666667 1.2327180163 
1.8583333333 1.2627126719 
1.875 1.2442940895 
1.8916666667 1.3165276961 
1.9083333333 1.2550059646 
1.925 1.2808187561 
1.9416666667 1.2672533827 
1.9583333333 1.2994835227 
1.975 1.2505970831 
1.9916666667 1.2326038701 
2.0083333333 1.1739300834 
2.025 1.1788820954 
2.0416666667 1.1235573947 
2.0583333333 1.1024714674 
2.075 1.0935833033 
2.0916666667 1.0658906877 
2.1083333333 1.0149168982 
2.125 1.0154690827 
2.1416666667 0.9611167311 
2.1583333333 0.9301540221 
2.175 0.9456887765 
2.1916666667 0.9172409898 
2.2083333333 0.8877382517 
2.225 0.8630723737 
2.2416666667 0.8850276226 
2.2583333333 0.8466477897 
2.275 0.8529735266 
2.2916666667 0.8276977162 
2.3083333333 0.810838716 
2.325 0.8450268223 
2.3416666667 0.8160914139 
2.3583333333 0.8409544116 
2.375 0.85413114 
2.3916666667 0.8569795525 
2.4083333333 0.8650811011 
2.425 0.8925286035 
2.4416666667 0.8692200914 
2.4583333333 0.8743076453 
2.475 0.8964025287 
2.4916666667 0.907108147 
2.5083333333 0.9418045994 
2.525 0.9526577786 
2.5416666667 0.9777275669 
2.5583333333 0.9945815106 
2.575 1.0175481955 
2.5916666667 1.030681293 
2.6083333333 1.0446889491 
2.625 1.0593525067 
2.6416666667 1.1054199712 
2.6583333333 1.067964643 
2.675 1.1040192227 
2.6916666667 1.0839754739 
2.7083333333 1.0985851451 
2.725 1.1114042867 
2.7416666667 1.1244998203 
2.7583333333 1.0865207596 
2.775 1.1199915199 
2.7916666667 1.0921544034 
2.8083333333 1.1002505029 
2.825 1.0800672619 
2.8416666667 1.0898320462 
2.8583333333 1.0733165683 
2.875 1.0754955342 
2.8916666667 1.0638846662 
2.9083333333 1.0492018559 
2.925 1.039187619 
2.9416666667 1.0397824051 
2.9583333333 1.0354185472 
2.975 1.0089496456 
2.9916666667 1.0151400063 
3.0083333333 0.9889350349 
3.025 0.9946753883 
3.0416666667 0.9737589778 
3.0583333333 0.9678744693 
3.075 0.9575438902 
3.0916666667 0.93949534 
3.1083333333 0.9441365259 
3.125 0.9602003948 
3.1416666667 0.937314758 
3.1583333333 0.9400393149 
3.175 0.9341829723 
3.1916666667 0.9086704657 
3.2083333333 0.9246335014 
3.225 0.9301959852 
3.2416666667 0.9462326842 
3.2583333333 0.9523111696 
3.275 0.9388959666 
3.2916666667 0.9474951024 
3.3083333333 0.9346448474 
3.325 0.9483599371 
3.3416666667 0.9580439876 
3.3583333333 0.9808526772 
3.375 0.9784664857 
3.3916666667 0.9902732647 
3.4083333333 0.9870990993 
3.425 0.9956099001 
3.4416666667 1.0179061552 
3.4583333333 0.9994026457 
3.475 1.0269697229 
3.4916666667 1.025739538 
3.5083333333 1.022853673 
3.525 1.0246259769 
3.5416666667 1.0232157043 
3.5583333333 1.0327972548 
3.575 1.0339996363 
3.5916666667 1.0467211551 
3.6083333333 1.0436335101 
3.625 1.0491602906 
3.6416666667 1.0499018519 
3.6583333333 1.0598769596 
3.675 1.0296404917 
3.6916666667 1.0564901365 
3.7083333333 1.0449143467 
3.725 1.0174817693 
3.7416666667 1.0223426993 
3.7583333333 1.0340130848 
3.775 1.030807832 
3.7916666667 1.0049925445 
3.8083333333 1.0138812228 
3.825 1.010387266 
3.8416666667 0.9961929119 
3.8583333333 1.0162900204 
3.875 0.9972784353 
3.8916666667 0.9928182294 
3.9083333333 0.9908643478 
3.925 1.0096968552 
3.9416666667 0.9825027236 
3.9583333333 0.9765710436 
3.975 0.9881119046 
3.9916666667 0.9750693414 
4.0083333333 0.9772961223 
4.025 0.9735607491 
4.0416666667 0.9786187524 
4.0583333333 0.9658694069 
4.075 0.9695568597 
4.0916666667 0.9673007859 
4.1083333333 0.9493484008 
4.125 0.9650907839 
4.1416666667 0.9693470169 
4.1583333333 0.9713251447 
4.175 0.9642340342 
4.1916666667 0.9865326727 
4.2083333333 0.983769187 
4.225 1.0002265826 
4.2416666667 0.9943363153 
4.2583333333 0.9683521932 
4.275 0.9958651523 
4.2916666667 1.0043745922 
4.3083333333 1.0028439042 
4.325 1.0089612631 
4.3416666667 1.0154217148 
4.3583333333 1.0058190788 
4.375 1.0109656742 
4.3916666667 1.0104049816 
4.4083333333 1.0213277644 
4.425 1.0159577854 
4.4416666667 1.0207618048 
4.4583333333 1.0154821428 
4.475 1.0362804116 
4.4916666667 1.0065045241 
4.5083333333 1.021754676 
4.525 1.0161433197 
4.5416666667 1.0261744289 
4.5583333333 1.0212832846 
4.575 1.0212965058 
4.5916666667 1.0135979847 
4.6083333333 1.0048011012 
4.625 1.0164199476 
4.6416666667 1.0191604458 
4.6583333333 1.0056878153 
4.675 0.9951968949 
4.6916666667 1.0123886454 
4.7083333333 0.9911834848 
4.725 1.0105875365 
4.7416666667 1.0003116187 
4.7583333333 1.0025246218 
4.775 0.9962545116 
4.7916666667 0.9911959654 
4.8083333333 1.0040558292 
4.825 0.9933549342 
4.8416666667 0.9918319804 
4.8583333333 0.9864221185 
4.875 0.9833882203 
4.8916666667 0.9889282573 
4.9083333333 0.979981998 
4.925 0.9921048849 
4.9416666667 0.9888185363 
4.9583333333 0.9849919332 
4.975 1.0094589751 
4.9916666667 0.9763668642 
