# Radial distribution function (300 data points):
# "Pair separation distance" g(r)
0.0083333333 0.0 
0.025 0.0 
0.0416666667 0.0 
0.0583333333 0.0 
0.075 0.0 
0.0916666667 0.0 
0.1083333333 0.0 
0.125 0.0 
0.1416666667 0.0 
0.1583333333 0.0 
0.175 0.0 
0.1916666667 0.0 
0.2083333333 0.0 
0.225 0.0 
0.2416666667 0.0 
0.2583333333 0.0 
0.275 0.0 
0.2916666667 0.0 
0.3083333333 0.0 
0.325 0.0 
0.3416666667 0.0 
0.3583333333 0.0 
0.375 0.0 
0.3916666667 0.0 
0.4083333333 0.0 
0.425 0.0 
0.4416666667 0.0 
0.4583333333 0.0 
0.475 0.0 
0.4916666667 0.0 
0.5083333333 0.0 
0.525 0.0 
0.5416666667 0.0 
0.5583333333 0.0 
0.575 0.0 
0.5916666667 0.0 
0.6083333333 0.0 
0.625 0.0 
0.6416666667 0.0 
0.6583333333 0.0 
0.675 0.0 
0.6916666667 0.0 
0.7083333333 0.0 
0.725 0.0 
0.7416666667 0.0 
0.7583333333 0.0 
0.775 0.0 
0.7916666667 0.0 
0.8083333333 0.0 
0.825 0.0 
0.8416666667 0.0088644241 
0.8583333333 0.0460270488 
0.875 0.2198115604 
0.8916666667 0.5939434604 
0.9083333333 1.0564081661 
0.925 1.5104109567 
0.9416666667 2.1018568595 
0.9583333333 2.4259645376 
0.975 2.6647781524 
0.9916666667 2.7636979123 
1.0083333333 2.7706783102 
1.025 2.6514241633 
1.0416666667 2.6783758672 
1.0583333333 2.4343379283 
1.075 2.1735985483 
1.0916666667 1.8938017332 
1.1083333333 1.7524143924 
1.125 1.620496749 
1.1416666667 1.4569357613 
1.1583333333 1.3291950364 
1.175 1.1680380119 
1.1916666667 1.1329413686 
1.2083333333 1.0279274767 
1.225 0.9658326877 
1.2416666667 0.843138172 
1.2583333333 0.7931899737 
1.275 0.7324141921 
1.2916666667 0.7678355389 
1.3083333333 0.7051080442 
1.325 0.6323969252 
1.3416666667 0.6509711869 
1.3583333333 0.6398595492 
1.375 0.6350708019 
1.3916666667 0.5401872482 
1.4083333333 0.598398905 
1.425 0.5380957236 
1.4416666667 0.536603353 
1.4583333333 0.5964554468 
1.475 0.6101846712 
1.4916666667 0.609607968 
1.5083333333 0.6508631685 
1.525 0.6134925436 
1.5416666667 0.6774508595 
1.5583333333 0.7007924299 
1.575 0.7321129542 
1.5916666667 0.7818050117 
1.6083333333 0.7977310907 
1.625 0.7762195631 
1.6416666667 0.8723828543 
1.6583333333 0.8878179302 
1.675 0.9378336011 
1.6916666667 0.9769380631 
1.7083333333 1.0001437294 
1.725 1.0535083233 
1.7416666667 1.0765021985 
1.7583333333 1.1033138321 
1.775 1.1388992375 
1.7916666667 1.1835395819 
1.8083333333 1.2136738653 
1.825 1.277584438 
1.8416666667 1.2375318746 
1.8583333333 1.2499837135 
1.875 1.2675151965 
1.8916666667 1.2912571031 
1.9083333333 1.271215165 
1.925 1.2743790746 
1.9416666667 1.3045647336 
1.9583333333 1.2569097178 
1.975 1.2419034371 
1.9916666667 1.2430523488 
2.0083333333 1.2075599107 
2.025 1.17826953 
2.0416666667 1.1157235271 
2.0583333333 1.1285584502 
2.075 1.0763730032 
2.0916666667 1.083689024 
2.1083333333 1.0245235726 
2.125 0.9715238307 
2.1416666667 0.983296348 
2.1583333333 0.9199088474 
2.175 0.9186084129 
2.1916666667 0.8955388797 
2.2083333333 0.8728009675 
2.225 0.8734738926 
2.2416666667 0.8595340282 
2.2583333333 0.8557594733 
2.275 0.8376855232 
2.2916666667 0.8413292591 
2.3083333333 0.8271026321 
2.325 0.8396829628 
2.3416666667 0.8351022439 
2.3583333333 0.8454708155 
2.375 0.8387674673 
2.3916666667 0.840511844 
2.4083333333 0.8613999049 
2.425 0.8775783756 
2.4416666667 0.8759614978 
2.4583333333 0.8911412368 
2.475 0.9259272231 
2.4916666667 0.9384644723 
2.5083333333 0.9374129713 
2.525 0.9814187454 
2.5416666667 0.9856987004 
2.5583333333 1.0218303191 
2.575 1.0010689154 
2.5916666667 1.0368519176 
2.6083333333 1.0443197358 
2.625 1.032923375 
2.6416666667 1.0463874492 
2.6583333333 1.1138183421 
2.675 1.0852386095 
2.6916666667 1.1026975835 
2.7083333333 1.1018384365 
2.725 1.1130956644 
2.7416666667 1.0962620091 
2.7583333333 1.1162341806 
2.775 1.1085746848 
2.7916666667 1.0979560204 
2.8083333333 1.1002505029 
2.825 1.0803820126 
2.8416666667 1.0874990248 
2.8583333333 1.0723942109 
2.875 1.0677461315 
2.8916666667 1.0584773744 
2.9083333333 1.0500927717 
2.925 1.0394812163 
2.9416666667 1.0503776194 
2.9583333333 1.0262339613 
2.975 1.0153354029 
2.9916666667 1.0099478332 
3.0083333333 0.9783878748 
3.025 0.9895970125 
3.0416666667 0.9552965185 
3.0583333333 0.9808994171 
3.075 0.9454567083 
3.0916666667 0.9482990027 
3.1083333333 0.925807564 
3.125 0.9540271268 
3.1416666667 0.9345152841 
3.1583333333 0.958044354 
3.175 0.9338091994 
3.1916666667 0.932959215 
3.2083333333 0.9260976874 
3.225 0.9265732564 
3.2416666667 0.9427666304 
3.2583333333 0.9224996895 
3.275 0.9620814743 
3.2916666667 0.9403083277 
3.3083333333 0.9567917419 
3.325 0.9559713549 
3.3416666667 0.9479214284 
3.3583333333 0.9545718834 
3.375 0.9752688828 
3.3916666667 0.9783725166 
3.4083333333 0.9879640273 
3.425 0.9800852807 
3.4416666667 1.006348679 
3.4583333333 1.0303812924 
3.475 1.0287378498 
3.4916666667 1.0354231291 
3.5083333333 1.0061190359 
3.525 1.0328132813 
3.5416666667 1.0638679771 
3.5583333333 1.020398133 
3.575 1.0614170378 
3.5916666667 1.0463317137 
3.6083333333 1.039774989 
3.625 1.0612031254 
3.6416666667 1.0668540827 
3.6583333333 1.0492725594 
3.675 1.0369870956 
3.6916666667 1.0563058221 
3.7083333333 1.0293881305 
3.725 1.0225506226 
3.7416666667 1.0438732581 
3.7583333333 1.0298339968 
3.775 1.0215538287 
3.7916666667 1.0070018307 
3.8083333333 1.008771982 
3.825 1.0209461134 
3.8416666667 0.9944057898 
3.8583333333 1.0009351488 
3.875 0.9876594619 
3.8916666667 0.9936475129 
3.9083333333 0.9723642666 
3.925 0.9777387472 
3.9416666667 0.9742572672 
3.9583333333 0.9897170381 
3.975 0.9665707312 
3.9916666667 0.9707339482 
4.0083333333 0.9799539425 
4.025 0.9620095027 
4.0416666667 0.9653941746 
4.0583333333 0.9742576616 
4.075 0.9747756305 
4.0916666667 0.9764531588 
4.1083333333 0.9628169742 
4.125 0.9813294051 
4.1416666667 0.9807691888 
4.1583333333 0.9839633392 
4.175 0.9697822348 
4.1916666667 0.9863182246 
4.2083333333 1.0055408955 
4.225 0.9808074396 
4.2416666667 0.9919628644 
4.2583333333 0.9943254478 
4.275 0.9887179592 
4.2916666667 0.9887590187 
4.3083333333 0.9986487539 
4.325 0.9990912088 
4.3416666667 1.0110908479 
4.3583333333 1.0056868386 
4.375 1.013590366 
4.3916666667 1.0343692142 
4.4083333333 1.0208107346 
4.425 1.0010766561 
4.4416666667 1.0073927155 
4.4583333333 1.022369552 
4.475 1.021667246 
4.4916666667 1.0298493532 
4.5083333333 1.0180470691 
4.525 1.0160206415 
4.5416666667 1.0268442158 
4.5583333333 1.0105844718 
4.575 1.0244168006 
4.5916666667 1.0303373931 
4.6083333333 1.012903382 
4.625 0.9983356461 
4.6416666667 1.0219585755 
4.6583333333 1.0038935979 
4.675 1.0142181544 
4.6916666667 0.9958416856 
4.7083333333 0.9889172751 
4.725 1.0083372859 
4.7416666667 1.0101991016 
4.7583333333 0.9844965964 
4.775 0.9874410248 
4.7916666667 1.0060748452 
4.8083333333 0.9911269061 
4.825 0.9915746316 
4.8416666667 0.9852419127 
4.8583333333 0.9883377079 
4.875 0.9773635934 
4.8916666667 0.9868812214 
4.9083333333 0.9831620651 
4.925 0.9975935654 
4.9416666667 0.9925215913 
4.9583333333 0.9861669145 
4.975 0.9834270817 
4.9916666667 0.9925976401 
