# Radial distribution function (300 data points):
# "Pair separation distance" g(r)
0.0083333333 0.0 
0.025 0.0 
0.0416666667 0.0 
0.0583333333 0.0 
0.075 0.0 
0.0916666667 0.0 
0.1083333333 0.0 
0.125 0.0 
0.1416666667 0.0 
0.1583333333 0.0 
0.175 0.0 
0.1916666667 0.0 
0.2083333333 0.0 
0.225 0.0 
0.2416666667 0.0 
0.2583333333 0.0 
0.275 0.0 
0.2916666667 0.0 
0.3083333333 0.0 
0.325 0.0 
0.3416666667 0.0 
0.3583333333 0.0 
0.375 0.0 
0.3916666667 0.0 
0.4083333333 0.0 
0.425 0.0 
0.4416666667 0.0 
0.4583333333 0.0 
0.475 0.0 
0.4916666667 0.0 
0.5083333333 0.0 
0.525 0.0 
0.5416666667 0.0 
0.5583333333 0.0 
0.575 0.0 
0.5916666667 0.0 
0.6083333333 0.0 
0.625 0.0 
0.6416666667 0.0 
0.6583333333 0.0 
0.675 0.0 
0.6916666667 0.0 
0.7083333333 0.0 
0.725 0.0 
0.7416666667 0.0 
0.7583333333 0.0 
0.775 0.0 
0.7916666667 0.0 
0.8083333333 0.0 
0.825 0.0 
0.8416666667 0.0017728848 
0.8583333333 0.0392082267 
0.875 0.1820827105 
0.8916666667 0.4659928745 
0.9083333333 0.917887787 
0.925 1.4179368165 
0.9416666667 2.048035727 
0.9583333333 2.471092401 
0.975 2.7678285718 
0.9916666667 2.8786391379 
1.0083333333 2.8929686146 
1.025 2.6597920484 
1.0416666667 2.5869360688 
1.0583333333 2.4365805243 
1.075 2.2246781142 
1.0916666667 2.0192120873 
1.1083333333 1.8659021389 
1.125 1.6373665866 
1.1416666667 1.5022241084 
1.1583333333 1.361020833 
1.175 1.1944189327 
1.1916666667 1.0604189703 
1.2083333333 0.9823373878 
1.225 0.9390504987 
1.2416666667 0.8618745758 
1.2583333333 0.8177788629 
1.275 0.7239157152 
1.2916666667 0.7098714835 
1.3083333333 0.7007057047 
1.325 0.6073585854 
1.3416666667 0.635621384 
1.3583333333 0.5813192074 
1.375 0.5892341018 
1.3916666667 0.5953083959 
1.4083333333 0.5414085331 
1.425 0.565928261 
1.4416666667 0.5855502805 
1.4583333333 0.571652349 
1.475 0.6072982726 
1.4916666667 0.6400883664 
1.5083333333 0.6072514719 
1.525 0.6226733299 
1.5416666667 0.6452164582 
1.5583333333 0.6806220205 
1.575 0.6936339885 
1.5916666667 0.7520597354 
1.6083333333 0.7807374278 
1.625 0.8247332858 
1.6416666667 0.8504800796 
1.6583333333 0.8859911443 
1.675 0.9096314451 
1.6916666667 0.9865933359 
1.7083333333 1.049204136 
1.725 1.0475992221 
1.7416666667 1.0996883997 
1.7583333333 1.1232189786 
1.775 1.1699927413 
1.7916666667 1.1749320213 
1.8083333333 1.197926831 
1.825 1.2647633427 
1.8416666667 1.2590090884 
1.8583333333 1.2267079039 
1.875 1.291808047 
1.8916666667 1.2751120021 
1.9083333333 1.3163940003 
1.925 1.3319972775 
1.9416666667 1.268919068 
1.9583333333 1.2677169144 
1.975 1.2419034371 
1.9916666667 1.2591999977 
2.0083333333 1.2035118759 
2.025 1.1807197916 
2.0416666667 1.1377186169 
2.0583333333 1.1069181122 
2.075 1.0921248033 
2.0916666667 1.0828278141 
2.1083333333 1.0095484625 
2.125 1.0026748954 
2.1416666667 0.9759031424 
2.1583333333 0.9234137756 
2.175 0.9053337248 
2.1916666667 0.8866488587 
2.2083333333 0.8854203973 
2.225 0.8595206355 
2.2416666667 0.8525357867 
2.2583333333 0.8390136764 
2.275 0.8391415235 
2.2916666667 0.8284151658 
2.3083333333 0.8087173356 
2.325 0.8199339169 
2.3416666667 0.8112814449 
2.3583333333 0.8253728181 
2.375 0.8443340153 
2.3916666667 0.8315094966 
2.4083333333 0.8663803468 
2.425 0.8814227199 
2.4416666667 0.9035591304 
2.4583333333 0.8965446118 
2.475 0.9152655279 
2.4916666667 0.9313840118 
2.5083333333 0.9362152546 
2.525 0.9504908564 
2.5416666667 1.0049460714 
2.5583333333 1.0011058732 
2.575 1.0186846976 
2.5916666667 1.0437704966 
2.6083333333 1.0587190534 
2.625 1.0626333644 
2.6416666667 1.1002006324 
2.6583333333 1.1035101462 
2.675 1.0618944829 
2.6916666667 1.0935098815 
2.7083333333 1.1092011487 
2.725 1.1198611752 
2.7416666667 1.0870721889 
2.7583333333 1.1020377683 
2.775 1.1392370418 
2.7916666667 1.1097204104 
2.8083333333 1.0900585747 
2.825 1.0917130403 
2.8416666667 1.0990085969 
2.8583333333 1.0728553896 
2.875 1.0680500296 
2.8916666667 1.0646356789 
2.9083333333 1.0515776314 
2.925 1.044178773 
2.9416666667 1.0364441869 
2.9583333333 1.0276690528 
2.975 0.9809942194 
2.9916666667 0.9925470369 
3.0083333333 0.9672856011 
3.025 0.9890479989 
3.0416666667 0.9609981603 
3.0583333333 0.955923744 
3.075 0.9720219432 
3.0916666667 0.9527665329 
3.1083333333 0.9442665185 
3.125 0.940008664 
3.1416666667 0.9361695187 
3.1583333333 0.9237970069 
3.175 0.9224714226 
3.1916666667 0.9253150401 
3.2083333333 0.9260976874 
3.225 0.9460152341 
3.2416666667 0.9234045368 
3.2583333333 0.9427289081 
3.275 0.9352659123 
3.2916666667 0.9432062207 
3.3083333333 0.9455461685 
3.325 0.9558577517 
3.3416666667 0.9624304299 
3.3583333333 0.9660418909 
3.375 0.9647939768 
3.3916666667 0.9985710341 
3.4083333333 1.0029921516 
3.425 1.0031045439 
3.4416666667 1.0253283875 
3.4583333333 1.027650971 
3.475 1.0262416706 
3.4916666667 1.0268727242 
3.5083333333 1.04173116 
3.525 1.0477728003 
3.5416666667 1.0385354032 
3.5583333333 1.0505527973 
3.575 1.0398958517 
3.5916666667 1.0182919321 
3.6083333333 1.0379421914 
3.625 1.0541303494 
3.6416666667 1.0426095514 
3.6583333333 1.0547155259 
3.675 1.0437757296 
3.6916666667 1.0400861549 
3.7083333333 1.0407131353 
3.725 1.0312400852 
3.7416666667 1.0281738923 
3.7583333333 1.0245879075 
3.775 1.0181166275 
3.7916666667 1.0263958106 
3.8083333333 1.0202894233 
3.825 1.0159671447 
3.8416666667 1.0110855959 
3.8583333333 0.9923296713 
3.875 0.9930126297 
3.8916666667 0.9929011577 
3.9083333333 0.9790242958 
3.925 0.965265302 
3.9416666667 0.9795117247 
3.9583333333 0.9888352946 
3.975 0.9680015102 
3.9916666667 0.9609596072 
4.0083333333 0.9683846075 
4.025 0.9754988776 
4.0416666667 0.9583205633 
4.0583333333 0.957023611 
4.075 0.9518584195 
4.0916666667 0.9721770502 
4.1083333333 0.9794852641 
4.125 0.9680432605 
4.1416666667 0.9697131121 
4.1583333333 0.9849802054 
4.175 1.0009818565 
4.1916666667 0.9863182246 
4.2083333333 0.9818544113 
4.225 0.9808074396 
4.2416666667 1.0036905041 
4.2583333333 0.9859447444 
4.275 0.9916730486 
4.2916666667 0.9958508075 
4.3083333333 1.0063624173 
4.325 1.005066956 
4.3416666667 1.0181534924 
4.3583333333 1.0209605835 
4.375 1.0120811682 
4.3916666667 1.0135958713 
4.4083333333 1.01648061 
4.425 1.0302616294 
4.4416666667 1.0204434932 
4.4583333333 1.0254657268 
4.475 1.0194721353 
4.4916666667 1.0300983647 
4.5083333333 1.014463049 
4.525 1.0155299288 
4.5416666667 1.0287317971 
4.5583333333 1.0225526353 
4.575 1.0181762109 
4.5916666667 1.0195550696 
4.6083333333 1.0111883007 
4.625 1.0219978977 
4.6416666667 1.0097167581 
4.6583333333 1.0088711043 
4.675 1.0184131754 
4.6916666667 0.9923040598 
4.7083333333 0.9850080633 
4.725 1.0074371857 
4.7416666667 0.9976861288 
4.7583333333 0.9936492862 
4.775 0.9838054616 
4.7916666667 0.9823342796 
4.8083333333 0.982706809 
4.825 0.9889311519 
4.8416666667 0.9844382459 
4.8583333333 0.9907854055 
4.875 0.9872460954 
4.8916666667 0.9844142808 
4.9083333333 0.9744038475 
4.925 0.9758459635 
4.9416666667 0.9841897176 
4.9583333333 0.9797300604 
4.975 0.9864210032 
4.9916666667 0.993656169 
