# Radial distribution function (300 data points):
# "Pair separation distance" g(r)
0.0083333333 0.0 
0.025 0.0 
0.0416666667 0.0 
0.0583333333 0.0 
0.075 0.0 
0.0916666667 0.0 
0.1083333333 0.0 
0.125 0.0 
0.1416666667 0.0 
0.1583333333 0.0 
0.175 0.0 
0.1916666667 0.0 
0.2083333333 0.0 
0.225 0.0 
0.2416666667 0.0 
0.2583333333 0.0 
0.275 0.0 
0.2916666667 0.0 
0.3083333333 0.0 
0.325 0.0 
0.3416666667 0.0 
0.3583333333 0.0 
0.375 0.0 
0.3916666667 0.0 
0.4083333333 0.0 
0.425 0.0 
0.4416666667 0.0 
0.4583333333 0.0 
0.475 0.0 
0.4916666667 0.0 
0.5083333333 0.0 
0.525 0.0 
0.5416666667 0.0 
0.5583333333 0.0 
0.575 0.0 
0.5916666667 0.0 
0.6083333333 0.0 
0.625 0.0 
0.6416666667 0.0 
0.6583333333 0.0 
0.675 0.0 
0.6916666667 0.0 
0.7083333333 0.0 
0.725 0.0 
0.7416666667 0.0 
0.7583333333 0.0 
0.775 0.0 
0.7916666667 0.0 
0.8083333333 0.0 
0.825 0.0 
0.8416666667 0.0088644241 
0.8583333333 0.0511411653 
0.875 0.1837230953 
0.8916666667 0.437559411 
0.9083333333 0.9041879693 
0.925 1.4883933043 
0.9416666667 2.0012963224 
0.9583333333 2.3302387666 
0.975 2.7665074126 
0.9916666667 2.8032887789 
1.0083333333 2.9819070178 
1.025 2.770965379 
1.0416666667 2.5313777103 
1.0583333333 2.5139500854 
1.075 2.2420669026 
1.0916666667 2.0740132504 
1.1083333333 1.7708178107 
1.125 1.6601904845 
1.1416666667 1.4713894891 
1.1583333333 1.2458863334 
1.175 1.1925995589 
1.1916666667 1.1214439152 
1.2083333333 0.9634131999 
1.225 1.0093537446 
1.2416666667 0.9148252823 
1.2583333333 0.7931899737 
1.275 0.7277786592 
1.2916666667 0.7173992829 
1.3083333333 0.6662207119 
1.325 0.6681659821 
1.3416666667 0.6125966796 
1.3583333333 0.5901683289 
1.375 0.6071702018 
1.3916666667 0.5823387141 
1.4083333333 0.5654711346 
1.425 0.5677837635 
1.4416666667 0.57950745 
1.4583333333 0.5775578485 
1.475 0.5755478876 
1.4916666667 0.6135591308 
1.5083333333 0.6044912379 
1.525 0.6615566601 
1.5416666667 0.6547282487 
1.5583333333 0.6868283003 
1.575 0.7083167517 
1.5916666667 0.7034757842 
1.6083333333 0.7724833629 
1.625 0.8256845353 
1.6416666667 0.8588683763 
1.6583333333 0.882794269 
1.675 0.9199274703 
1.6916666667 0.9664050381 
1.7083333333 0.9923973494 
1.725 1.0615278177 
1.7416666667 1.1344677015 
1.7583333333 1.0842211406 
1.775 1.15962824 
1.7916666667 1.1283729436 
1.8083333333 1.1944701649 
1.825 1.2526964294 
1.8416666667 1.2382724682 
1.8583333333 1.2674405707 
1.875 1.2860920821 
1.8916666667 1.2940649468 
1.9083333333 1.3077720852 
1.925 1.2838691316 
1.9416666667 1.2912392511 
1.9583333333 1.2912962525 
1.975 1.2460892667 
1.9916666667 1.2379864197 
2.0083333333 1.2284228591 
2.025 1.1886831417 
2.0416666667 1.1259678155 
2.0583333333 1.1504952312 
2.075 1.1271288034 
2.0916666667 1.0317293648 
2.1083333333 1.0180249399 
2.125 1.026038194 
2.1416666667 0.9824748807 
2.1583333333 0.9714043309 
2.175 0.8923245306 
2.1916666667 0.9078280264 
2.2083333333 0.9083414023 
2.225 0.8788014998 
2.2416666667 0.8720308882 
2.2583333333 0.8515730241 
2.275 0.8156028515 
2.2916666667 0.8446773573 
2.3083333333 0.7879749499 
2.325 0.8355008119 
2.3416666667 0.8156333216 
2.3583333333 0.8167916506 
2.375 0.8389901292 
2.3916666667 0.8431466773 
2.4083333333 0.843210465 
2.425 0.8690353883 
2.4416666667 0.8675347398 
2.4583333333 0.8643321837 
2.475 0.9158806257 
2.4916666667 0.9439265419 
2.5083333333 0.9340194406 
2.525 0.9449750545 
2.5416666667 0.9806438352 
2.5583333333 0.9886328271 
2.575 1.0230412889 
2.5916666667 1.0280634523 
2.6083333333 1.0417352429 
2.625 1.0352928834 
2.6416666667 1.0759037102 
2.6583333333 1.084493302 
2.675 1.0903286823 
2.6916666667 1.0900428242 
2.7083333333 1.07478475 
2.725 1.1467540806 
2.7416666667 1.0965961844 
2.7583333333 1.1215165665 
2.775 1.1137938094 
2.7916666667 1.0990841126 
2.8083333333 1.1032762316 
2.825 1.1123292156 
2.8416666667 1.0982309231 
2.8583333333 1.0762373667 
2.875 1.0774708721 
2.8916666667 1.0859644411 
2.9083333333 1.07741419 
2.925 1.0457935581 
2.9416666667 1.0178662768 
2.9583333333 1.0319743275 
2.975 1.0093753628 
2.9916666667 1.0227177725 
3.0083333333 1.0019802066 
3.025 0.9825970891 
3.0416666667 0.9681930894 
3.0583333333 0.9680087471 
3.075 0.9789289042 
3.0916666667 0.9460652375 
3.1083333333 0.9429665921 
3.125 0.937436469 
3.1416666667 0.9402414807 
3.1583333333 0.9309738407 
3.175 0.942904339 
3.1916666667 0.9216162458 
3.2083333333 0.9264637339 
3.225 0.9184824956 
3.2416666667 0.931053759 
3.2583333333 0.9215532933 
3.275 0.9342120256 
3.2916666667 0.9520158155 
3.3083333333 0.9339563429 
3.325 0.9501775891 
3.3416666667 0.9541074368 
3.3583333333 0.9506743081 
3.375 0.9742765233 
3.3916666667 0.99726086 
3.4083333333 0.9879640273 
3.425 1.0012844161 
3.4416666667 1.0024254991 
3.4583333333 1.0021329671 
3.475 0.9953514531 
3.4916666667 1.0109051006 
3.5083333333 1.0433638075 
3.525 1.038979029 
3.5416666667 1.0451439007 
3.5583333333 1.0265480974 
3.575 1.0459886076 
3.5916666667 1.046136993 
3.6083333333 1.056656019 
3.625 1.048013354 
3.6416666667 1.040999563 
3.6583333333 1.0478648956 
3.675 1.0503783737 
3.6916666667 1.0577803373 
3.7083333333 1.0438183785 
3.725 1.0269858691 
3.7416666667 1.0353507452 
3.7583333333 1.028233495 
3.775 1.0276350309 
3.7916666667 1.0450909083 
3.8083333333 1.0107637199 
3.825 1.0227488434 
3.8416666667 1.0005330655 
3.8583333333 0.9925827735 
3.875 1.0008750949 
3.8916666667 1.0032672017 
3.9083333333 0.9948932544 
3.925 0.9857282742 
3.9416666667 0.9766015636 
3.9583333333 0.9796972252 
3.975 0.9954247752 
3.9916666667 0.976409372 
4.0083333333 0.9717459684 
4.025 0.9522413347 
4.0416666667 0.9592432083 
4.0583333333 0.9725800107 
4.075 0.9711451813 
4.0916666667 0.9789288007 
4.1083333333 0.9636355063 
4.125 0.9656074673 
4.1416666667 0.970957836 
4.1583333333 0.9781526751 
4.175 0.9589740518 
4.1916666667 0.968876447 
4.2083333333 0.9815707409 
4.225 0.979611333 
4.2416666667 0.9821200238 
4.2583333333 0.9787414951 
4.275 0.9908483725 
4.2916666667 1.0047837338 
4.3083333333 0.9993930548 
4.325 1.0063426773 
4.3416666667 1.0048277481 
4.3583333333 1.0154064944 
4.375 1.001385549 
4.3916666667 1.0121632269 
4.4083333333 1.0203583335 
4.425 1.0312879142 
4.4416666667 1.0299928427 
4.4583333333 1.024201982 
4.475 1.012447781 
4.4916666667 1.0294135831 
4.5083333333 1.032074182 
4.525 1.0134443998 
4.5416666667 1.0147880515 
4.5583333333 1.0256353441 
4.575 1.0235767212 
4.5916666667 1.0253334418 
4.6083333333 1.020295974 
4.625 1.0173006766 
4.6416666667 1.0084925764 
4.6583333333 1.0028517942 
4.675 1.0137584261 
4.6916666667 1.0097068968 
4.7083333333 1.0059705034 
4.725 1.0029366845 
4.7416666667 0.9924351492 
4.7583333333 1.0145063247 
4.775 0.9920130211 
4.7916666667 0.9888984913 
4.8083333333 0.9878675137 
4.825 0.982457324 
4.8416666667 0.9930106917 
4.8583333333 0.9837615777 
4.875 0.9910511229 
4.8916666667 0.9886658168 
4.9083333333 0.9776881791 
4.925 0.9874446845 
4.9416666667 0.9844468742 
4.9583333333 0.9763583749 
4.975 0.9835285706 
4.9916666667 0.983675754 
