# Radial distribution function (300 data points):
# "Pair separation distance" g(r)
0.0083333333 0.0 
0.025 0.0 
0.0416666667 0.0 
0.0583333333 0.0 
0.075 0.0 
0.0916666667 0.0 
0.1083333333 0.0 
0.125 0.0 
0.1416666667 0.0 
0.1583333333 0.0 
0.175 0.0 
0.1916666667 0.0 
0.2083333333 0.0 
0.225 0.0 
0.2416666667 0.0 
0.2583333333 0.0 
0.275 0.0 
0.2916666667 0.0 
0.3083333333 0.0 
0.325 0.0 
0.3416666667 0.0 
0.3583333333 0.0 
0.375 0.0 
0.3916666667 0.0 
0.4083333333 0.0 
0.425 0.0 
0.4416666667 0.0 
0.4583333333 0.0 
0.475 0.0 
0.4916666667 0.0 
0.5083333333 0.0 
0.525 0.0 
0.5416666667 0.0 
0.5583333333 0.0 
0.575 0.0 
0.5916666667 0.0 
0.6083333333 0.0 
0.625 0.0 
0.6416666667 0.0 
0.6583333333 0.0 
0.675 0.0 
0.6916666667 0.0 
0.7083333333 0.0 
0.725 0.0 
0.7416666667 0.0 
0.7583333333 0.0 
0.775 0.0 
0.7916666667 0.0 
0.8083333333 0.0 
0.825 0.0 
0.8416666667 0.0106373089 
0.8583333333 0.0460270488 
0.875 0.1804423257 
0.8916666667 0.4533557796 
0.9083333333 0.9026657673 
0.925 1.4061940686 
0.9416666667 1.964471337 
0.9583333333 2.4820324891 
0.975 2.6991282922 
0.9916666667 2.9182300045 
1.0083333333 2.8497346686 
1.025 2.748252548 
1.0416666667 2.6552265512 
1.0583333333 2.4433083122 
1.075 2.3344448409 
1.0916666667 1.9960269798 
1.1083333333 1.8035349989 
1.125 1.6859914125 
1.1416666667 1.4954790354 
1.1583333333 1.2627352845 
1.175 1.2317160966 
1.1916666667 1.0966801694 
1.2083333333 0.9943800528 
1.225 0.9047358192 
1.2416666667 0.8610599496 
1.2583333333 0.7916035938 
1.275 0.7602273892 
1.2916666667 0.7106242635 
1.3083333333 0.6640195421 
1.325 0.6087893477 
1.3416666667 0.6181784261 
1.3583333333 0.6527928805 
1.375 0.5918913018 
1.3916666667 0.588823555 
1.4083333333 0.5597720974 
1.425 0.5578877502 
1.4416666667 0.612743018 
1.4583333333 0.5539358506 
1.475 0.547261181 
1.4916666667 0.5870298952 
1.5083333333 0.6343017647 
1.525 0.6167328211 
1.5416666667 0.6531429503 
1.5583333333 0.6723469807 
1.575 0.7280625368 
1.5916666667 0.7272720052 
1.6083333333 0.8050140891 
1.625 0.8004764245 
1.6416666667 0.8127327446 
1.6583333333 0.882794269 
1.675 0.9561873852 
1.6916666667 0.9997596171 
1.7083333333 1.0208007427 
1.725 1.040423885 
1.7416666667 1.1038287928 
1.7583333333 1.1370307128 
1.775 1.167999568 
1.7916666667 1.1956684173 
1.8083333333 1.1833320187 
1.825 1.2526964294 
1.8416666667 1.2712288825 
1.8583333333 1.2772600529 
1.875 1.2732311613 
1.8916666667 1.308806126 
1.9083333333 1.3129452342 
1.925 1.257771475 
1.9416666667 1.2575924079 
1.9583333333 1.276886657 
1.975 1.2402935026 
1.9916666667 1.2386196608 
2.0083333333 1.2075599107 
2.025 1.1767381166 
2.0416666667 1.1681501795 
2.0583333333 1.0879457611 
2.075 1.1131272033 
2.0916666667 1.0719191564 
2.1083333333 1.0587120316 
2.125 1.0140784102 
2.1416666667 0.9764507872 
2.1583333333 0.9377030982 
2.175 0.9204668692 
2.1916666667 0.8952774085 
2.2083333333 0.8818148459 
2.225 0.8442989005 
2.2416666667 0.8442878591 
2.2583333333 0.8311333014 
2.275 0.8381708566 
2.2916666667 0.812870424 
2.3083333333 0.8546805768 
2.325 0.8238837261 
2.3416666667 0.8151752293 
2.3583333333 0.8131785275 
2.375 0.8316422857 
2.3916666667 0.8477576357 
2.4083333333 0.8256706479 
2.425 0.8600652515 
2.4416666667 0.9088258541 
2.4583333333 0.8863613281 
2.475 0.8898414855 
2.4916666667 0.9400828633 
2.5083333333 0.9509870944 
2.525 0.9621134389 
2.5416666667 0.9967805201 
2.5583333333 1.00916538 
2.575 1.0167905275 
2.5916666667 1.0293723726 
2.6083333333 1.0583498401 
2.625 1.0602638561 
2.6416666667 1.0804031402 
2.6583333333 1.0661873679 
2.675 1.1055989004 
2.6916666667 1.0884826484 
2.7083333333 1.1013247589 
2.725 1.1007486072 
2.7416666667 1.1051176541 
2.7583333333 1.1246529832 
2.775 1.1172188599 
2.7916666667 1.1047245736 
2.8083333333 1.1077352002 
2.825 1.105089948 
2.8416666667 1.1016526877 
2.8583333333 1.0859221195 
2.875 1.0548304603 
2.8916666667 1.0517182596 
2.9083333333 1.0374714644 
2.925 1.0350772569 
2.9416666667 1.0317997093 
2.9583333333 1.0309697634 
2.975 1.0168963658 
2.9916666667 1.0075622402 
3.0083333333 0.9969841834 
3.025 0.9787539939 
3.0416666667 0.9911354102 
3.0583333333 0.9693515253 
3.075 0.9672402009 
3.0916666667 0.9619643894 
3.1083333333 0.9189179542 
3.125 0.944124176 
3.1416666667 0.927134853 
3.1583333333 0.925559738 
3.175 0.934805927 
3.1916666667 0.9136021915 
3.2083333333 0.9293921061 
3.225 0.9281431056 
3.2416666667 0.9317708736 
3.2583333333 0.9417825119 
3.275 0.9393643606 
3.2916666667 0.9317305644 
3.3083333333 0.9379726191 
3.325 0.9567665777 
3.3416666667 0.9624304299 
3.3583333333 0.9797390843 
3.375 0.9827667103 
3.3916666667 0.9741144507 
3.4083333333 0.9784498191 
3.425 1.0085649272 
3.4416666667 1.0114382098 
3.4583333333 0.9978274603 
3.475 1.0169850061 
3.4916666667 1.0068874405 
3.5083333333 1.0541800974 
3.525 1.0466609442 
3.5416666667 1.041839652 
3.5583333333 1.0545205163 
3.575 1.0532606065 
3.5916666667 1.0402953718 
3.6083333333 1.02993576 
3.625 1.0483000882 
3.6416666667 1.0491442103 
3.6583333333 1.0588446729 
3.675 1.0508433486 
3.6916666667 1.0549234641 
3.7083333333 1.0418091035 
3.725 1.0447268554 
3.7416666667 1.0134613438 
3.7583333333 1.0148070631 
3.775 1.0243740964 
3.7916666667 1.019406989 
3.8083333333 1.0094647604 
3.825 1.0069534945 
3.8416666667 0.9995118529 
3.8583333333 0.9997540048 
3.875 0.9955219271 
3.8916666667 1.0055891956 
3.9083333333 0.9960443705 
3.925 0.9717873648 
3.9416666667 0.9869488031 
3.9583333333 0.9728837525 
3.975 0.9563963025 
3.9916666667 0.965216175 
4.0083333333 0.9721368243 
4.025 0.960536525 
4.0416666667 0.9740055276 
4.0583333333 0.9768503949 
4.075 0.9754563398 
4.0916666667 0.9820045981 
4.1083333333 0.9580546057 
4.125 0.9825842076 
4.1416666667 0.9698595502 
4.1583333333 0.9846896722 
4.175 0.9661074526 
4.1916666667 0.971449824 
4.2083333333 0.9924211363 
4.225 0.9995229905 
4.2416666667 0.9754185154 
4.2583333333 0.9824816437 
4.275 0.9995074719 
4.2916666667 1.0019197422 
4.3083333333 0.9788909495 
4.325 1.0146012941 
4.3416666667 1.0137559968 
4.3583333333 1.0210267036 
4.375 1.0099814147 
4.3916666667 1.0324807285 
4.4083333333 1.01292603 
4.425 1.0044120817 
4.4416666667 1.0301201674 
4.4583333333 1.0322267616 
4.475 1.0379737827 
4.4916666667 1.0115470072 
4.5083333333 1.0281811947 
4.525 1.0308647006 
4.5416666667 1.0130222497 
4.5583333333 1.0091337853 
4.575 1.0161960238 
4.5916666667 1.0093684545 
4.6083333333 1.0116614266 
4.625 1.0114878654 
4.6416666667 1.006860334 
4.6583333333 1.0129225631 
4.675 1.0184706414 
4.6916666667 1.0008057736 
4.7083333333 1.0033643622 
4.725 1.0069871355 
4.7416666667 0.9915413654 
4.7583333333 0.9980314831 
4.775 0.9820978485 
4.7916666667 0.9838112272 
4.8083333333 0.9925393094 
4.825 0.9978866137 
4.8416666667 0.988670891 
4.8583333333 0.9838679993 
4.875 0.9883558951 
4.8916666667 0.9770659471 
4.9083333333 0.993432118 
4.925 0.9827844841 
4.9416666667 0.9793551736 
4.9583333333 0.9876994988 
4.975 0.9870806808 
4.9916666667 0.9948659163 
