# Radial distribution function (300 data points):
# "Pair separation distance" g(r)
0.0083333333 0.0 
0.025 0.0 
0.0416666667 0.0 
0.0583333333 0.0 
0.075 0.0 
0.0916666667 0.0 
0.1083333333 0.0 
0.125 0.0 
0.1416666667 0.0 
0.1583333333 0.0 
0.175 0.0 
0.1916666667 0.0 
0.2083333333 0.0 
0.225 0.0 
0.2416666667 0.0 
0.2583333333 0.0 
0.275 0.0 
0.2916666667 0.0 
0.3083333333 0.0 
0.325 0.0 
0.3416666667 0.0 
0.3583333333 0.0 
0.375 0.0 
0.3916666667 0.0 
0.4083333333 0.0 
0.425 0.0 
0.4416666667 0.0 
0.4583333333 0.0 
0.475 0.0 
0.4916666667 0.0 
0.5083333333 0.0 
0.525 0.0 
0.5416666667 0.0 
0.5583333333 0.0 
0.575 0.0 
0.5916666667 0.0 
0.6083333333 0.0 
0.625 0.0 
0.6416666667 0.0 
0.6583333333 0.0 
0.675 0.0 
0.6916666667 0.0 
0.7083333333 0.0 
0.725 0.0 
0.7416666667 0.0 
0.7583333333 0.0 
0.775 0.0 
0.7916666667 0.0 
0.8083333333 0.0 
0.825 0.0 
0.8416666667 0.0088644241 
0.8583333333 0.0647788094 
0.875 0.2280134843 
0.8916666667 0.4786299694 
0.9083333333 0.9270209988 
0.925 1.5955458795 
0.9416666667 2.0211251607 
0.9583333333 2.4888700442 
0.975 2.7374419097 
0.9916666667 2.9271698776 
1.0083333333 2.8213237898 
1.025 2.7243443049 
1.0416666667 2.5024410652 
1.0583333333 2.3390275995 
1.075 2.0703526173 
1.0916666667 2.0339662466 
1.1083333333 1.702316198 
1.125 1.63835893 
1.1416666667 1.4559721795 
1.1583333333 1.3385555648 
1.175 1.2380839051 
1.1916666667 1.1232127542 
1.2083333333 1.0408303321 
1.225 0.9549524234 
1.2416666667 0.8757232221 
1.2583333333 0.8407813722 
1.275 0.7223705375 
1.2916666667 0.7046020239 
1.3083333333 0.6801614537 
1.325 0.6960658464 
1.3416666667 0.611201243 
1.3583333333 0.5867648206 
1.375 0.5380830016 
1.3916666667 0.6147629187 
1.4083333333 0.6085305267 
1.425 0.5869572893 
1.4416666667 0.5843417144 
1.4583333333 0.5734239989 
1.475 0.5957526781 
1.4916666667 0.6101724199 
1.5083333333 0.6381660922 
1.525 0.637794625 
1.5416666667 0.6689959345 
1.5583333333 0.6728641707 
1.575 0.6992033125 
1.5916666667 0.7495809624 
1.6083333333 0.8050140891 
1.625 0.8361482794 
1.6416666667 0.8481499972 
1.6583333333 0.9280072192 
1.675 0.9230610432 
1.6916666667 0.953677633 
1.7083333333 0.9708796271 
1.725 1.0708135481 
1.7416666667 1.0918216529 
1.7583333333 1.087064733 
1.775 1.1436828534 
1.7916666667 1.1956684173 
1.8083333333 1.2236597895 
1.825 1.2304480582 
1.8416666667 1.2304962356 
1.8583333333 1.2499837135 
1.875 1.2671579487 
1.8916666667 1.2873963181 
1.9083333333 1.2963911572 
1.925 1.298104217 
1.9416666667 1.2615900526 
1.9583333333 1.2523248465 
1.975 1.2554268865 
1.9916666667 1.2395695225 
2.0083333333 1.1870083496 
2.025 1.2000156014 
2.0416666667 1.1509759313 
2.0583333333 1.1155149588 
2.075 1.1002924033 
2.0916666667 1.0630199883 
2.1083333333 1.0313047546 
2.125 0.9932183222 
2.1416666667 0.9534497031 
2.1583333333 0.9406688067 
2.175 0.9212633505 
2.1916666667 0.9172409898 
2.2083333333 0.8849053185 
2.225 0.8894567143 
2.2416666667 0.8782793182 
2.2583333333 0.8675800358 
2.275 0.8216695196 
2.2916666667 0.8327198636 
2.3083333333 0.8209741999 
2.325 0.8331773947 
2.3416666667 0.8195271061 
2.3583333333 0.8515679609 
2.375 0.8234037945 
2.3916666667 0.8523685941 
2.4083333333 0.8594510364 
2.425 0.8782190997 
2.4416666667 0.9151459227 
2.4583333333 0.8957133234 
2.475 0.9035786697 
2.4916666667 0.9220782636 
2.5083333333 0.9699509429 
2.525 0.9520667998 
2.5416666667 0.9755889701 
2.5583333333 1.0051356266 
2.575 1.0205788678 
2.5916666667 1.0011370905 
2.6083333333 1.0363816505 
2.625 1.0400319001 
2.6416666667 1.0694245309 
2.6583333333 1.0859151221 
2.675 1.0601392854 
2.6916666667 1.0888293541 
2.7083333333 1.111255859 
2.725 1.1164784198 
2.7416666667 1.120489717 
2.7583333333 1.0929586675 
2.775 1.0997674121 
2.7916666667 1.106980758 
2.8083333333 1.1121941688 
2.825 1.0778640065 
2.8416666667 1.0694569929 
2.8583333333 1.0745463781 
2.875 1.0736721453 
2.8916666667 1.0658372994 
2.9083333333 1.0373229784 
2.925 1.0622350065 
2.9416666667 1.0126412396 
2.9583333333 1.0144662107 
2.975 1.0251268973 
2.9916666667 1.0133157293 
3.0083333333 0.9965678481 
3.025 0.9772442065 
3.0416666667 0.9965655453 
3.0583333333 0.9749911934 
3.075 0.9720219432 
3.0916666667 0.9622271853 
3.1083333333 0.9585657086 
3.125 0.9438669565 
3.1416666667 0.9406232272 
3.1583333333 0.9412984086 
3.175 0.9311927894 
3.1916666667 0.9240821086 
3.2083333333 0.9373231139 
3.225 0.9292299242 
3.2416666667 0.919938483 
3.2583333333 0.9458046957 
3.275 0.9414721341 
3.2916666667 0.9531749727 
3.3083333333 0.945316667 
3.325 0.9616515175 
3.3416666667 0.9394859625 
3.3583333333 0.9686031547 
3.375 0.9961084327 
3.3916666667 0.9757521683 
3.4083333333 0.9702330029 
3.425 0.9929332415 
3.4416666667 1.0206629843 
3.4583333333 1.0074885976 
3.475 1.0210412973 
3.4916666667 1.0051361527 
3.5083333333 1.0240781587 
3.525 1.0184602292 
3.5416666667 1.0412388795 
3.5583333333 1.0342851494 
3.575 1.0456937968 
3.5916666667 1.0432161824 
3.6083333333 1.0603216141 
3.625 1.0482045101 
3.6416666667 1.0404313318 
3.6583333333 1.0453311009 
3.675 1.041078875 
3.6916666667 1.0381508537 
3.7083333333 1.0484762433 
3.725 1.0294297805 
3.7416666667 1.0113979986 
3.7583333333 1.025565992 
3.775 1.0188216944 
3.7916666667 1.0396745716 
3.8083333333 1.0074730224 
3.825 1.0061808959 
3.8416666667 1.0173830738 
3.8583333333 1.0043098458 
3.875 0.9901687593 
3.8916666667 1.0066672641 
3.9083333333 0.9819020862 
3.925 0.9849130163 
3.9416666667 0.9783799954 
3.9583333333 0.9912400497 
3.975 0.9866811255 
3.9916666667 0.9712857255 
4.0083333333 0.9717459684 
4.025 0.9801503862 
4.0416666667 0.978234317 
4.0583333333 0.980663238 
4.075 0.9661533135 
4.0916666667 0.9703765834 
4.1083333333 0.9540363573 
4.125 0.9813294051 
4.1416666667 0.9644413405 
4.1583333333 0.9782253084 
4.175 0.9758348173 
4.1916666667 0.9806710917 
4.2083333333 0.9832018461 
4.225 0.9876322834 
4.2416666667 0.9911251758 
4.2583333333 1.0021520552 
4.275 1.0043868057 
4.2916666667 0.9881453062 
4.3083333333 0.9972954796 
4.325 1.0027169431 
4.3416666667 1.0143556553 
4.3583333333 1.0038354756 
4.375 1.0110312915 
4.3916666667 1.0111213038 
4.4083333333 1.0031670923 
4.425 1.024360492 
4.4416666667 1.0077110271 
4.4583333333 1.0133969639 
4.475 1.0111307145 
4.4916666667 1.0153444327 
4.5083333333 1.0183560363 
4.525 1.0389614601 
4.5416666667 1.019659229 
4.5583333333 1.0168707799 
4.575 1.0271770615 
4.5916666667 1.019793353 
4.6083333333 1.0114840044 
4.625 1.0109007127 
4.6416666667 1.0108243511 
4.6583333333 1.0037778419 
4.675 1.0071498314 
4.6916666667 0.9933881709 
4.7083333333 1.0016647049 
4.725 0.9992800273 
4.7416666667 1.004612953 
4.7583333333 1.0008050255 
4.775 0.9933350441 
4.7916666667 1.0009328794 
4.8083333333 0.9884650689 
4.825 0.9877442834 
4.8416666667 0.9946180253 
4.8583333333 0.9924881516 
4.875 0.9865590765 
4.8916666667 0.9917101265 
4.9083333333 0.9895221994 
4.925 0.9892569847 
4.9416666667 0.9913901022 
4.9583333333 0.9904581505 
4.975 0.9917491685 
4.9916666667 1.0028300859 
