# Radial distribution function (300 data points):
# "Pair separation distance" g(r)
0.0083333333 0.0 
0.025 0.0 
0.0416666667 0.0 
0.0583333333 0.0 
0.075 0.0 
0.0916666667 0.0 
0.1083333333 0.0 
0.125 0.0 
0.1416666667 0.0 
0.1583333333 0.0 
0.175 0.0 
0.1916666667 0.0 
0.2083333333 0.0 
0.225 0.0 
0.2416666667 0.0 
0.2583333333 0.0 
0.275 0.0 
0.2916666667 0.0 
0.3083333333 0.0 
0.325 0.0 
0.3416666667 0.0 
0.3583333333 0.0 
0.375 0.0 
0.3916666667 0.0 
0.4083333333 0.0 
0.425 0.0 
0.4416666667 0.0 
0.4583333333 0.0 
0.475 0.0 
0.4916666667 0.0 
0.5083333333 0.0 
0.525 0.0 
0.5416666667 0.0 
0.5583333333 0.0 
0.575 0.0 
0.5916666667 0.0 
0.6083333333 0.0 
0.625 0.0 
0.6416666667 0.0 
0.6583333333 0.0 
0.675 0.0 
0.6916666667 0.0 
0.7083333333 0.0 
0.725 0.0 
0.7416666667 0.0 
0.7583333333 0.0 
0.775 0.0 
0.7916666667 0.0 
0.8083333333 0.0 
0.825 0.0018452376 
0.8416666667 0.0124101937 
0.8583333333 0.0426176377 
0.875 0.2001269431 
0.8916666667 0.4975856118 
0.9083333333 1.0290085307 
0.925 1.3915156336 
0.9416666667 1.9786347929 
0.9583333333 2.4533147578 
0.975 2.7532958204 
0.9916666667 2.8339397724 
1.0083333333 2.8534404354 
1.025 2.6287113323 
1.0416666667 2.6980527859 
1.0583333333 2.4690981659 
1.075 2.1964213331 
1.0916666667 2.0518820114 
1.1083333333 1.7994453504 
1.125 1.6026345681 
1.1416666667 1.4733166528 
1.1583333333 1.3404276705 
1.175 1.2444517136 
1.1916666667 1.1055243643 
1.2083333333 0.9952402431 
1.225 0.9298441213 
1.2416666667 0.8439527982 
1.2583333333 0.8027082534 
1.275 0.7594548004 
1.2916666667 0.7076131437 
1.3083333333 0.6574160329 
1.325 0.6402661177 
1.3416666667 0.6209692994 
1.3583333333 0.5962946437 
1.375 0.6084988018 
1.3916666667 0.574556905 
1.4083333333 0.5382424014 
1.425 0.5418067286 
1.4416666667 0.5849459975 
1.4583333333 0.5935026971 
1.475 0.5934435592 
1.4916666667 0.6045279016 
1.5083333333 0.5901380213 
1.525 0.595130971 
1.5416666667 0.645744891 
1.5583333333 0.6914830102 
1.575 0.750846135 
1.5916666667 0.7728814288 
1.6083333333 0.7802518945 
1.625 0.8095132944 
1.6416666667 0.8364995851 
1.6583333333 0.9266371298 
1.675 0.9284328824 
1.6916666667 0.964649534 
1.7083333333 1.0470523638 
1.725 1.0615278177 
1.7416666667 1.0698775696 
1.7583333333 1.1504362196 
1.775 1.1349128908 
1.7916666667 1.1886258677 
1.8083333333 1.198310905 
1.825 1.228939694 
1.8416666667 1.2767833344 
1.8583333333 1.3056274459 
1.875 1.2910935513 
1.8916666667 1.2572119987 
1.9083333333 1.2950116508 
1.925 1.2842080622 
1.9416666667 1.2882410176 
1.9583333333 1.2713193133 
1.975 1.2493091356 
1.9916666667 1.2218387707 
2.0083333333 1.1913677716 
2.025 1.2272747613 
2.0416666667 1.1470589975 
2.0583333333 1.1232224765 
2.075 1.0845406033 
2.0916666667 1.040341463 
2.1083333333 1.039781232 
2.125 0.9965559363 
2.1416666667 0.9748078527 
2.1583333333 0.936085439 
2.175 0.9103781063 
2.1916666667 0.8994609478 
2.2083333333 0.87177081 
2.225 0.888441932 
2.2416666667 0.8385393035 
2.2583333333 0.8335959186 
2.275 0.8257948538 
2.2916666667 0.8207623698 
2.3083333333 0.8461950553 
2.325 0.8118019568 
2.3416666667 0.8234208905 
2.3583333333 0.8188240324 
2.375 0.8283023568 
2.3916666667 0.8418292606 
2.4083333333 0.8486239888 
2.425 0.8636960212 
2.4416666667 0.8768041736 
2.4583333333 0.8996619436 
2.475 0.9078843543 
2.4916666667 0.9526253935 
2.5083333333 0.9260346623 
2.525 0.9459600192 
2.5416666667 0.9781164027 
2.5583333333 1.0107005241 
2.575 1.0230412889 
2.5916666667 1.0396567469 
2.6083333333 1.0697954515 
2.625 1.0677369209 
2.6416666667 1.0840026843 
2.6583333333 1.0825382993 
2.675 1.0910307613 
2.6916666667 1.115005637 
2.7083333333 1.1090299228 
2.725 1.1201994507 
2.7416666667 1.1047834788 
2.7583333333 1.1259735797 
2.775 1.1018876814 
2.7916666667 1.1211624885 
2.8083333333 1.1042317249 
2.825 1.0673198557 
2.8416666667 1.0985419926 
2.8583333333 1.086229572 
2.875 1.0654668954 
2.8916666667 1.0554733234 
2.9083333333 1.0383623802 
2.925 1.0591522349 
2.9416666667 1.0365893268 
2.9583333333 1.0034160058 
2.975 1.0207278201 
2.9916666667 1.0084042142 
3.0083333333 0.9875472507 
3.025 0.9802637813 
3.0416666667 0.9555680252 
3.0583333333 0.9721713593 
3.075 0.9592706304 
3.0916666667 0.944882656 
3.1083333333 0.9395867835 
3.125 0.9275335182 
3.1416666667 0.9105925073 
3.1583333333 0.9326106624 
3.175 0.9323141079 
3.1916666667 0.9170543995 
3.2083333333 0.9285379975 
3.225 0.9310412886 
3.2416666667 0.938583462 
3.2583333333 0.9492353819 
3.275 0.9358514049 
3.2916666667 0.9542182142 
3.3083333333 0.9535787209 
3.325 0.9608562947 
3.3416666667 0.9658046163 
3.3583333333 0.9757301496 
3.375 0.9699762987 
3.3916666667 0.9713849213 
3.4083333333 0.9943428714 
3.425 1.0172373008 
3.4416666667 0.9951092986 
3.4583333333 1.0063334616 
3.475 1.0172970285 
3.4916666667 1.024400318 
3.5083333333 1.036731177 
3.525 1.0325100478 
3.5416666667 1.0366329569 
3.5583333333 1.0515447271 
3.575 1.0438266619 
3.5916666667 1.0554835869 
3.6083333333 1.049710681 
3.625 1.0513585859 
3.6416666667 1.0440301294 
3.6583333333 1.0471141416 
3.675 1.0438687246 
3.6916666667 1.027184147 
3.7083333333 1.0666510493 
3.725 1.0272574148 
3.7416666667 1.0288915776 
3.7583333333 1.0138289787 
3.775 1.0417363692 
3.7916666667 1.0253474873 
3.8083333333 1.0283429724 
3.825 1.0055799859 
3.8416666667 0.9998522571 
3.8583333333 0.9909797924 
3.875 1.0004568787 
3.8916666667 0.9879254566 
3.9083333333 0.991604351 
3.925 0.9973049358 
3.9416666667 0.959140597 
3.9583333333 0.9804988103 
3.975 0.9626758327 
3.9916666667 0.9695515682 
4.0083333333 0.9708860854 
4.025 0.9601488993 
4.0416666667 0.95709037 
4.0583333333 0.9556509875 
4.075 0.9481523358 
4.0916666667 0.9835049871 
4.1083333333 0.969216407 
4.125 0.9714386085 
4.1416666667 0.9897019131 
4.1583333333 0.9586143169 
4.175 0.9876517641 
4.1916666667 0.9947531826 
4.2083333333 1.0062500717 
4.225 0.9804556436 
4.2416666667 0.9978964916 
4.2583333333 1.0072081821 
4.275 0.9883056211 
4.2916666667 1.0021925033 
4.3083333333 1.0037911962 
4.325 1.0030526592 
4.3416666667 1.0058938077 
4.3583333333 1.0070092408 
4.375 1.013590366 
4.3916666667 1.0119027461 
4.4083333333 1.0237190273 
4.425 1.0207684953 
4.4416666667 1.023499285 
4.4583333333 1.0219272414 
4.475 1.0361549767 
4.4916666667 1.0259896748 
4.5083333333 1.032074182 
4.525 1.0212344639 
4.5416666667 1.0006616368 
4.5583333333 1.0095569022 
4.575 1.0100154398 
4.5916666667 1.0091897419 
4.6083333333 1.0080538417 
4.625 1.0070842205 
4.6416666667 1.012864654 
4.6583333333 1.0166267539 
4.675 1.0018054896 
4.6916666667 1.0058839785 
4.7083333333 1.0017213601 
4.725 0.9944419885 
4.7416666667 1.0012054024 
4.7583333333 0.992983636 
4.775 1.0007163393 
4.7916666667 0.9874215437 
4.8083333333 0.9820006073 
4.825 0.9888232548 
4.8416666667 0.9954216921 
4.8583333333 0.9898276108 
4.875 0.9927422462 
4.8916666667 0.9831020784 
4.9083333333 0.9872805127 
4.925 0.9845967843 
4.9416666667 0.9757549813 
4.9583333333 0.9854006223 
4.975 0.9949460677 
4.9916666667 0.9896740842 
