# Radial distribution function (300 data points):
# "Pair separation distance" g(r)
0.0083333333 0.0 
0.025 0.0 
0.0416666667 0.0 
0.0583333333 0.0 
0.075 0.0 
0.0916666667 0.0 
0.1083333333 0.0 
0.125 0.0 
0.1416666667 0.0 
0.1583333333 0.0 
0.175 0.0 
0.1916666667 0.0 
0.2083333333 0.0 
0.225 0.0 
0.2416666667 0.0 
0.2583333333 0.0 
0.275 0.0 
0.2916666667 0.0 
0.3083333333 0.0 
0.325 0.0 
0.3416666667 0.0 
0.3583333333 0.0 
0.375 0.0 
0.3916666667 0.0 
0.4083333333 0.0 
0.425 0.0 
0.4416666667 0.0 
0.4583333333 0.0 
0.475 0.0 
0.4916666667 0.0 
0.5083333333 0.0 
0.525 0.0 
0.5416666667 0.0 
0.5583333333 0.0 
0.575 0.0 
0.5916666667 0.0 
0.6083333333 0.0 
0.625 0.0 
0.6416666667 0.0 
0.6583333333 0.0 
0.675 0.0 
0.6916666667 0.0 
0.7083333333 0.0 
0.725 0.0 
0.7416666667 0.0 
0.7583333333 0.0 
0.775 0.0 
0.7916666667 0.0 
0.8083333333 0.0 
0.825 0.0018452376 
0.8416666667 0.0159559634 
0.8583333333 0.080121159 
0.875 0.2263730996 
0.8916666667 0.5118023435 
0.9083333333 1.0533637622 
0.925 1.5001360523 
0.9416666667 2.1160203154 
0.9583333333 2.3835716962 
0.975 2.6542088787 
0.9916666667 2.831385523 
1.0083333333 2.7953834222 
1.025 2.6896773523 
1.0416666667 2.6552265512 
1.0583333333 2.4220036505 
1.075 2.1833797418 
1.0916666667 1.9496567649 
1.1083333333 1.8055798232 
1.125 1.5748489533 
1.1416666667 1.4203196509 
1.1583333333 1.3348113534 
1.175 1.1835026896 
1.1916666667 1.1329413686 
1.2083333333 1.0201857635 
1.225 0.9298441213 
1.2416666667 0.8333626569 
1.2583333333 0.8225380028 
1.275 0.773361399 
1.2916666667 0.6752436063 
1.3083333333 0.6985045349 
1.325 0.6495660725 
1.3416666667 0.6084103697 
1.3583333333 0.6010595552 
1.375 0.5925556018 
1.3916666667 0.6089265619 
1.4083333333 0.5958659996 
1.425 0.5758242743 
1.4416666667 0.580111733 
1.4583333333 0.5681090494 
1.475 0.5992163564 
1.4916666667 0.6113013235 
1.5083333333 0.59897077 
1.525 0.6529159201 
1.5416666667 0.6785077251 
1.5583333333 0.7085502797 
1.575 0.7128734714 
1.5916666667 0.7490852078 
1.6083333333 0.7865638265 
1.625 0.8337701557 
1.6416666667 0.8327714533 
1.6583333333 0.8882746266 
1.675 0.9503678927 
1.6916666667 0.9444612362 
1.7083333333 1.0302685405 
1.725 1.0560407952 
1.7416666667 1.1373659767 
1.7583333333 1.1504362196 
1.775 1.1687968373 
1.7916666667 1.1588906584 
1.8083333333 1.2221234935 
1.825 1.2180040539 
1.8416666667 1.2404942489 
1.8583333333 1.2514384516 
1.875 1.2728739135 
1.8916666667 1.2958198491 
1.9083333333 1.2605239903 
1.925 1.2875973682 
1.9416666667 1.2479314331 
1.9583333333 1.2703368409 
1.975 1.268628349 
1.9916666667 1.2402027637 
2.0083333333 1.2066257488 
2.025 1.1727564415 
2.0416666667 1.1548928651 
2.0583333333 1.1051394543 
2.075 1.1040845033 
2.0916666667 1.0567044496 
2.1083333333 1.0038974776 
2.125 0.9873774976 
2.1416666667 0.955914105 
2.1583333333 0.9261098742 
2.175 0.9061302061 
2.1916666667 0.9020756598 
2.2083333333 0.8856779367 
2.225 0.8861586717 
2.2416666667 0.876779695 
2.2583333333 0.8486178835 
2.275 0.8202135192 
2.2916666667 0.8157402225 
2.3083333333 0.8311096839 
2.325 0.8415416965 
2.3416666667 0.8206723368 
2.3583333333 0.8305666826 
2.375 0.8472286204 
2.3916666667 0.8427075384 
2.4083333333 0.8462420383 
2.425 0.8878299604 
2.4416666667 0.8715374498 
2.4583333333 0.905688785 
2.475 0.9269523861 
2.4916666667 0.94068976 
2.5083333333 0.9505878555 
2.525 0.9804337808 
2.5416666667 1.0033907283 
2.5583333333 0.9907436503 
2.575 0.9991747453 
2.5916666667 1.0448924284 
2.6083333333 1.064441859 
2.625 1.0948951321 
2.6416666667 1.0834627527 
2.6583333333 1.0693864632 
2.675 1.1099868942 
2.6916666667 1.0754811834 
2.7083333333 1.0992700485 
2.725 1.1012560205 
2.7416666667 1.116312526 
2.7583333333 1.0922983692 
2.775 1.0839469406 
2.7916666667 1.0887701268 
2.8083333333 1.0978617697 
2.825 1.0840016465 
2.8416666667 1.0786335436 
2.8583333333 1.0773134504 
2.875 1.0970723025 
2.8916666667 1.035195979 
2.9083333333 1.0621201352 
2.925 1.0488763297 
2.9416666667 0.9979821074 
2.9583333333 1.0097304086 
2.975 1.0103687028 
2.9916666667 1.0203321794 
3.0083333333 0.9996209734 
3.025 0.9779304735 
3.0416666667 0.9760667853 
3.0583333333 0.9403475179 
3.075 0.9555514976 
3.0916666667 0.9505327678 
3.1083333333 0.9417966584 
3.125 0.9329351277 
3.1416666667 0.938714495 
3.1583333333 0.9478456955 
3.175 0.937671519 
3.1916666667 0.951083307 
3.2083333333 0.9243894703 
3.225 0.9356300783 
3.2416666667 0.9263925142 
3.2583333333 0.9575163486 
3.275 0.9550555629 
3.2916666667 0.9602458317 
3.3083333333 0.9542672254 
3.325 0.9499503826 
3.3416666667 0.9609682825 
3.3583333333 0.9780686948 
3.375 0.9567448385 
3.3916666667 0.9647248696 
3.4083333333 1.0015866436 
3.425 0.9959310991 
3.4416666667 1.0172699638 
3.4583333333 1.0165196607 
3.475 1.028113805 
3.4916666667 1.0385136369 
3.5083333333 1.0403025934 
3.525 1.0321057365 
3.5416666667 1.0114005117 
3.5583333333 1.0417246226 
3.575 1.0311497989 
3.5916666667 1.0509076503 
3.6083333333 1.0412219344 
3.625 1.0591004082 
3.6416666667 1.0387266382 
3.6583333333 1.0448618796 
3.675 1.0432177597 
3.6916666667 1.0419292989 
3.7083333333 1.042813741 
3.725 1.0392959412 
3.7416666667 1.0324800041 
3.7583333333 1.0128508943 
3.775 1.0125642255 
3.7916666667 1.0028085377 
3.8083333333 1.0136214309 
3.825 1.0073827159 
3.8416666667 1.0043626128 
3.8583333333 1.0121560165 
3.875 0.9889141106 
3.8916666667 0.9877595999 
3.9083333333 0.9991688287 
3.925 0.9793692629 
3.9416666667 0.9715896195 
3.9583333333 0.9687956688 
3.975 0.9780964513 
3.9916666667 0.9811388918 
4.0083333333 0.9669775263 
4.025 0.9741809502 
4.0416666667 0.96577861 
4.0583333333 0.96968225 
4.075 0.9827928727 
4.0916666667 0.966475572 
4.1083333333 0.9683978749 
4.125 0.9832485149 
4.1416666667 0.9869195891 
4.1583333333 0.9679840128 
4.175 0.9883002551 
4.1916666667 0.9913934959 
4.2083333333 0.9792304595 
4.225 0.9853807885 
4.2416666667 0.9849821264 
4.2583333333 1.0060307279 
4.275 0.9987515188 
4.2916666667 1.0009650783 
4.3083333333 1.0025732493 
4.325 0.9990240656 
4.3416666667 1.0294137463 
4.3583333333 1.0152081341 
4.375 1.0261888868 
4.3916666667 1.0269455117 
4.4083333333 1.0018098891 
4.425 1.0176254981 
4.4416666667 1.0138862732 
4.4583333333 1.009479355 
4.475 1.0137648474 
4.4916666667 1.0127298119 
4.5083333333 1.0113115832 
4.525 1.0120949399 
4.5416666667 1.0189894421 
4.5583333333 1.0117933772 
4.575 1.0269970444 
4.5916666667 1.0029348029 
4.6083333333 1.008881812 
4.625 1.008963109 
4.6416666667 1.0112324117 
4.6583333333 1.0041251098 
4.675 1.0030697425 
4.6916666667 1.0033734053 
4.7083333333 0.9941862127 
4.725 0.990279025 
4.7416666667 1.0037191693 
4.7583333333 0.9962009452 
4.775 0.9887630479 
4.7916666667 0.9864916137 
4.8083333333 0.999003771 
4.825 1.0032275217 
4.8416666667 0.9830988012 
4.8583333333 0.9958404331 
4.875 0.9961773405 
4.8916666667 0.9960141505 
4.9083333333 0.9834748586 
4.925 1.0026162258 
4.9416666667 0.9874298907 
4.9583333333 0.9948515589 
4.975 0.9854061146 
4.9916666667 0.9884643369 
