# Radial distribution function (300 data points):
# "Pair separation distance" g(r)
0.0083333333 0.0 
0.025 0.0 
0.0416666667 0.0 
0.0583333333 0.0 
0.075 0.0 
0.0916666667 0.0 
0.1083333333 0.0 
0.125 0.0 
0.1416666667 0.0 
0.1583333333 0.0 
0.175 0.0 
0.1916666667 0.0 
0.2083333333 0.0 
0.225 0.0 
0.2416666667 0.0 
0.2583333333 0.0 
0.275 0.0 
0.2916666667 0.0 
0.3083333333 0.0 
0.325 0.0 
0.3416666667 0.0 
0.3583333333 0.0 
0.375 0.0 
0.3916666667 0.0 
0.4083333333 0.0 
0.425 0.0 
0.4416666667 0.0 
0.4583333333 0.0 
0.475 0.0 
0.4916666667 0.0 
0.5083333333 0.0 
0.525 0.0 
0.5416666667 0.0 
0.5583333333 0.0 
0.575 0.0 
0.5916666667 0.0 
0.6083333333 0.0 
0.625 0.0 
0.6416666667 0.0 
0.6583333333 0.0 
0.675 0.0 
0.6916666667 0.0 
0.7083333333 0.0 
0.725 0.0 
0.7416666667 0.0 
0.7583333333 0.0 
0.775 0.0 
0.7916666667 0.0 
0.8083333333 0.0 
0.825 0.0 
0.8416666667 0.0124101937 
0.8583333333 0.1005776251 
0.875 0.2345750235 
0.8916666667 0.4975856118 
0.9083333333 1.0031310972 
0.925 1.5118788002 
0.9416666667 1.9361444251 
0.9583333333 2.3739991191 
0.975 2.7030917699 
0.9916666667 2.9450496238 
1.0083333333 2.8497346686 
1.025 2.8235635139 
1.0416666667 2.591565932 
1.0583333333 2.4186397565 
1.075 2.1659909534 
1.0916666667 1.9212023148 
1.1083333333 1.734010974 
1.125 1.5956881644 
1.1416666667 1.4367005424 
1.1583333333 1.3160902966 
1.175 1.2289870359 
1.1916666667 1.0559968728 
1.2083333333 0.9866383396 
1.225 0.9357027251 
1.2416666667 0.9465957061 
1.2583333333 0.8312630925 
1.275 0.7177350047 
1.2916666667 0.7467577006 
1.3083333333 0.6720904979 
1.325 0.6302507818 
1.3416666667 0.6495757503 
1.3583333333 0.5990174503 
1.375 0.5766124017 
1.3916666667 0.6212477596 
1.4083333333 0.5629382292 
1.425 0.6104603209 
1.4416666667 0.5595661091 
1.4583333333 0.6035420462 
1.475 0.598061797 
1.4916666667 0.5966255761 
1.5083333333 0.6365099519 
1.525 0.633474255 
1.5416666667 0.6837920532 
1.5583333333 0.6821735904 
1.575 0.7189490975 
1.5916666667 0.7609833183 
1.6083333333 0.7588884326 
1.625 0.8099889191 
1.6416666667 0.8607324422 
1.6583333333 0.8741170362 
1.675 0.9042596058 
1.6916666667 0.9769380631 
1.7083333333 0.9984223116 
1.725 1.0674369189 
1.7416666667 1.1100393824 
1.7583333333 1.1349995754 
1.775 1.1831476853 
1.7916666667 1.1839308347 
1.8083333333 1.1940860909 
1.825 1.2334647865 
1.8416666667 1.2427160296 
1.8583333333 1.2459831837 
1.875 1.2357201423 
1.8916666667 1.2877472985 
1.9083333333 1.3063925787 
1.925 1.2516707241 
1.9416666667 1.2715841645 
1.9583333333 1.2759041846 
1.975 1.2660524539 
1.9916666667 1.2747144056 
2.0083333333 1.2066257488 
2.025 1.1543794798 
2.0416666667 1.1500720235 
2.0583333333 1.1021750244 
2.075 1.1064181033 
2.0916666667 1.0656036177 
2.1083333333 1.0307396561 
2.125 1.0087938546 
2.1416666667 0.9783675443 
2.1583333333 0.9382423179 
2.175 0.9130330439 
2.1916666667 0.8918782828 
2.2083333333 0.9122044931 
2.225 0.8681462853 
2.2416666667 0.8520359123 
2.2583333333 0.8358122741 
2.275 0.8294348546 
2.2916666667 0.8477863057 
2.3083333333 0.8327596464 
2.325 0.8115696151 
2.3416666667 0.8231918444 
2.3583333333 0.8050490004 
2.375 0.8603656739 
2.3916666667 0.8536860108 
2.4083333333 0.8577187088 
2.425 0.8671132161 
2.4416666667 0.8803855458 
2.4583333333 0.8921803474 
2.475 0.8994780177 
2.4916666667 0.9463541284 
2.5083333333 0.9378122102 
2.525 0.9688111983 
2.5416666667 0.9814215068 
2.5583333333 0.9955409757 
2.575 1.0198211997 
2.5916666667 1.0138523169 
2.6083333333 1.0435813093 
2.625 1.0564361887 
2.6416666667 1.0957012024 
2.6583333333 1.0923133127 
2.675 1.0941901167 
2.6916666667 1.102004172 
2.7083333333 1.1035506952 
2.725 1.1108968734 
2.7416666667 1.1057860046 
2.7583333333 1.1081455271 
2.775 1.076444449 
2.7916666667 1.112943531 
2.8083333333 1.1174493818 
2.825 1.0910835388 
2.8416666667 1.0735008966 
2.8583333333 1.0865370244 
2.875 1.0618201177 
2.8916666667 1.0787547187 
2.9083333333 1.0483109401 
2.925 1.0546014769 
2.9416666667 1.0454428621 
2.9583333333 1.0220721958 
2.975 1.0185992344 
2.9916666667 0.997318223 
3.0083333333 0.9856043528 
3.025 0.9773814599 
3.0416666667 0.9918141771 
3.0583333333 0.9661288578 
3.075 0.9462536654 
3.0916666667 0.9481676047 
3.1083333333 0.9469963639 
3.125 0.9339640057 
3.1416666667 0.9379510021 
3.1583333333 0.9357583965 
3.175 0.9381698828 
3.1916666667 0.9165612269 
3.2083333333 0.9084054391 
3.225 0.9379244732 
3.2416666667 0.9314123163 
3.2583333333 0.9335015452 
3.275 0.9271861141 
3.2916666667 0.9419311478 
3.3083333333 0.9585130031 
3.325 0.9376812316 
3.3416666667 0.9565818402 
3.3583333333 0.9802958807 
3.375 0.9770330775 
3.3916666667 0.9911467141 
3.4083333333 0.9969376555 
3.425 0.9923979098 
3.4416666667 0.997654064 
3.4583333333 1.0083286965 
3.475 1.0136567672 
3.4916666667 1.0458278387 
3.5083333333 1.0303026274 
3.525 1.0301852577 
3.5416666667 1.0646690072 
3.5583333333 1.0393439912 
3.575 1.033508285 
3.5916666667 1.0413663357 
3.6083333333 1.0588746687 
3.625 1.0631146864 
3.6416666667 1.0446930659 
3.6583333333 1.0517125099 
3.675 1.0378240505 
3.6916666667 1.0274606186 
3.7083333333 1.0533167695 
3.725 1.0445458249 
3.7416666667 1.0130127905 
3.7583333333 1.0493067688 
3.775 1.0152963598 
3.7916666667 1.0193196287 
3.8083333333 1.0156997662 
3.825 1.0251524835 
3.8416666667 0.9919378593 
3.8583333333 1.0014413533 
3.875 0.9997040895 
3.8916666667 0.9744081352 
3.9083333333 0.9800109668 
3.925 0.996815781 
3.9416666667 0.9843619932 
3.9583333333 0.961661562 
3.975 0.9763477213 
3.9916666667 0.966871507 
4.0083333333 0.9722149955 
4.025 0.9647228827 
4.0416666667 0.9753126079 
4.0583333333 0.9665557186 
4.075 0.9738680182 
4.0916666667 0.968651136 
4.1083333333 0.9735323034 
4.125 0.957192909 
4.1416666667 0.9713239313 
4.1583333333 0.9771358089 
4.175 0.9725203079 
4.1916666667 0.9903212555 
4.2083333333 0.9826345051 
4.225 0.9944571271 
4.2416666667 0.990427102 
4.2583333333 0.9777718269 
4.275 0.9994387489 
4.2916666667 0.9955098561 
4.3083333333 0.9939799577 
4.325 1.014265578 
4.3416666667 1.0122235362 
4.3583333333 1.0199026618 
4.375 1.0103751185 
4.3916666667 1.0216056555 
4.4083333333 1.0160282089 
4.425 1.0187159257 
4.4416666667 1.0299928427 
4.4583333333 1.0089106698 
4.475 1.027813556 
4.4916666667 1.0175855363 
4.5083333333 1.0345459199 
4.525 1.019885004 
4.5416666667 1.0248348551 
4.5583333333 1.0205579414 
4.575 1.0114555759 
4.5916666667 1.0146106891 
4.6083333333 0.9993601535 
4.625 1.0080236647 
4.6416666667 1.0087840482 
4.6583333333 1.0222409182 
4.675 1.006575171 
4.6916666667 1.0071392651 
4.7083333333 1.000984842 
4.725 1.0202073577 
4.7416666667 0.9915413654 
4.7583333333 0.9942594655 
4.775 0.9909113353 
4.7916666667 0.9949703871 
4.8083333333 0.9914528453 
4.825 0.9927075515 
4.8416666667 0.9993864483 
4.8583333333 0.9805689287 
4.875 0.9765180317 
4.8916666667 0.9799527925 
4.9083333333 0.9746123765 
4.925 0.9835611842 
4.9416666667 0.986504127 
4.9583333333 0.9899472891 
4.975 0.9920028906 
4.9916666667 0.9891700229 
