# Radial distribution function (300 data points):
# "Pair separation distance" g(r)
0.0083333333 0.0 
0.025 0.0 
0.0416666667 0.0 
0.0583333333 0.0 
0.075 0.0 
0.0916666667 0.0 
0.1083333333 0.0 
0.125 0.0 
0.1416666667 0.0 
0.1583333333 0.0 
0.175 0.0 
0.1916666667 0.0 
0.2083333333 0.0 
0.225 0.0 
0.2416666667 0.0 
0.2583333333 0.0 
0.275 0.0 
0.2916666667 0.0 
0.3083333333 0.0 
0.325 0.0 
0.3416666667 0.0 
0.3583333333 0.0 
0.375 0.0 
0.3916666667 0.0 
0.4083333333 0.0 
0.425 0.0 
0.4416666667 0.0 
0.4583333333 0.0 
0.475 0.0 
0.4916666667 0.0 
0.5083333333 0.0 
0.525 0.0 
0.5416666667 0.0 
0.5583333333 0.0 
0.575 0.0 
0.5916666667 0.0 
0.6083333333 0.0 
0.625 0.0 
0.6416666667 0.0 
0.6583333333 0.0 
0.675 0.0 
0.6916666667 0.0 
0.7083333333 0.0 
0.725 0.0 
0.7416666667 0.0 
0.7583333333 0.0 
0.775 0.0 
0.7916666667 0.0 
0.8083333333 0.0019221116 
0.825 0.0 
0.8416666667 0.0265932723 
0.8583333333 0.0630741039 
0.875 0.2017673279 
0.8916666667 0.4517761428 
0.9083333333 1.013786511 
0.925 1.4634399649 
0.9416666667 2.0508684182 
0.9583333333 2.4847675111 
0.975 2.7083764068 
0.9916666667 2.8249998993 
1.0083333333 2.9213794934 
1.025 2.7542296088 
1.0416666667 2.6077704533 
1.0583333333 2.3704239431 
1.075 2.1953345338 
1.0916666667 1.8189770682 
1.1083333333 1.7534368045 
1.125 1.6959148464 
1.1416666667 1.4819888895 
1.1583333333 1.3207705608 
1.175 1.1325602218 
1.1916666667 1.1090620423 
1.2083333333 1.0107236696 
1.225 0.9407243856 
1.2416666667 0.8846841109 
1.2583333333 0.7979491136 
1.275 0.7501837347 
1.2916666667 0.7249270823 
1.3083333333 0.716113893 
1.325 0.6488506914 
1.3416666667 0.6405054122 
1.3583333333 0.609227975 
1.375 0.5872412018 
1.3916666667 0.5706660005 
1.4083333333 0.6021982632 
1.425 0.5925237968 
1.4416666667 0.5915931111 
1.4583333333 0.5692901492 
1.475 0.6067209929 
1.4916666667 0.5887232506 
1.5083333333 0.6238128756 
1.525 0.6718175389 
1.5416666667 0.6589557112 
1.5583333333 0.7282034991 
1.575 0.7002159168 
1.5916666667 0.7386743611 
1.6083333333 0.7943323581 
1.625 0.8447095246 
1.6416666667 0.8313734038 
1.6583333333 0.8795973938 
1.675 0.907840832 
1.6916666667 0.9681605423 
1.7083333333 1.002725856 
1.725 1.026917368 
1.7416666667 1.0632529407 
1.7583333333 1.1195629313 
1.775 1.16560776 
1.7916666667 1.2031022196 
1.8083333333 1.1718097984 
1.825 1.2081996869 
1.8416666667 1.2364209842 
1.8583333333 1.2532568742 
1.875 1.2950232772 
1.8916666667 1.2877472985 
1.9083333333 1.3281198048 
1.925 1.3052217597 
1.9416666667 1.2682527938 
1.9583333333 1.285401418 
1.975 1.2547829127 
1.9916666667 1.237036558 
2.0083333333 1.2140990438 
2.025 1.163261678 
2.0416666667 1.1708619029 
2.0583333333 1.1089932131 
2.075 1.0973754033 
2.0916666667 1.025987966 
2.1083333333 1.0197202354 
2.125 0.9993372814 
2.1416666667 0.9778198994 
2.1583333333 0.943904125 
2.175 0.9308211259 
2.1916666667 0.9067821415 
2.2083333333 0.8565759864 
2.225 0.8889493231 
2.2416666667 0.8712810766 
2.2583333333 0.8441851725 
2.275 0.8454508583 
2.2916666667 0.8238713182 
2.3083333333 0.8256883785 
2.325 0.8250454347 
2.3416666667 0.8360184285 
2.3583333333 0.8515679609 
2.375 0.8556897735 
2.3916666667 0.87783865 
2.4083333333 0.843210465 
2.425 0.8519494136 
2.4416666667 0.8940790276 
2.4583333333 0.8832439964 
2.475 0.9195712125 
2.4916666667 0.9336092994 
2.5083333333 0.9278312374 
2.525 0.9597495238 
2.5416666667 0.9777275669 
2.5583333333 0.9776949251 
2.575 1.00902443 
2.5916666667 1.0243236798 
2.6083333333 1.0487502951 
2.625 1.0706532389 
2.6416666667 1.0483671984 
2.6583333333 1.0658319128 
2.675 1.086291728 
2.6916666667 1.1047778179 
2.7083333333 1.1068039866 
2.725 1.1002411939 
2.7416666667 1.1016088136 
2.7583333333 1.0990664262 
2.775 1.1051496343 
2.7916666667 1.1089146303 
2.8083333333 1.0816183841 
2.825 1.0936015449 
2.8416666667 1.0829885168 
2.8583333333 1.098066492 
2.875 1.0954008627 
2.8916666667 1.0877668717 
2.9083333333 1.0578140421 
2.925 1.0631157984 
2.9416666667 1.0232364539 
2.9583333333 1.0174799029 
2.975 1.0027057941 
2.9916666667 1.0077025692 
3.0083333333 0.9899064838 
3.025 0.9924793339 
3.0416666667 0.983533221 
3.0583333333 0.9615634122 
3.075 0.9679043318 
3.0916666667 0.9507955637 
3.1083333333 0.9417966584 
3.125 0.9529982488 
3.1416666667 0.9505486346 
3.1583333333 0.9169979012 
3.175 0.9359272456 
3.1916666667 0.9392471653 
3.2083333333 0.9239014083 
3.225 0.9432378087 
3.2416666667 0.9302171253 
3.2583333333 0.9419008114 
3.275 0.9339778285 
3.2916666667 0.9532908885 
3.3083333333 0.9278745532 
3.325 0.969603745 
3.3416666667 0.936224249 
3.3583333333 0.9632579085 
3.375 0.965565812 
3.3916666667 0.9845958436 
3.4083333333 0.974449527 
3.425 0.9791216836 
3.4416666667 1.0051823282 
3.4583333333 1.0364720094 
3.475 0.9936873336 
3.4916666667 1.0090507959 
3.5083333333 1.0316291535 
3.525 1.036553161 
3.5416666667 1.0461451883 
3.5583333333 1.0382528684 
3.575 1.0343927173 
3.5916666667 1.0502261278 
3.6083333333 1.039774989 
3.625 1.047917776 
3.6416666667 1.0518906611 
3.6583333333 1.0527447966 
3.675 1.0439617196 
3.6916666667 1.0343724086 
3.7083333333 1.0456449922 
3.725 1.035765847 
3.7416666667 1.0610079944 
3.7583333333 1.0411264262 
3.775 1.0238452962 
3.7916666667 1.0331225514 
3.8083333333 1.0119760822 
3.825 1.0063525845 
3.8416666667 1.0230848442 
3.8583333333 0.9974760843 
3.875 0.9797133534 
3.8916666667 0.9938962979 
3.9083333333 0.9744198312 
3.925 0.9990169772 
3.9416666667 0.9839578042 
3.9583333333 0.9788154817 
3.975 0.9990812106 
3.9916666667 0.9678962363 
4.0083333333 0.9678374093 
4.025 0.9725529222 
4.0416666667 0.9620880302 
4.0583333333 0.9763928538 
4.075 0.9632792078 
4.0916666667 0.9521468571 
4.1083333333 0.9642308024 
4.125 0.9704052417 
4.1416666667 0.9782065221 
4.1583333333 0.971397778 
4.175 0.9707909986 
4.1916666667 0.9884627054 
4.2083333333 0.982279917 
4.225 0.9860843807 
4.2416666667 0.9876348068 
4.2583333333 0.9775640409 
4.275 0.9860377617 
4.2916666667 1.0039654505 
4.3083333333 0.9987840813 
4.325 1.0074169689 
4.3416666667 1.0040948322 
4.3583333333 1.0143485727 
4.375 1.011818699 
4.3916666667 1.0242755836 
4.4083333333 1.0179024419 
4.425 1.0298126299 
4.4416666667 1.0226716748 
4.4583333333 1.0255289141 
4.475 1.0092491911 
4.4916666667 1.0272969852 
4.5083333333 1.0186650036 
4.525 1.0311100569 
4.5416666667 1.0092470871 
4.5583333333 1.0139089617 
4.575 1.0157759841 
4.5916666667 1.0195550696 
4.6083333333 1.0189948778 
4.625 1.0163612323 
4.6416666667 1.0139139526 
4.6583333333 1.0104916878 
4.675 0.9951968949 
4.6916666667 1.0071963235 
4.7083333333 0.9992285294 
4.725 0.9986049521 
4.7416666667 1.0013729869 
4.7583333333 1.0111226031 
4.775 0.9943265614 
4.7916666667 0.9854522802 
4.8083333333 0.9938430664 
4.825 0.9942720599 
4.8416666667 0.9871171352 
4.8583333333 0.9839212102 
4.875 0.9905754945 
4.8916666667 0.9965390315 
4.9083333333 0.9777924436 
4.925 0.9870822245 
4.9416666667 0.9806409566 
4.9583333333 0.9960265402 
4.975 0.9823614487 
4.9916666667 0.9790887956 
