# Radial distribution function (300 data points):
# "Pair separation distance" g(r)
0.0083333333 0.0 
0.025 0.0 
0.0416666667 0.0 
0.0583333333 0.0 
0.075 0.0 
0.0916666667 0.0 
0.1083333333 0.0 
0.125 0.0 
0.1416666667 0.0 
0.1583333333 0.0 
0.175 0.0 
0.1916666667 0.0 
0.2083333333 0.0 
0.225 0.0 
0.2416666667 0.0 
0.2583333333 0.0 
0.275 0.0 
0.2916666667 0.0 
0.3083333333 0.0 
0.325 0.0 
0.3416666667 0.0 
0.3583333333 0.0 
0.375 0.0 
0.3916666667 0.0 
0.4083333333 0.0 
0.425 0.0 
0.4416666667 0.0 
0.4583333333 0.0 
0.475 0.0 
0.4916666667 0.0 
0.5083333333 0.0 
0.525 0.0 
0.5416666667 0.0 
0.5583333333 0.0 
0.575 0.0 
0.5916666667 0.0 
0.6083333333 0.0 
0.625 0.0 
0.6416666667 0.0 
0.6583333333 0.0 
0.675 0.0 
0.6916666667 0.0 
0.7083333333 0.0 
0.725 0.0 
0.7416666667 0.0 
0.7583333333 0.0 
0.775 0.0 
0.7916666667 0.0 
0.8083333333 0.0 
0.825 0.0018452376 
0.8416666667 0.0141830785 
0.8583333333 0.0664835149 
0.875 0.2034077126 
0.8916666667 0.5623507232 
0.9083333333 0.9574650382 
0.925 1.4326152515 
0.9416666667 2.0876934036 
0.9583333333 2.4464772028 
0.975 2.6912013369 
0.9916666667 2.7969031553 
1.0083333333 2.8324410902 
1.025 2.6992406496 
1.0416666667 2.5950383295 
1.0583333333 2.3244507257 
1.075 2.2811916765 
1.0916666667 1.9528183704 
1.1083333333 1.8597676661 
1.125 1.6244661226 
1.1416666667 1.4839160532 
1.1583333333 1.3179624023 
1.175 1.1898704981 
1.1916666667 1.1179062372 
1.2083333333 1.0330886189 
1.225 0.9290071779 
1.2416666667 0.8358065357 
1.2583333333 0.8122265331 
1.275 0.757137034 
1.2916666667 0.7181520629 
1.3083333333 0.6816289002 
1.325 0.6502814536 
1.3416666667 0.6237601726 
1.3583333333 0.5874455223 
1.375 0.6071702018 
1.3916666667 0.6264356323 
1.4083333333 0.6097969794 
1.425 0.5714947685 
1.4416666667 0.5734646194 
1.4583333333 0.5793294984 
1.475 0.5888253213 
1.4916666667 0.6163813899 
1.5083333333 0.6144280802 
1.525 0.6048518035 
1.5416666667 0.6335909364 
1.5583333333 0.69768929 
1.575 0.7381885804 
1.5916666667 0.7436319071 
1.6083333333 0.7841361603 
1.625 0.8038057976 
1.6416666667 0.8122667281 
1.6583333333 0.9015188242 
1.675 0.9270899226 
1.6916666667 0.9585052694 
1.7083333333 1.029838186 
1.725 0.9893523677 
1.7416666667 1.0963760853 
1.7583333333 1.1329684381 
1.775 1.1157784269 
1.7916666667 1.2046672307 
1.8083333333 1.1937020169 
1.825 1.2523193384 
1.8416666667 1.24382692 
1.8583333333 1.2739868922 
1.875 1.3089559414 
1.8916666667 1.2912571031 
1.9083333333 1.3243261622 
1.925 1.3181011227 
1.9416666667 1.3115606119 
1.9583333333 1.2821265099 
1.975 1.2412594633 
1.9916666667 1.2288044232 
2.0083333333 1.210051009 
2.025 1.1522355009 
2.0416666667 1.1681501795 
2.0583333333 1.1276691213 
2.075 1.0810402033 
2.0916666667 1.0538337502 
2.1083333333 1.0256537696 
2.125 0.9940527257 
2.1416666667 0.9408538713 
2.1583333333 0.9274579235 
2.175 0.9244492756 
2.1916666667 0.9018141886 
2.2083333333 0.8998426027 
2.225 0.8569836797 
2.2416666667 0.8577844678 
2.2583333333 0.8496029303 
2.275 0.828221521 
2.2916666667 0.8221972691 
2.3083333333 0.8301668482 
2.325 0.8301569524 
2.3416666667 0.8266275366 
2.3583333333 0.840276951 
2.375 0.8539084781 
2.3916666667 0.8569795525 
2.4083333333 0.8393127279 
2.425 0.873947606 
2.4416666667 0.87954287 
2.4583333333 0.8803344867 
2.475 0.9109598433 
2.4916666667 0.9336092994 
2.5083333333 0.95996997 
2.525 0.98240371 
2.5416666667 0.9588690316 
2.5583333333 1.0014896593 
2.575 1.0067514258 
2.5916666667 1.001885045 
2.6083333333 1.0125673945 
2.625 1.0597170465 
2.6416666667 1.0728440978 
2.6583333333 1.084493302 
2.675 1.1215711976 
2.6916666667 1.0827620038 
2.7083333333 1.1080025676 
2.725 1.0878941366 
2.7416666667 1.1134720361 
2.7583333333 1.1045138867 
2.775 1.1234165704 
2.7916666667 1.0995675807 
2.8083333333 1.1109201778 
2.825 1.0910835388 
2.8416666667 1.0878100943 
2.8583333333 1.1135928417 
2.875 1.0840046822 
2.8916666667 1.0677899325 
2.9083333333 1.0515776314 
2.925 1.0393344176 
2.9416666667 1.043701183 
2.9583333333 1.0335529282 
2.975 1.0069629656 
2.9916666667 1.0070009242 
3.0083333333 1.0040618829 
3.025 0.9850676503 
3.0416666667 0.9721299373 
3.0583333333 0.9556551884 
3.075 0.9571454117 
3.0916666667 0.9507955637 
3.1083333333 0.9363369676 
3.125 0.966245053 
3.1416666667 0.9308250686 
3.1583333333 0.9326106624 
3.175 0.9227206045 
3.1916666667 0.9175475721 
3.2083333333 0.9221931912 
3.225 0.9236750734 
3.2416666667 0.9470693179 
3.2583333333 0.9322002505 
3.275 0.9353830108 
3.2916666667 0.9407719906 
3.3083333333 0.9507099522 
3.325 0.9502911924 
3.3416666667 0.9624304299 
3.3583333333 0.9702735441 
3.375 0.9612655874 
3.3916666667 0.9863427424 
3.4083333333 0.9821257632 
3.425 0.9856527304 
3.4416666667 1.0065607428 
3.4583333333 1.0122141539 
3.475 1.0038800653 
3.4916666667 1.007505542 
3.5083333333 1.0480576692 
3.525 1.022200109 
3.5416666667 1.0335289657 
3.5583333333 1.0393439912 
3.575 1.0654461183 
3.5916666667 1.0552888662 
3.6083333333 1.0625402638 
3.625 1.0464841052 
3.6416666667 1.0450718867 
3.6583333333 1.0466449204 
3.675 1.062095742 
3.6916666667 1.0448783293 
3.7083333333 1.0419917648 
3.725 1.0247229882 
3.7416666667 1.0156143997 
3.7583333333 1.031256665 
3.775 1.0359195671 
3.7916666667 1.0416838578 
3.8083333333 1.0102441361 
3.825 1.0054082973 
3.8416666667 1.0076815539 
3.8583333333 1.0090344217 
3.875 0.9894996133 
3.8916666667 0.9875108148 
3.9083333333 0.9875754445 
3.925 0.9821411396 
3.9416666667 0.9664968376 
3.9583333333 0.9825027728 
3.975 0.9748374546 
3.9916666667 0.9779070533 
4.0083333333 0.9727621938 
4.025 0.9829412914 
4.0416666667 0.973467318 
4.0583333333 0.9641154991 
4.075 0.9476985297 
4.0916666667 0.9718769724 
4.1083333333 0.9864055808 
4.125 0.9645741005 
4.1416666667 0.9761563886 
4.1583333333 0.984399139 
4.175 0.9883002551 
4.1916666667 0.9785980935 
4.2083333333 0.9734861325 
4.225 0.9904466519 
4.2416666667 0.9916836348 
4.2583333333 0.9828279538 
4.275 0.9887866822 
4.2916666667 0.9877361645 
4.3083333333 0.9945889311 
4.325 0.9996283547 
4.3416666667 1.0105578182 
4.3583333333 1.0141502124 
4.375 1.0162150578 
4.3916666667 1.0146377944 
4.4083333333 1.0208753634 
4.425 1.0147390722 
4.4416666667 1.0178333376 
4.4583333333 1.0199684369 
4.475 1.0224198554 
4.4916666667 1.0253048931 
4.5083333333 1.0221872301 
4.525 1.0222772284 
4.5416666667 1.0187458832 
4.5583333333 1.0119142677 
4.575 1.0189562846 
4.5916666667 1.0231293205 
4.6083333333 1.016037841 
4.625 1.0084346716 
4.6416666667 1.0111741173 
4.6583333333 1.0108389557 
4.675 1.0120344449 
4.6916666667 1.0016045923 
4.7083333333 0.99588587 
4.725 1.0007989464 
4.7416666667 0.9918765344 
4.7583333333 1.0014152048 
4.775 1.0008265079 
4.7916666667 0.9988542124 
4.8083333333 0.9949295305 
4.825 0.9904956603 
4.8416666667 0.981384312 
4.8583333333 0.9933927355 
4.875 0.9940634363 
4.8916666667 0.9874061024 
4.9083333333 0.9873847772 
4.925 0.9772440236 
4.9416666667 0.987635616 
4.9583333333 0.9874951542 
4.975 0.9903283244 
4.9916666667 0.9897748965 
