# Radial distribution function (300 data points):
# "Pair separation distance" g(r)
0.0083333333 0.0 
0.025 0.0 
0.0416666667 0.0 
0.0583333333 0.0 
0.075 0.0 
0.0916666667 0.0 
0.1083333333 0.0 
0.125 0.0 
0.1416666667 0.0 
0.1583333333 0.0 
0.175 0.0 
0.1916666667 0.0 
0.2083333333 0.0 
0.225 0.0 
0.2416666667 0.0 
0.2583333333 0.0 
0.275 0.0 
0.2916666667 0.0 
0.3083333333 0.0 
0.325 0.0 
0.3416666667 0.0 
0.3583333333 0.0 
0.375 0.0 
0.3916666667 0.0 
0.4083333333 0.0 
0.425 0.0 
0.4416666667 0.0 
0.4583333333 0.0 
0.475 0.0 
0.4916666667 0.0 
0.5083333333 0.0 
0.525 0.0 
0.5416666667 0.0 
0.5583333333 0.0 
0.575 0.0 
0.5916666667 0.0 
0.6083333333 0.0 
0.625 0.0 
0.6416666667 0.0 
0.6583333333 0.0 
0.675 0.0 
0.6916666667 0.0 
0.7083333333 0.0 
0.725 0.0 
0.7416666667 0.0 
0.7583333333 0.0 
0.775 0.0 
0.7916666667 0.0 
0.8083333333 0.0 
0.825 0.0 
0.8416666667 0.0248203874 
0.8583333333 0.0477317543 
0.875 0.1804423257 
0.8916666667 0.4549354165 
0.9083333333 0.9011435653 
0.925 1.442890156 
0.9416666667 2.0140434327 
0.9583333333 2.4642548459 
0.975 2.7136610437 
0.9916666667 2.8492652692 
1.0083333333 2.9263205158 
1.025 2.8175864531 
1.0416666667 2.5869360688 
1.0583333333 2.459006484 
1.075 2.160556957 
1.0916666667 2.0350201151 
1.1083333333 1.8526107812 
1.125 1.6304201829 
1.1416666667 1.4347733787 
1.1583333333 1.2103163254 
1.175 1.2735616952 
1.1916666667 1.1214439152 
1.2083333333 1.0150246214 
1.225 0.9030619324 
1.2416666667 0.856172192 
1.2583333333 0.755910045 
1.275 0.7779969319 
1.2916666667 0.703849244 
1.3083333333 0.6874986862 
1.325 0.6338276875 
1.3416666667 0.6412031305 
1.3583333333 0.6248841129 
1.375 0.5653193017 
1.3916666667 0.58169023 
1.4083333333 0.5699037191 
1.425 0.5820092827 
1.4416666667 0.5855502805 
1.4583333333 0.5964554468 
1.475 0.5842070835 
1.4916666667 0.6124302272 
1.5083333333 0.6210526417 
1.525 0.63131407 
1.5416666667 0.6605410096 
1.5583333333 0.6676922708 
1.575 0.7224932128 
1.5916666667 0.745119171 
1.6083333333 0.7622871652 
1.625 0.819025789 
1.6416666667 0.8565382939 
1.6583333333 0.896495163 
1.675 0.9400718675 
1.6916666667 0.9339282112 
1.7083333333 1.0711522127 
1.725 1.0332485478 
1.7416666667 1.0889233777 
1.7583333333 1.0805650933 
1.775 1.1560405281 
1.7916666667 1.2273598904 
1.8083333333 1.2098331252 
1.825 1.2081996869 
1.8416666667 1.2823377863 
1.8583333333 1.2608942493 
1.875 1.2943087816 
1.8916666667 1.312666911 
1.9083333333 1.2988052934 
1.925 1.2584493362 
1.9416666667 1.2985682665 
1.9583333333 1.2592021534 
1.975 1.2615446374 
1.9916666667 1.2471684162 
2.0083333333 1.2159673675 
2.025 1.1274266026 
2.0416666667 1.1395264325 
2.0583333333 1.1214438186 
2.075 1.0661635032 
2.0916666667 1.0414897428 
2.1083333333 1.0595596794 
2.125 1.004621837 
2.1416666667 0.9586523293 
2.1583333333 0.9185607981 
2.175 0.9249802632 
2.1916666667 0.9143648065 
2.2083333333 0.8885108699 
2.225 0.861042809 
2.2416666667 0.8555350331 
2.2583333333 0.8363047975 
2.275 0.860496195 
2.2916666667 0.8413292591 
2.3083333333 0.8348810267 
2.325 0.8257424598 
2.3416666667 0.844722182 
2.3583333333 0.81611419 
2.375 0.8438886915 
2.3916666667 0.8510511774 
2.4083333333 0.8601006592 
2.425 0.8564344819 
2.4416666667 0.8888123038 
2.4583333333 0.9129625591 
2.475 0.8918918115 
2.4916666667 0.9340138971 
2.5083333333 0.9561772003 
2.525 0.943793097 
2.5416666667 0.9709229408 
2.5583333333 0.9849868598 
2.575 1.0184952806 
2.5916666667 1.0269415205 
2.6083333333 1.0555807406 
2.625 1.0651851427 
2.6416666667 1.081123049 
2.6583333333 1.0852042121 
2.675 1.0943656365 
2.6916666667 1.083802121 
2.7083333333 1.1061190831 
2.725 1.08840155 
2.7416666667 1.1149758248 
2.7583333333 1.1130977639 
2.775 1.1199915199 
2.7916666667 1.1024683892 
2.8083333333 1.1274820612 
2.825 1.0824278926 
2.8416666667 1.0792556826 
2.8583333333 1.0559455038 
2.875 1.0738240944 
2.8916666667 1.0725964141 
2.9083333333 1.0594473878 
2.925 1.0406556055 
2.9416666667 1.024978133 
2.9583333333 1.0280995803 
2.975 1.0078143999 
2.9916666667 1.0006861191 
3.0083333333 0.9930983875 
3.025 1.0007145378 
3.0416666667 0.9699578833 
3.0583333333 0.9639804128 
3.075 0.9373543117 
3.0916666667 0.9444884621 
3.1083333333 0.9644153773 
3.125 0.9347356642 
3.1416666667 0.9375692557 
3.1583333333 0.9295888377 
3.175 0.9108844639 
3.1916666667 0.9445487704 
3.2083333333 0.9352488503 
3.225 0.9247618921 
3.2416666667 0.9217312695 
3.2583333333 0.9471059905 
3.275 0.9496690308 
3.2916666667 0.9579275173 
3.3083333333 0.967693063 
3.325 0.9644915987 
3.3416666667 0.9638925773 
3.3583333333 0.9708303406 
3.375 0.9905953243 
3.3916666667 0.9826305824 
3.4083333333 0.9867747513 
3.425 1.0032116102 
3.4416666667 1.0069848704 
3.4583333333 0.9999277075 
3.475 1.0124086776 
3.4916666667 1.0183223193 
3.5083333333 1.023057754 
3.525 1.0095653801 
3.5416666667 1.0366329569 
3.5583333333 1.0515447271 
3.575 1.0338030958 
3.5916666667 1.0653169826 
3.6083333333 1.0450804556 
3.625 1.0247878871 
3.6416666667 1.0538794703 
3.6583333333 1.0434542159 
3.675 1.0439617196 
3.6916666667 1.0407312553 
3.7083333333 1.0440010399 
3.725 1.0305159633 
3.7416666667 1.0138201865 
3.7583333333 1.0171188991 
3.775 1.0261367637 
3.7916666667 1.0187954671 
3.8083333333 1.0294687374 
3.825 0.9930467199 
3.8416666667 1.0050434213 
3.8583333333 0.9987415957 
3.875 0.9803824994 
3.8916666667 0.9977939305 
3.9083333333 0.9757353925 
3.925 0.993391698 
3.9416666667 0.9893739373 
3.9583333333 0.9864305395 
3.975 0.9810374971 
3.9916666667 0.9886272983 
4.0083333333 0.9867548354 
4.025 0.9761966039 
4.0416666667 0.9710838186 
4.0583333333 0.96968225 
4.075 0.9865745907 
4.0916666667 0.9700765056 
4.1083333333 0.9752437796 
4.125 0.9667884579 
4.1416666667 0.9836979509 
4.1583333333 0.9867234047 
4.175 0.9696381257 
4.1916666667 0.989963842 
4.2083333333 0.991924713 
4.225 0.9757415763 
4.2416666667 0.9845632821 
4.2583333333 0.9792955912 
4.275 0.9863126538 
4.2916666667 0.9955780464 
4.3083333333 1.0018966122 
4.325 1.0166827342 
4.3416666667 0.9977651037 
4.3583333333 1.0107780869 
4.375 0.9990889437 
4.3916666667 1.0156145974 
4.4083333333 1.0182255856 
4.425 1.0195497821 
4.4416666667 1.0257274666 
4.4583333333 1.0241387948 
4.475 1.0155836534 
4.4916666667 1.0129788234 
4.5083333333 1.0265127716 
4.525 1.0144258252 
4.5416666667 1.0115000067 
4.5583333333 1.0139694069 
4.575 1.0169160919 
4.5916666667 1.0110364382 
4.6083333333 1.0119571303 
4.625 1.006086061 
4.6416666667 1.0059859185 
4.6583333333 1.006671741 
4.675 1.0085290164 
4.6916666667 1.0053704521 
4.7083333333 1.0078401264 
4.725 0.9967484954 
4.7416666667 1.0088584259 
4.7583333333 1.0014706757 
4.775 1.0050129141 
4.7916666667 0.9771923138 
4.8083333333 0.9935714504 
4.825 0.9915746316 
4.8416666667 0.9758658001 
4.8583333333 1.0010018823 
4.875 1.0014621009 
4.8916666667 0.981842364 
4.9083333333 0.992180944 
4.925 0.9890498646 
4.9416666667 0.9905157698 
4.9583333333 0.9861158283 
4.975 0.9943371345 
4.9916666667 0.9828692558 
