# Radial distribution function (300 data points):
# "Pair separation distance" g(r)
0.0083333333 0.0 
0.025 0.0 
0.0416666667 0.0 
0.0583333333 0.0 
0.075 0.0 
0.0916666667 0.0 
0.1083333333 0.0 
0.125 0.0 
0.1416666667 0.0 
0.1583333333 0.0 
0.175 0.0 
0.1916666667 0.0 
0.2083333333 0.0 
0.225 0.0 
0.2416666667 0.0 
0.2583333333 0.0 
0.275 0.0 
0.2916666667 0.0 
0.3083333333 0.0 
0.325 0.0 
0.3416666667 0.0 
0.3583333333 0.0 
0.375 0.0 
0.3916666667 0.0 
0.4083333333 0.0 
0.425 0.0 
0.4416666667 0.0 
0.4583333333 0.0 
0.475 0.0 
0.4916666667 0.0 
0.5083333333 0.0 
0.525 0.0 
0.5416666667 0.0 
0.5583333333 0.0 
0.575 0.0 
0.5916666667 0.0 
0.6083333333 0.0 
0.625 0.0 
0.6416666667 0.0 
0.6583333333 0.0 
0.675 0.0 
0.6916666667 0.0 
0.7083333333 0.0 
0.725 0.0 
0.7416666667 0.0 
0.7583333333 0.0 
0.775 0.0 
0.7916666667 0.0 
0.8083333333 0.0 
0.825 0.0 
0.8416666667 0.0141830785 
0.8583333333 0.0426176377 
0.875 0.2050480974 
0.8916666667 0.4849485169 
0.9083333333 0.9620316441 
0.925 1.5691246966 
0.9416666667 1.9843001753 
0.9583333333 2.3753666301 
0.975 2.7070552476 
0.9916666667 2.7777462844 
1.0083333333 2.9028506594 
1.025 2.7542296088 
1.0416666667 2.6702736066 
1.0583333333 2.4186397565 
1.075 2.2431537019 
1.0916666667 1.9907576372 
1.1083333333 1.8004677625 
1.125 1.677060322 
1.1416666667 1.4800617258 
1.1583333333 1.2992413454 
1.175 1.1944189327 
1.1916666667 1.0728008432 
1.2083333333 1.074377756 
1.225 0.9080835928 
1.2416666667 0.8007776068 
1.2583333333 0.7812921241 
1.275 0.7664080997 
1.2916666667 0.7136353832 
1.3083333333 0.6544811399 
1.325 0.6095047288 
1.3416666667 0.6419008488 
1.3583333333 0.5792771025 
1.375 0.5839197018 
1.3916666667 0.5823387141 
1.4083333333 0.5699037191 
1.425 0.5974718035 
1.4416666667 0.568630355 
1.4583333333 0.5746050988 
1.475 0.59171172 
1.4916666667 0.6039634498 
1.5083333333 0.6276772032 
1.525 0.6496756426 
1.5416666667 0.6642400393 
1.5583333333 0.69665491 
1.575 0.6885709666 
1.5916666667 0.7758559564 
1.6083333333 0.7384960371 
1.625 0.8180745396 
1.6416666667 0.8709848048 
1.6583333333 0.9079125747 
1.675 0.9561873852 
1.6916666667 0.9822045755 
1.7083333333 0.9967008938 
1.725 1.0547745592 
1.7416666667 1.0897514564 
1.7583333333 1.1293123907 
1.775 1.163215952 
1.7916666667 1.1808008126 
1.8083333333 1.2213553455 
1.825 1.2221520553 
1.8416666667 1.2549358237 
1.8583333333 1.2928984875 
1.875 1.2607274883 
1.8916666667 1.3186335788 
1.9083333333 1.2977706636 
1.925 1.2506539323 
1.9416666667 1.2879078805 
1.9583333333 1.2745942214 
1.975 1.2560708603 
1.9916666667 1.2205722885 
2.0083333333 1.2016435522 
2.025 1.1865391628 
2.0416666667 1.1660410613 
2.0583333333 1.1416019416 
2.075 1.0813319033 
2.0916666667 1.0383319734 
2.1083333333 1.0132216027 
2.125 0.9829273455 
2.1416666667 0.9841178153 
2.1583333333 0.9339285602 
2.175 0.9257767444 
2.1916666667 0.8780203089 
2.2083333333 0.8756339008 
2.225 0.8681462853 
2.2416666667 0.8557849703 
2.2583333333 0.8390136764 
2.275 0.8515175263 
2.2916666667 0.8305675147 
2.3083333333 0.8294597214 
2.325 0.8036699968 
2.3416666667 0.8385379361 
2.3583333333 0.8233404363 
2.375 0.8216224991 
2.3916666667 0.8530273024 
2.4083333333 0.8406119736 
2.425 0.8666860667 
2.4416666667 0.8736441393 
2.4583333333 0.8919725253 
2.475 0.9236718645 
2.4916666667 0.9435219442 
2.5083333333 0.9461962274 
2.525 0.9782668586 
2.5416666667 0.9856987004 
2.5583333333 1.0003383012 
2.575 1.0137598553 
2.5916666667 1.0596645296 
2.6083333333 1.0232745794 
2.625 1.0788553832 
2.6416666667 1.0501669704 
2.6583333333 1.0836046644 
2.675 1.1034926635 
2.6916666667 1.1087649338 
2.7083333333 1.0900238519 
2.725 1.1342378856 
2.7416666667 1.1286770114 
2.7583333333 1.113427913 
2.775 1.1035186579 
2.7916666667 1.1137493112 
2.8083333333 1.1039132271 
2.825 1.1057194495 
2.8416666667 1.0750562442 
2.8583333333 1.0899190016 
2.875 1.0668344371 
2.8916666667 1.0592283871 
2.9083333333 1.0576655561 
2.925 1.026709734 
2.9416666667 1.0167051574 
2.9583333333 1.0262339613 
2.975 1.0100848914 
2.9916666667 0.9894597988 
3.0083333333 0.984355347 
3.025 0.9775187133 
3.0416666667 0.9688718562 
3.0583333333 0.9673373581 
3.075 0.9639195465 
3.0916666667 0.9385755544 
3.1083333333 0.930097321 
3.125 0.9457961028 
3.1416666667 0.9454586821 
3.1583333333 0.9318552062 
3.175 0.913127101 
3.1916666667 0.9428226664 
3.2083333333 0.9375671449 
3.225 0.9293506818 
3.2416666667 0.9284243389 
3.2583333333 0.9265218733 
3.275 0.9408866415 
3.2916666667 0.9400764963 
3.3083333333 0.9398086311 
3.325 0.9488143501 
3.3416666667 0.9822256567 
3.3583333333 0.98831375 
3.375 0.9929108298 
3.3916666667 0.9646156884 
3.4083333333 1.0080736037 
3.425 0.9755884944 
3.4416666667 1.0095296358 
3.4583333333 1.0231354395 
3.475 1.0145928344 
3.4916666667 1.0353201122 
3.5083333333 1.023057754 
3.525 1.0370585502 
3.5416666667 1.042240167 
3.5583333333 1.0411294647 
3.575 1.0410750947 
3.5916666667 1.0551915059 
3.6083333333 1.0461415489 
3.625 1.0565198008 
3.6416666667 1.0458295283 
3.6583333333 1.0390435361 
3.675 1.0567950277 
3.6916666667 1.0369528101 
3.7083333333 1.0352332943 
3.725 1.046084584 
3.7416666667 1.0231500953 
3.7583333333 1.0281445782 
3.775 1.0266655639 
3.7916666667 1.0166114604 
3.8083333333 1.0233203289 
3.825 1.0014594601 
3.8416666667 0.9918527582 
3.8583333333 1.0137589976 
3.875 0.9903360458 
3.8916666667 0.9843595375 
3.9083333333 0.9903710123 
3.925 0.9871957383 
3.9416666667 0.9841194798 
3.9583333333 0.9736853375 
3.975 0.964901489 
3.9916666667 0.964743223 
4.0083333333 0.9667430127 
4.025 0.9664284359 
4.0416666667 0.9617035948 
4.0583333333 0.9739526342 
4.075 0.9666071197 
4.0916666667 0.972477128 
4.1083333333 0.9652725705 
4.125 0.9775649974 
4.1416666667 0.978060084 
4.1583333333 0.9686377125 
4.175 0.9734570171 
4.1916666667 0.9839592956 
4.2083333333 0.9838401046 
4.225 0.9808777989 
4.2416666667 0.9984549507 
4.2583333333 0.9923861115 
4.275 1.0023251153 
4.2916666667 1.0043745922 
4.3083333333 1.0070390544 
4.325 1.0092969793 
4.3416666667 1.0076261544 
4.3583333333 1.0039677158 
4.375 1.0172649346 
4.3916666667 1.0123585875 
4.4083333333 1.0222971953 
4.425 1.0298767727 
4.4416666667 1.0194248959 
4.4583333333 1.0212953689 
4.475 1.0141411521 
4.4916666667 1.0450390553 
4.5083333333 1.0197772856 
4.525 1.021295803 
4.5416666667 1.025078414 
4.5583333333 1.0019407982 
4.575 1.0191363017 
4.5916666667 0.9997775479 
4.6083333333 1.0023763311 
4.625 1.0099025532 
4.6416666667 1.0167120823 
4.6583333333 1.0235142338 
4.675 0.9983575271 
4.6916666667 1.0115898267 
4.7083333333 1.0016080496 
4.725 1.002824172 
4.7416666667 0.9919882573 
4.7583333333 0.9847184798 
4.775 0.9975765346 
4.7916666667 1.0014251953 
4.8083333333 0.9885193921 
4.825 0.9916285802 
4.8416666667 0.9911354692 
4.8583333333 0.9991927145 
4.875 0.9892543044 
4.8916666667 0.9926549122 
4.9083333333 0.9741953185 
4.925 0.9895158847 
4.9416666667 0.990052888 
4.9583333333 0.9875973265 
4.975 0.978048172 
4.9916666667 0.9856919994 
