# Radial distribution function (300 data points):
# "Pair separation distance" g(r)
0.0083333333 0.0 
0.025 0.0 
0.0416666667 0.0 
0.0583333333 0.0 
0.075 0.0 
0.0916666667 0.0 
0.1083333333 0.0 
0.125 0.0 
0.1416666667 0.0 
0.1583333333 0.0 
0.175 0.0 
0.1916666667 0.0 
0.2083333333 0.0 
0.225 0.0 
0.2416666667 0.0 
0.2583333333 0.0 
0.275 0.0 
0.2916666667 0.0 
0.3083333333 0.0 
0.325 0.0 
0.3416666667 0.0 
0.3583333333 0.0 
0.375 0.0 
0.3916666667 0.0 
0.4083333333 0.0 
0.425 0.0 
0.4416666667 0.0 
0.4583333333 0.0 
0.475 0.0 
0.4916666667 0.0 
0.5083333333 0.0 
0.525 0.0 
0.5416666667 0.0 
0.5583333333 0.0 
0.575 0.0 
0.5916666667 0.0 
0.6083333333 0.0 
0.625 0.0 
0.6416666667 0.0 
0.6583333333 0.0 
0.675 0.0 
0.6916666667 0.0 
0.7083333333 0.0 
0.725 0.0 
0.7416666667 0.0 
0.7583333333 0.0 
0.775 0.0 
0.7916666667 0.0 
0.8083333333 0.0 
0.825 0.0018452376 
0.8416666667 0.0159559634 
0.8583333333 0.0477317543 
0.875 0.193565404 
0.8916666667 0.4928467012 
0.9083333333 0.8874437476 
0.925 1.439954469 
0.9416666667 1.9772184473 
0.9583333333 2.4615198239 
0.975 2.6528877194 
0.9916666667 2.887579011 
1.0083333333 2.8843218254 
1.025 2.709999359 
1.0416666667 2.7293043626 
1.0583333333 2.3872434129 
1.075 2.2322857091 
1.0916666667 1.980218952 
1.1083333333 1.8597676661 
1.125 1.5986651946 
1.1416666667 1.4733166528 
1.1583333333 1.3385555648 
1.175 1.2353548443 
1.1916666667 1.1479764999 
1.2083333333 1.0322284285 
1.225 0.9290071779 
1.2416666667 0.8822402321 
1.2583333333 0.8296767125 
1.275 0.7517289123 
1.2916666667 0.6835241856 
1.3083333333 0.6654869886 
1.325 0.6173739213 
1.3416666667 0.6209692994 
1.3583333333 0.6105893783 
1.375 0.5918913018 
1.3916666667 0.5797447778 
1.4083333333 0.5648379083 
1.425 0.5591247519 
1.4416666667 0.5595661091 
1.4583333333 0.5899593974 
1.475 0.5894026011 
1.4916666667 0.5926744134 
1.5083333333 0.6050432847 
1.525 0.6226733299 
1.5416666667 0.643102727 
1.5583333333 0.6775188806 
1.575 0.7032537299 
1.5916666667 0.6990139927 
1.6083333333 0.781222961 
1.625 0.8133182923 
1.6416666667 0.8621304916 
1.6583333333 0.9184165934 
1.675 0.9678263702 
1.6916666667 0.9690382944 
1.7083333333 1.0031562105 
1.725 1.0273394467 
1.7416666667 1.0872672205 
1.7583333333 1.1349995754 
1.775 1.1994917065 
1.7916666667 1.2191435826 
1.8083333333 1.1913975728 
1.825 1.1923618633 
1.8416666667 1.2593793852 
1.8583333333 1.2623489874 
1.875 1.2978812596 
1.8916666667 1.2979257318 
1.9083333333 1.2984604168 
1.925 1.2598050586 
1.9416666667 1.2952368958 
1.9583333333 1.2474124844 
1.975 1.2763560344 
1.9916666667 1.2316540083 
2.0083333333 1.186385575 
2.025 1.199403036 
2.0416666667 1.1603163119 
2.0583333333 1.1279655643 
2.075 1.1169193034 
2.0916666667 1.0813924644 
2.1083333333 1.0154819967 
2.125 1.0029530299 
2.1416666667 0.9728910956 
2.1583333333 0.9492963223 
2.175 0.928431682 
2.1916666667 0.902337131 
2.2083333333 0.8990699846 
2.225 0.8455673784 
2.2416666667 0.856784719 
2.2583333333 0.834088442 
2.275 0.8427815243 
2.2916666667 0.799478031 
2.3083333333 0.8091887535 
2.325 0.8350361285 
2.3416666667 0.8215885214 
2.3583333333 0.8197273132 
2.375 0.8258530757 
2.3916666667 0.8352421772 
2.4083333333 0.852088644 
2.425 0.8619874237 
2.4416666667 0.8595293196 
2.4583333333 0.9152486023 
2.475 0.8900465181 
2.4916666667 0.9123679177 
2.5083333333 0.9499889971 
2.525 0.9776758799 
2.5416666667 0.9693675976 
2.5583333333 0.9750084228 
2.575 1.009403264 
2.5916666667 1.0389087924 
2.6083333333 1.0893637548 
2.625 1.058987967 
2.6416666667 1.0674447817 
2.6583333333 1.0722301034 
2.675 1.1048968214 
2.6916666667 1.1082448752 
2.7083333333 1.1376246421 
2.725 1.0995646428 
2.7416666667 1.1143074743 
2.7583333333 1.1239926849 
2.775 1.1283094997 
2.7916666667 1.0802288573 
2.8083333333 1.1099646845 
2.825 1.1110702126 
2.8416666667 1.0884322333 
2.8583333333 1.1022171003 
2.875 1.0598447797 
2.8916666667 1.0883676819 
2.9083333333 1.0612292194 
2.925 1.0386004244 
2.9416666667 1.045588002 
2.9583333333 1.0127441008 
2.975 1.0089496456 
2.9916666667 0.9954939459 
3.0083333333 0.9899064838 
3.025 0.9734011113 
3.0416666667 0.9650707617 
3.0583333333 0.9575350778 
3.075 0.9483788842 
3.0916666667 0.9242531779 
3.1083333333 0.9524560547 
3.125 0.922003299 
3.1416666667 0.9351515282 
3.1583333333 0.9234192788 
3.175 0.9339337903 
3.1916666667 0.904601792 
3.2083333333 0.938299238 
3.225 0.9155843126 
3.2416666667 0.9470693179 
3.2583333333 0.9466327924 
3.275 0.933626533 
3.2916666667 0.9564206129 
3.3083333333 0.948070685 
3.325 0.9443838233 
3.3416666667 0.9699661128 
3.3583333333 0.9688258733 
3.375 0.9758201937 
3.3916666667 0.9782633354 
3.4083333333 0.9833150392 
3.425 0.9982865586 
3.4416666667 1.000516925 
3.4583333333 1.020090081 
3.475 1.0222893869 
3.4916666667 1.013171473 
3.5083333333 1.034792408 
3.525 1.0558590268 
3.5416666667 1.0437420982 
3.5583333333 1.0425181664 
3.575 1.0486419045 
3.5916666667 1.0558730283 
3.6083333333 1.0490354397 
3.625 1.0503072273 
3.6416666667 1.0663805567 
3.6583333333 1.0569677879 
3.675 1.0489834489 
3.6916666667 1.0269076754 
3.7083333333 1.0397084977 
3.725 1.0478948887 
3.7416666667 1.0311343441 
3.7583333333 1.0354357531 
3.775 1.0141506261 
3.7916666667 1.0306764638 
3.8083333333 1.0236667181 
3.825 1.0044640102 
3.8416666667 0.9958525077 
3.8583333333 0.9875207279 
3.875 0.9866557429 
3.8916666667 0.9870132447 
3.9083333333 0.9759820603 
3.925 0.9763528088 
3.9416666667 0.9708620792 
3.9583333333 0.9841861014 
3.975 0.9727707737 
3.9916666667 0.9806659399 
4.0083333333 0.9694790041 
4.025 0.9631723799 
4.0416666667 0.9747743984 
4.0583333333 0.9717411852 
4.075 0.9535980098 
4.0916666667 0.9450200093 
4.1083333333 0.9678025788 
4.125 0.9695194987 
4.1416666667 0.9889697226 
4.1583333333 0.9881760707 
4.175 0.9957218741 
4.1916666667 0.9734513395 
4.2083333333 0.9932721477 
4.225 1.0031113104 
4.2416666667 0.9735337161 
4.2583333333 0.9922475875 
4.275 1.000469594 
4.2916666667 0.9968736617 
4.3083333333 0.9894464888 
4.325 0.9991583521 
4.3416666667 1.0018294557 
4.3583333333 1.0152742542 
4.375 1.0081441305 
4.3916666667 1.0135307511 
4.4083333333 1.028760068 
4.425 1.0192932109 
4.4416666667 1.0200615192 
4.4583333333 1.0324795105 
4.475 1.0165871326 
4.4916666667 1.0379422273 
4.5083333333 1.0152045704 
4.525 1.0292698843 
4.5416666667 1.0213032514 
4.5583333333 1.0311963089 
4.575 1.0140358197 
4.5916666667 1.0184827943 
4.6083333333 1.0153281522 
4.625 1.0137777607 
4.6416666667 1.0091338144 
4.6583333333 1.0110704677 
4.675 1.0064602389 
4.6916666667 1.0001210718 
4.7083333333 1.0058571929 
4.725 1.0040618098 
4.7416666667 0.9987474971 
4.7583333333 0.9843856547 
4.775 0.9957036687 
4.7916666667 1.0003858618 
4.8083333333 0.9810227896 
4.825 0.9820796841 
4.8416666667 0.9938143585 
4.8583333333 0.9825377289 
4.875 0.9786847835 
4.8916666667 0.9809500663 
4.9083333333 0.9885316867 
4.925 0.9863573044 
4.9416666667 0.9804352313 
4.9583333333 0.9772268394 
4.975 0.9845942037 
4.9916666667 0.9887667738 
