# Radial distribution function (300 data points):
# "Pair separation distance" g(r)
0.0083333333 0.0 
0.025 0.0 
0.0416666667 0.0 
0.0583333333 0.0 
0.075 0.0 
0.0916666667 0.0 
0.1083333333 0.0 
0.125 0.0 
0.1416666667 0.0 
0.1583333333 0.0 
0.175 0.0 
0.1916666667 0.0 
0.2083333333 0.0 
0.225 0.0 
0.2416666667 0.0 
0.2583333333 0.0 
0.275 0.0 
0.2916666667 0.0 
0.3083333333 0.0 
0.325 0.0 
0.3416666667 0.0 
0.3583333333 0.0 
0.375 0.0 
0.3916666667 0.0 
0.4083333333 0.0 
0.425 0.0 
0.4416666667 0.0 
0.4583333333 0.0 
0.475 0.0 
0.4916666667 0.0 
0.5083333333 0.0 
0.525 0.0 
0.5416666667 0.0 
0.5583333333 0.0 
0.575 0.0 
0.5916666667 0.0 
0.6083333333 0.0 
0.625 0.0 
0.6416666667 0.0 
0.6583333333 0.0 
0.675 0.0 
0.6916666667 0.0 
0.7083333333 0.0 
0.725 0.0 
0.7416666667 0.0 
0.7583333333 0.0 
0.775 0.0 
0.7916666667 0.0 
0.8083333333 0.0 
0.825 0.0 
0.8416666667 0.0141830785 
0.8583333333 0.0630741039 
0.875 0.2132500213 
0.8916666667 0.4170241318 
0.9083333333 0.9468096244 
0.925 1.5060074263 
0.9416666667 1.9687203738 
0.9583333333 2.4382721367 
0.975 2.8219961 
0.9916666667 2.915675755 
1.0083333333 2.9176737266 
1.025 2.5820902582 
1.0416666667 2.6575414828 
1.0583333333 2.4074267767 
1.075 2.2203309171 
1.0916666667 2.0171043502 
1.1083333333 1.7657057501 
1.125 1.5827877004 
1.1416666667 1.484879635 
1.1583333333 1.3619568858 
1.175 1.1744058204 
1.1916666667 1.1223283347 
1.2083333333 1.0305080478 
1.225 0.9164530269 
1.2416666667 0.8178847581 
1.2583333333 0.7781193642 
1.275 0.7525015011 
1.2916666667 0.7241743024 
1.3083333333 0.6874986862 
1.325 0.6116508722 
1.3416666667 0.6516689052 
1.3583333333 0.5806385058 
1.375 0.6330779019 
1.3916666667 0.6076295937 
1.4083333333 0.6040979422 
1.425 0.5461362344 
1.4416666667 0.5680260719 
1.4583333333 0.5462587013 
1.475 0.610761951 
1.4916666667 0.6039634498 
1.5083333333 0.6221567353 
1.525 0.6091721736 
1.5416666667 0.6198516834 
1.5583333333 0.6904486302 
1.575 0.7498335306 
1.5916666667 0.7728814288 
1.6083333333 0.7778242284 
1.625 0.840428902 
1.6416666667 0.8462859313 
1.6583333333 0.8800540902 
1.675 0.9373859478 
1.6916666667 0.998442989 
1.7083333333 1.0113329449 
1.725 1.0530862446 
1.7416666667 1.085197024 
1.7583333333 1.1033138321 
1.775 1.169195472 
1.7916666667 1.191364637 
1.8083333333 1.2205871974 
1.825 1.2263000567 
1.8416666667 1.2682665082 
1.8583333333 1.2488926599 
1.875 1.2725166657 
1.8916666667 1.3017865168 
1.9083333333 1.3277749282 
1.925 1.2699729768 
1.9416666667 1.2769143575 
1.9583333333 1.2726292765 
1.975 1.2557488734 
1.9916666667 1.227537941 
2.0083333333 1.1540012968 
2.025 1.1865391628 
2.0416666667 1.1684514821 
2.0583333333 1.0950603927 
2.075 1.0606212032 
2.0916666667 1.0765122755 
2.1083333333 1.0202853339 
2.125 0.9932183222 
2.1416666667 0.9646764227 
2.1583333333 0.9681690126 
2.175 0.9409098888 
2.1916666667 0.8840341466 
2.2083333333 0.8635295498 
2.225 0.8539393327 
2.2416666667 0.8452876079 
2.2583333333 0.8513267624 
2.275 0.8503041927 
2.2916666667 0.8401335097 
2.3083333333 0.8379452428 
2.325 0.8269041684 
2.3416666667 0.8401412591 
2.3583333333 0.8375671087 
2.375 0.8196185418 
2.3916666667 0.8486359135 
2.4083333333 0.8503563164 
2.425 0.8639095958 
2.4416666667 0.887969628 
2.4583333333 0.9088061167 
2.475 0.9126001041 
2.4916666667 0.9380598746 
2.5083333333 0.9418045994 
2.525 0.9731450426 
2.5416666667 0.982782432 
2.5583333333 0.9857544318 
2.575 1.038762901 
2.5916666667 1.032177202 
2.6083333333 1.0406276031 
2.625 1.0631801741 
2.6416666667 1.0688845993 
2.6583333333 1.0852042121 
2.675 1.0803240566 
2.6916666667 1.1033909949 
2.7083333333 1.0912224329 
2.725 1.1105585978 
2.7416666667 1.1295124496 
2.7583333333 1.0939491148 
2.775 1.1139569071 
2.7916666667 1.0910263112 
2.8083333333 1.1004097518 
2.825 1.092814668 
2.8416666667 1.0946536236 
2.8583333333 1.0919174426 
2.875 1.0613642705 
2.8916666667 1.0563745387 
2.9083333333 1.0497957998 
2.925 1.0286181164 
2.9416666667 1.0329608287 
2.9583333333 1.0232202691 
2.975 1.0046924741 
2.9916666667 1.0027910541 
3.0083333333 1.008364014 
3.025 0.9913813067 
3.0416666667 0.98027514 
3.0583333333 0.9514925763 
3.075 0.9576767164 
3.0916666667 0.9380499626 
3.1083333333 0.9577857528 
3.125 0.9427094688 
3.1416666667 0.9276438482 
3.1583333333 0.9355065778 
3.175 0.9379207009 
3.1916666667 0.9339455601 
3.2083333333 0.9229252843 
3.225 0.9417887172 
3.2416666667 0.9229264604 
3.2583333333 0.9313721538 
3.275 0.9364368975 
3.2916666667 0.9403083277 
3.3083333333 0.9651685465 
3.325 0.963696376 
3.3416666667 0.9647923604 
3.3583333333 0.9575785844 
3.375 0.9881695566 
3.3916666667 0.9849233871 
3.4083333333 0.9833150392 
3.425 0.9986077576 
3.4416666667 1.0205569524 
3.4583333333 1.0178848214 
3.475 1.0025279683 
3.4916666667 1.0069904574 
3.5083333333 1.0321393558 
3.525 1.0353402271 
3.5416666667 1.0461451883 
3.5583333333 1.043906868 
3.575 1.0421560676 
3.5916666667 1.0438977049 
3.6083333333 1.0378457284 
3.625 1.0471531515 
3.6416666667 1.041946615 
3.6583333333 1.0534017064 
3.675 1.0504713687 
3.6916666667 1.0498548181 
3.7083333333 1.0265568794 
3.725 1.0371235756 
3.7416666667 1.0304166588 
3.7583333333 1.0472616831 
3.775 1.0212894286 
3.7916666667 1.0013234131 
3.8083333333 1.0044421168 
3.825 1.0114173975 
3.8416666667 1.0032562992 
3.8583333333 0.9955356335 
3.875 1.0065628357 
3.8916666667 1.0058379806 
3.9083333333 0.9882332251 
3.925 0.9768419636 
3.9416666667 0.9739339159 
3.9583333333 0.975048032 
3.975 0.9703066543 
3.9916666667 0.9810600665 
4.0083333333 0.9669775263 
4.025 0.9792976097 
4.0416666667 0.9620880302 
4.0583333333 0.9747152028 
4.075 0.9729604059 
4.0916666667 0.9642249885 
4.1083333333 0.9859591088 
4.125 0.9791150476 
4.1416666667 0.9610000451 
4.1583333333 0.9785158416 
4.175 0.9759789264 
4.1916666667 0.9849600534 
4.2083333333 0.9818544113 
4.225 0.9797520514 
4.2416666667 0.9861688519 
4.2583333333 1.0045762257 
4.275 1.0059674349 
4.2916666667 0.9882816868 
4.3083333333 0.9975661345 
4.325 0.990228303 
4.3416666667 1.0031620301 
4.3583333333 1.0196381813 
4.375 1.0110969088 
4.3916666667 1.0094932988 
4.4083333333 1.0173207834 
4.425 1.0216664944 
4.4416666667 1.0220350514 
4.4583333333 1.0222431776 
4.475 1.0279389909 
4.4916666667 1.0198266399 
4.5083333333 1.0214457088 
4.525 1.0265709645 
4.5416666667 1.025078414 
4.5583333333 1.0087711137 
4.575 1.0221365852 
4.5916666667 1.0182445109 
4.6083333333 1.0159195596 
4.625 1.0194731414 
4.6416666667 1.0207926881 
4.6583333333 1.0113598576 
4.675 1.002322684 
4.6916666667 0.9925893522 
4.7083333333 0.9896537933 
4.725 1.0031617096 
4.7416666667 0.9923792877 
4.7583333333 1.0006386129 
4.775 1.0011019294 
4.7916666667 0.9976507736 
4.8083333333 0.982435193 
4.825 0.9764150847 
4.8416666667 0.9897424467 
4.8583333333 0.990359719 
4.875 0.9843394772 
4.8916666667 0.980792602 
4.9083333333 0.9963515239 
4.925 0.9843378842 
4.9416666667 0.9844983055 
4.9583333333 0.9913777011 
4.975 0.9820569821 
4.9916666667 0.9983439397 
