# Radial distribution function (300 data points):
# "Pair separation distance" g(r)
0.0083333333 0.0 
0.025 0.0 
0.0416666667 0.0 
0.0583333333 0.0 
0.075 0.0 
0.0916666667 0.0 
0.1083333333 0.0 
0.125 0.0 
0.1416666667 0.0 
0.1583333333 0.0 
0.175 0.0 
0.1916666667 0.0 
0.2083333333 0.0 
0.225 0.0 
0.2416666667 0.0 
0.2583333333 0.0 
0.275 0.0 
0.2916666667 0.0 
0.3083333333 0.0 
0.325 0.0 
0.3416666667 0.0 
0.3583333333 0.0 
0.375 0.0 
0.3916666667 0.0 
0.4083333333 0.0 
0.425 0.0 
0.4416666667 0.0 
0.4583333333 0.0 
0.475 0.0 
0.4916666667 0.0 
0.5083333333 0.0 
0.525 0.0 
0.5416666667 0.0 
0.5583333333 0.0 
0.575 0.0 
0.5916666667 0.0 
0.6083333333 0.0 
0.625 0.0 
0.6416666667 0.0 
0.6583333333 0.0 
0.675 0.0 
0.6916666667 0.0 
0.7083333333 0.0 
0.725 0.0 
0.7416666667 0.0 
0.7583333333 0.0 
0.775 0.0 
0.7916666667 0.0 
0.8083333333 0.0 
0.825 0.0018452376 
0.8416666667 0.0088644241 
0.8583333333 0.0664835149 
0.875 0.1722404018 
0.8916666667 0.448616869 
0.9083333333 1.0290085307 
0.925 1.4150011295 
0.9416666667 2.0565338005 
0.9583333333 2.4615198239 
0.975 2.7176245214 
0.9916666667 2.887579011 
1.0083333333 2.7768545882 
1.025 2.6968498253 
1.0416666667 2.585778603 
1.0583333333 2.5161926814 
1.075 2.2638028881 
1.0916666667 2.0055117965 
1.1083333333 1.7442350953 
1.125 1.6453053337 
1.1416666667 1.4550085976 
1.1583333333 1.3741255728 
1.175 1.1762251942 
1.1916666667 1.1479764999 
1.2083333333 0.9995411949 
1.225 0.9089205362 
1.2416666667 0.8830548584 
1.2583333333 0.7812921241 
1.275 0.7834050535 
1.2916666667 0.6767491662 
1.3083333333 0.6647532654 
1.325 0.6431276423 
1.3416666667 0.6014331866 
1.3583333333 0.5799578041 
1.375 0.5885698018 
1.3916666667 0.5940114278 
1.4083333333 0.5749695299 
1.425 0.5523212427 
1.4416666667 0.57950745 
1.4583333333 0.5775578485 
1.475 0.585361643 
1.4916666667 0.6180747454 
1.5083333333 0.6149801269 
1.525 0.6604765676 
1.5416666667 0.648387055 
1.5583333333 0.7152737495 
1.575 0.7032537299 
1.5916666667 0.7659408644 
1.6083333333 0.7826795607 
1.625 0.8175989148 
1.6416666667 0.839295684 
1.6583333333 0.8572192669 
1.675 0.9123173647 
1.6916666667 1.0155591545 
1.7083333333 0.987233096 
1.725 1.0725018628 
1.7416666667 1.0769162378 
1.7583333333 1.1203753862 
1.775 1.1416896801 
1.7916666667 1.1655419552 
1.8083333333 1.2148260873 
1.825 1.2523193384 
1.8416666667 1.2549358237 
1.8583333333 1.26416741 
1.875 1.2885928167 
1.8916666667 1.2694963148 
1.9083333333 1.2912180081 
1.925 1.3231850817 
1.9416666667 1.2672533827 
1.9583333333 1.3112731918 
1.975 1.2924553789 
1.9916666667 1.2189891856 
2.0083333333 1.2225065006 
2.025 1.1644868087 
2.0416666667 1.1491681157 
2.0583333333 1.1300406652 
2.075 1.1067098033 
2.0916666667 1.0325905746 
2.1083333333 1.0163296445 
2.125 0.9879337666 
2.1416666667 0.9564617498 
2.1583333333 0.9387815377 
2.175 0.927369707 
2.1916666667 0.9096583248 
2.2083333333 0.8746037432 
2.225 0.8749960661 
2.2416666667 0.8587842166 
2.2583333333 0.822760403 
2.275 0.8321041886 
2.2916666667 0.8300892149 
2.3083333333 0.8146100588 
2.325 0.8368948622 
2.3416666667 0.8183818753 
2.3583333333 0.8208564141 
2.375 0.824962428 
2.3916666667 0.8387552884 
2.4083333333 0.869845002 
2.425 0.882063444 
2.4416666667 0.870694774 
2.4583333333 0.8988306551 
2.475 0.9033736371 
2.4916666667 0.9601104518 
2.5083333333 0.9374129713 
2.525 0.9483239342 
2.5416666667 1.0160278911 
2.5583333333 1.0012977663 
2.575 0.9889462265 
2.5916666667 1.0381608379 
2.6083333333 1.0603805131 
2.625 1.0456822662 
2.6416666667 1.0624054201 
2.6583333333 1.0907137651 
2.675 1.087695886 
2.6916666667 1.0928164701 
2.7083333333 1.0874554639 
2.725 1.1200303129 
2.7416666667 1.111634072 
2.7583333333 1.1266338779 
2.775 1.1131414188 
2.7916666667 1.1060138218 
2.8083333333 1.09356205 
2.825 1.1109128372 
2.8416666667 1.1030525006 
2.8583333333 1.1009872905 
2.875 1.0686578259 
2.8916666667 1.0557737285 
2.9083333333 1.0474200243 
2.925 1.0410960014 
2.9416666667 1.0393469853 
2.9583333333 1.0209241226 
2.975 1.0174639886 
2.9916666667 0.9991425 
3.0083333333 0.9910167112 
3.025 0.9507543003 
3.0416666667 0.9681930894 
3.0583333333 0.9761996937 
3.075 0.9446597513 
3.0916666667 0.9585480427 
3.1083333333 0.9521960694 
3.125 0.9464391515 
3.1416666667 0.927771097 
3.1583333333 0.9250561006 
3.175 0.9173631935 
3.1916666667 0.9248218675 
3.2083333333 0.9099916407 
3.225 0.9614722101 
3.2416666667 0.9365516374 
3.2583333333 0.9381152267 
3.275 0.9451021883 
3.2916666667 0.9517839841 
3.3083333333 0.948988691 
3.325 0.9416573453 
3.3416666667 0.954894747 
3.3583333333 0.9818549109 
3.375 0.9741662611 
3.3916666667 0.9770623424 
3.4083333333 0.9781254711 
3.425 1.0074942638 
3.4416666667 0.9969118407 
3.4583333333 1.0149444753 
3.475 1.024993581 
3.4916666667 1.032744689 
3.5083333333 1.0307107892 
3.525 1.0350369936 
3.5416666667 1.0270205969 
3.5583333333 1.0210924838 
3.575 1.0614170378 
3.5916666667 1.0796289545 
3.6083333333 1.0522187197 
3.625 1.0532701469 
3.6416666667 1.0546371119 
3.6583333333 1.0342574794 
3.675 1.0366151157 
3.6916666667 1.0377822249 
3.7083333333 1.0357812784 
3.725 1.024632473 
3.7416666667 1.0368758265 
3.7583333333 1.0363249208 
3.775 1.0302790318 
3.7916666667 1.0212415547 
3.8083333333 1.0021905869 
3.825 1.0237789749 
3.8416666667 0.9897252319 
3.8583333333 1.0076845429 
3.875 0.9958565001 
3.8916666667 0.982120472 
3.9083333333 0.9971954867 
3.925 0.9942069559 
3.9416666667 0.9774099417 
3.9583333333 0.9552488818 
3.975 0.9635501977 
3.9916666667 0.975463468 
4.0083333333 0.9654922738 
4.025 0.9806930622 
4.0416666667 0.9711607056 
4.0583333333 0.9747914597 
4.075 0.949665023 
4.0916666667 0.9621994633 
4.1083333333 0.9666863987 
4.125 0.9725457872 
4.1416666667 0.9923377989 
4.1583333333 0.9682019127 
4.175 0.9819594544 
4.1916666667 0.9628719006 
4.2083333333 0.9980945457 
4.225 0.989813419 
4.2416666667 0.9888215323 
4.2583333333 0.9929402076 
4.275 1.0214988354 
4.2916666667 0.9983056575 
4.3083333333 1.0033852139 
4.325 0.9964054798 
4.3416666667 1.0044946045 
4.3583333333 1.0094556847 
4.375 1.0212019723 
4.3916666667 1.0263594299 
4.4083333333 1.0161574663 
4.425 1.0142259298 
4.4416666667 1.024263233 
4.4583333333 1.0302047699 
4.475 1.0215418111 
4.4916666667 1.0169007547 
4.5083333333 1.0162550591 
4.525 1.0170020669 
4.5416666667 1.0340292026 
4.5583333333 1.0269046947 
4.575 1.0036548388 
4.5916666667 1.0035900822 
4.6083333333 1.0033817236 
4.625 1.0164786629 
4.6416666667 1.0126897709 
4.6583333333 1.016279486 
4.675 1.0049086558 
4.6916666667 1.0026887035 
4.7083333333 1.0018346706 
4.725 0.9939356822 
4.7416666667 1.0032722774 
4.7583333333 0.9899327394 
4.775 0.9894791437 
4.7916666667 0.9939310536 
4.8083333333 0.9909096132 
4.825 0.9798677929 
4.8416666667 1.0034047822 
4.8583333333 0.9862624861 
4.875 0.9792661072 
4.8916666667 0.981842364 
4.9083333333 0.9849866938 
4.925 0.981334644 
4.9416666667 0.982646778 
4.9583333333 0.9826419706 
4.975 0.995453512 
4.9916666667 0.9860952485 
