# Radial distribution function (300 data points):
# "Pair separation distance" g(r)
0.0083333333 0.0 
0.025 0.0 
0.0416666667 0.0 
0.0583333333 0.0 
0.075 0.0 
0.0916666667 0.0 
0.1083333333 0.0 
0.125 0.0 
0.1416666667 0.0 
0.1583333333 0.0 
0.175 0.0 
0.1916666667 0.0 
0.2083333333 0.0 
0.225 0.0 
0.2416666667 0.0 
0.2583333333 0.0 
0.275 0.0 
0.2916666667 0.0 
0.3083333333 0.0 
0.325 0.0 
0.3416666667 0.0 
0.3583333333 0.0 
0.375 0.0 
0.3916666667 0.0 
0.4083333333 0.0 
0.425 0.0 
0.4416666667 0.0 
0.4583333333 0.0 
0.475 0.0 
0.4916666667 0.0 
0.5083333333 0.0 
0.525 0.0 
0.5416666667 0.0 
0.5583333333 0.0 
0.575 0.0 
0.5916666667 0.0 
0.6083333333 0.0 
0.625 0.0 
0.6416666667 0.0 
0.6583333333 0.0 
0.675 0.0 
0.6916666667 0.0 
0.7083333333 0.0 
0.725 0.0 
0.7416666667 0.0 
0.7583333333 0.0 
0.775 0.0 
0.7916666667 0.0 
0.8083333333 0.0 
0.825 0.0018452376 
0.8416666667 0.0070915393 
0.8583333333 0.1005776251 
0.875 0.2296538691 
0.8916666667 0.5354968965 
0.9083333333 1.0031310972 
0.925 1.5720603835 
0.9416666667 2.0848607124 
0.9583333333 2.3781016521 
0.975 2.6727051078 
0.9916666667 2.7330469189 
1.0083333333 2.817618023 
1.025 2.7183672441 
1.0416666667 2.5961957953 
1.0583333333 2.4175184586 
1.075 2.1746853476 
1.0916666667 1.9591415815 
1.1083333333 1.7411678589 
1.125 1.6363742432 
1.1416666667 1.4607900887 
1.1583333333 1.3806779427 
1.175 1.2217095405 
1.1916666667 1.1117153008 
1.2083333333 0.9763160553 
1.225 0.9097574796 
1.2416666667 0.8586160708 
1.2583333333 0.8209516228 
1.275 0.75327409 
1.2916666667 0.7053548039 
1.3083333333 0.7109778302 
1.325 0.6374045932 
1.3416666667 0.6077126514 
1.3583333333 0.6255648146 
1.375 0.5839197018 
1.3916666667 0.6063326255 
1.4083333333 0.5889005097 
1.425 0.5764427752 
1.4416666667 0.590988828 
1.4583333333 0.5468492513 
1.475 0.5957526781 
1.4916666667 0.6107368717 
1.5083333333 0.641478373 
1.525 0.6820784177 
1.5416666667 0.645744891 
1.5583333333 0.7002752399 
1.575 0.7154049823 
1.5916666667 0.755034263 
1.6083333333 0.7821940274 
1.625 0.8318676568 
1.6416666667 0.8625965081 
1.6583333333 0.8745737327 
1.675 0.9136603245 
1.6916666667 0.9800101953 
1.7083333333 0.9842206149 
1.725 1.1045798405 
1.7416666667 1.0777443165 
1.7583333333 1.1516549021 
1.775 1.160824144 
1.7916666667 1.1808008126 
1.8083333333 1.2129057173 
1.825 1.2330876954 
1.8416666667 1.2175358479 
1.8583333333 1.2754416303 
1.875 1.2860920821 
1.8916666667 1.2835355331 
1.9083333333 1.2508674454 
1.925 1.2913256049 
1.9416666667 1.2705847533 
1.9583333333 1.2297279808 
1.975 1.2190423679 
1.9916666667 1.2636326857 
2.0083333333 1.1873197369 
2.025 1.1629553953 
2.0416666667 1.1205443687 
2.0583333333 1.1199616036 
2.075 1.0848323033 
2.0916666667 1.0650294779 
2.1083333333 1.0547563422 
2.125 1.027707001 
2.1416666667 0.9731649181 
2.1583333333 0.9560365688 
2.175 0.8986963808 
2.1916666667 0.9193327594 
2.2083333333 0.8728009675 
2.225 0.8559688973 
2.2416666667 0.8652825838 
2.2583333333 0.84812536 
2.275 0.8287068545 
2.2916666667 0.8513735538 
2.3083333333 0.8129600963 
2.325 0.8292275856 
2.3416666667 0.8215885214 
2.3583333333 0.8479548377 
2.375 0.8262983995 
2.3916666667 0.8666406082 
2.4083333333 0.8620495278 
2.425 0.8801412718 
2.4416666667 0.896396386 
2.4583333333 0.9029870975 
2.475 0.8980427895 
2.4916666667 0.9417012543 
2.5083333333 0.9449985107 
2.525 0.9453690404 
2.5416666667 0.9870596256 
2.5583333333 1.0034085895 
2.575 1.0137598553 
2.5916666667 1.0368519176 
2.6083333333 1.0688724183 
2.625 1.0679191908 
2.6416666667 1.082022935 
2.6583333333 1.1022660536 
2.675 1.0903286823 
2.6916666667 1.0801617108 
2.7083333333 1.1023521141 
2.725 1.1095437712 
2.7416666667 1.1131378608 
2.7583333333 1.0733147947 
2.775 1.0849255265 
2.7916666667 1.1079476941 
2.8083333333 1.0996135074 
2.825 1.0959621757 
2.8416666667 1.0677461106 
2.8583333333 1.0762373667 
2.875 1.0449537706 
2.8916666667 1.058927982 
2.9083333333 1.0468260804 
2.925 1.0396280149 
2.9416666667 1.0362990469 
2.9583333333 1.0239378148 
2.975 1.0109363257 
2.9916666667 1.0262259976 
3.0083333333 0.9921269386 
3.025 0.9876754649 
3.0416666667 0.9660210353 
3.0583333333 0.9735141374 
3.075 0.9412062707 
3.0916666667 0.9467222273 
3.1083333333 0.9563558338 
3.125 0.9576281998 
3.1416666667 0.9497851417 
3.1583333333 0.9308479313 
3.175 0.9222222407 
3.1916666667 0.909780104 
3.2083333333 0.9334186178 
3.225 0.9423925053 
3.2416666667 0.9378663475 
3.2583333333 0.927586569 
3.275 0.9616130802 
3.2916666667 0.9602458317 
3.3083333333 0.9503657 
3.325 0.9616515175 
3.3416666667 0.9656921434 
3.3583333333 0.9414314865 
3.375 0.9819948751 
3.3916666667 0.98798046 
3.4083333333 0.9922886674 
3.425 1.0163807701 
3.4416666667 0.9928826288 
3.4583333333 1.0176747967 
3.475 1.0182330957 
3.4916666667 1.0240912672 
3.5083333333 1.0215271469 
3.525 1.0339251374 
3.5416666667 1.0296239444 
3.5583333333 1.0188110454 
3.575 1.0578793086 
3.5916666667 1.0565545508 
3.6083333333 1.0576206493 
3.625 1.0557551763 
3.6416666667 1.0397683954 
3.6583333333 1.0346328564 
3.675 1.0473095391 
3.6916666667 1.0478273597 
3.7083333333 1.0400738205 
3.725 1.0486190106 
3.7416666667 1.0298783949 
3.7583333333 1.0137400619 
3.775 1.0309840987 
3.7916666667 1.0011486926 
3.8083333333 0.9963019703 
3.825 1.0116749303 
3.8416666667 0.9886189183 
3.8583333333 0.9811931709 
3.875 0.9740256126 
3.8916666667 1.0036818435 
3.9083333333 0.994564364 
3.925 0.9962451005 
3.9416666667 0.9897781264 
3.9583333333 0.9640663171 
3.975 0.9833426411 
3.9916666667 0.987366093 
4.0083333333 0.964710562 
4.025 0.9765842296 
4.0416666667 0.990766911 
4.0583333333 0.9937031613 
4.075 0.9629766704 
4.0916666667 0.9765281783 
4.1083333333 0.9771784918 
4.125 0.9547571158 
4.1416666667 0.9861141796 
4.1583333333 0.9821475067 
4.175 0.9818873998 
4.1916666667 0.9583684909 
4.2083333333 0.9770320134 
4.225 0.9803149251 
4.2416666667 0.9800956098 
4.2583333333 0.9868451505 
4.275 0.9995761949 
4.2916666667 1.0103753366 
4.3083333333 1.0033852139 
4.325 1.0082898309 
4.3416666667 1.0090253576 
4.3583333333 0.996099423 
4.375 1.0178554902 
4.3916666667 1.0053256062 
4.4083333333 1.0250762306 
4.425 1.0299409155 
4.4416666667 1.0115944293 
4.4583333333 1.0169986366 
4.475 1.0160226756 
4.4916666667 1.0193286169 
4.5083333333 1.0266981519 
4.525 1.0192716131 
4.5416666667 1.0253219729 
4.5583333333 1.0183819117 
4.575 1.0256769197 
4.5916666667 1.013895839 
4.6083333333 1.0105377526 
4.625 1.024052932 
4.6416666667 1.0142054245 
4.6583333333 0.9930125373 
4.675 1.0119195128 
4.6916666667 1.0057698615 
4.7083333333 0.9956025938 
4.725 1.0101937426 
4.7416666667 0.9953399465 
4.7583333333 0.9973103621 
4.775 0.9914070939 
4.7916666667 0.9860539996 
4.8083333333 0.9831413947 
4.825 0.9947575969 
4.8416666667 0.992421336 
4.8583333333 0.9967982278 
4.875 0.9788433263 
4.8916666667 0.9796378639 
4.9083333333 0.986081471 
4.925 0.9854770443 
4.9416666667 0.9948874319 
4.9583333333 0.9922972517 
4.975 0.9816002822 
4.9916666667 0.9828188497 
