# Radial distribution function (300 data points):
# "Pair separation distance" g(r)
0.0083333333 0.0 
0.025 0.0 
0.0416666667 0.0 
0.0583333333 0.0 
0.075 0.0 
0.0916666667 0.0 
0.1083333333 0.0 
0.125 0.0 
0.1416666667 0.0 
0.1583333333 0.0 
0.175 0.0 
0.1916666667 0.0 
0.2083333333 0.0 
0.225 0.0 
0.2416666667 0.0 
0.2583333333 0.0 
0.275 0.0 
0.2916666667 0.0 
0.3083333333 0.0 
0.325 0.0 
0.3416666667 0.0 
0.3583333333 0.0 
0.375 0.0 
0.3916666667 0.0 
0.4083333333 0.0 
0.425 0.0 
0.4416666667 0.0 
0.4583333333 0.0 
0.475 0.0 
0.4916666667 0.0 
0.5083333333 0.0 
0.525 0.0 
0.5416666667 0.0 
0.5583333333 0.0 
0.575 0.0 
0.5916666667 0.0 
0.6083333333 0.0 
0.625 0.0 
0.6416666667 0.0 
0.6583333333 0.0 
0.675 0.0 
0.6916666667 0.0 
0.7083333333 0.0 
0.725 0.0 
0.7416666667 0.0 
0.7583333333 0.0 
0.775 0.0 
0.7916666667 0.0 
0.8083333333 0.0 
0.825 0.0018452376 
0.8416666667 0.0070915393 
0.8583333333 0.0511411653 
0.875 0.2181711757 
0.8916666667 0.4470372322 
0.9083333333 0.914843383 
0.925 1.5030717393 
0.9416666667 1.9361444251 
0.9583333333 2.5216903085 
0.975 2.8153903038 
0.9916666667 2.7739149102 
1.0083333333 2.8954391258 
1.025 2.7004360617 
1.0416666667 2.6436518932 
1.0583333333 2.4253675445 
1.075 2.1855533403 
1.0916666667 1.9918115057 
1.1083333333 1.7974005261 
1.125 1.6284354961 
1.1416666667 1.4578993432 
1.1583333333 1.343235829 
1.175 1.2617357652 
1.1916666667 1.0621878093 
1.2083333333 1.0365293803 
1.225 0.9122683098 
1.2416666667 0.839879667 
1.2583333333 0.813812913 
1.275 0.7355045473 
1.2916666667 0.7128826033 
1.3083333333 0.7146464465 
1.325 0.6402661177 
1.3416666667 0.6558552151 
1.3583333333 0.5854034173 
1.375 0.6091631018 
1.3916666667 0.5551023823 
1.4083333333 0.557239192 
1.425 0.5820092827 
1.4416666667 0.5964273755 
1.4583333333 0.5751956487 
1.475 0.5634250134 
1.4916666667 0.5548561413 
1.5083333333 0.5984187232 
1.525 0.6437351338 
1.5416666667 0.6404605629 
1.5583333333 0.6728641707 
1.575 0.7346444652 
1.5916666667 0.7679238828 
1.6083333333 0.7851072268 
1.625 0.8156964159 
1.6416666667 0.8556062609 
1.6583333333 0.8983219489 
1.675 0.9467866665 
1.6916666667 0.9751825589 
1.7083333333 1.0603933516 
1.725 1.0657486043 
1.7416666667 1.0545581153 
1.7583333333 1.1536860395 
1.775 1.1855394933 
1.7916666667 1.1964509228 
1.8083333333 1.1802594266 
1.825 1.2183811449 
1.8416666667 1.2401239521 
1.8583333333 1.2328905408 
1.875 1.3085986936 
1.8916666667 1.2470335655 
1.9083333333 1.293977021 
1.925 1.2696340462 
1.9416666667 1.3095617895 
1.9583333333 1.2850739272 
1.975 1.2505970831 
1.9916666667 1.2478016573 
2.0083333333 1.2296684083 
2.025 1.1831700532 
2.0416666667 1.1368147091 
2.0583333333 1.089131533 
2.075 1.0734560032 
2.0916666667 1.069335527 
2.1083333333 1.0321524023 
2.125 1.0071250475 
2.1416666667 0.9526282358 
2.1583333333 0.9514532012 
2.175 0.9055992186 
2.1916666667 0.8871718011 
2.2083333333 0.869710495 
2.225 0.8803236733 
2.2416666667 0.8477869799 
2.2583333333 0.8540356413 
2.275 0.851760193 
2.2916666667 0.8360679618 
2.3083333333 0.8424237125 
2.325 0.8245807512 
2.3416666667 0.8181528292 
2.3583333333 0.8185982122 
2.375 0.851236535 
2.3916666667 0.8475380663 
2.4083333333 0.852305185 
2.425 0.8513086895 
2.4416666667 0.8671134019 
2.4583333333 0.8853222175 
2.475 0.9093195825 
2.4916666667 0.9473656228 
2.5083333333 0.9667570315 
2.525 0.9504908564 
2.5416666667 0.9779219848 
2.5583333333 1.0170329937 
2.575 1.0247460421 
2.5916666667 1.042087599 
2.6083333333 1.0546577074 
2.625 1.0735695569 
2.6416666667 1.0705043942 
2.6583333333 1.0677869155 
2.675 1.0875203663 
2.6916666667 1.0903895299 
2.7083333333 1.0937908209 
2.725 1.1119117 
2.7416666667 1.1061201799 
2.7583333333 1.1104565709 
2.775 1.1333655267 
2.7916666667 1.1010179849 
2.8083333333 1.0994542585 
2.825 1.1079227049 
2.8416666667 1.086099212 
2.8583333333 1.070549496 
2.875 1.0732162981 
2.8916666667 1.0655368943 
2.9083333333 1.0382138942 
2.925 1.0554822688 
2.9416666667 1.0262843923 
2.9583333333 1.0256599247 
2.975 0.9946171682 
2.9916666667 1.0044750021 
3.0083333333 1.0080864571 
3.025 0.9617345723 
3.0416666667 0.9733517177 
3.0583333333 0.9453157969 
3.075 0.9693654197 
3.0916666667 0.9542119104 
3.1083333333 0.9424466216 
3.125 0.9325492985 
3.1416666667 0.9247171255 
3.1583333333 0.9319811156 
3.175 0.9356780637 
3.1916666667 0.9438090116 
3.2083333333 0.9356148969 
3.225 0.9327318953 
3.2416666667 0.9376273093 
3.2583333333 0.9362224343 
3.275 0.9521280998 
3.2916666667 0.945988198 
3.3083333333 0.9355628534 
3.325 0.9463150786 
3.3416666667 0.9607433367 
3.3583333333 0.9650396572 
3.375 0.9656760741 
3.3916666667 0.9907099894 
3.4083333333 0.9875315633 
3.425 0.9958240327 
3.4416666667 0.9997747018 
3.4583333333 1.0361569723 
3.475 1.0361223799 
3.4916666667 1.0248123857 
3.5083333333 1.0379556626 
3.525 1.0317014251 
3.5416666667 1.0355315407 
3.5583333333 1.0403359209 
3.575 1.0403872029 
3.5916666667 1.0474026776 
3.6083333333 1.0474920313 
3.625 1.0483000882 
3.6416666667 1.044314245 
3.6583333333 1.0599708039 
3.675 1.041078875 
3.6916666667 1.0284743478 
3.7083333333 1.0326760351 
3.725 1.035765847 
3.7416666667 1.0247648872 
3.7583333333 1.024765741 
3.775 1.0122116921 
3.7916666667 1.0237750025 
3.8083333333 1.0271306102 
3.825 1.0106447989 
3.8416666667 0.9886189183 
3.8583333333 1.0009351488 
3.875 1.0232914852 
3.8916666667 0.9999500676 
3.9083333333 0.9848620992 
3.925 0.9826302943 
3.9416666667 0.9821793724 
3.9583333333 0.9803384933 
3.975 0.9681604857 
3.9916666667 0.9689209656 
4.0083333333 0.9708079142 
4.025 0.9713125199 
4.0416666667 0.9815404614 
4.0583333333 0.9726562676 
4.075 0.9674390976 
4.0916666667 0.964975183 
4.1083333333 0.9641563904 
4.125 0.9683385081 
4.1416666667 0.9589499116 
4.1583333333 0.9695819455 
4.175 0.9676926528 
4.1916666667 0.9847456053 
4.2083333333 0.9916410425 
4.225 0.9945978455 
4.2416666667 0.9819106017 
4.2583333333 0.9915549674 
4.275 0.9955902603 
4.2916666667 1.0073067741 
4.3083333333 1.0075803642 
4.325 1.0064098205 
4.3416666667 1.0055606641 
4.3583333333 1.0079349223 
4.375 1.0040758581 
4.3916666667 1.0199776506 
4.4083333333 1.0184841005 
4.425 1.0192290681 
4.4416666667 1.017706013 
4.4583333333 1.0199684369 
4.475 1.0237996392 
4.4916666667 1.0368216755 
4.5083333333 1.0167494066 
4.525 1.0146098425 
4.5416666667 1.0082728516 
4.5583333333 1.0212228394 
4.575 1.0269970444 
4.5916666667 1.0161595312 
4.6083333333 1.021419648 
4.625 1.0160089407 
4.6416666667 1.0069769228 
4.6583333333 1.0089868603 
4.675 1.013586028 
4.6916666667 0.9945293406 
4.7083333333 1.0099363704 
4.725 0.9974798268 
4.7416666667 1.0023226321 
4.7583333333 1.0097913027 
4.775 0.9935553813 
4.7916666667 0.9996747388 
4.8083333333 0.9947122377 
4.825 0.9831047068 
4.8416666667 0.9787590005 
4.8583333333 0.9921688867 
4.875 0.9740341943 
4.8916666667 0.969560149 
4.9083333333 0.9859250743 
4.925 0.9842861042 
4.9416666667 0.9772464896 
4.9583333333 0.9946472143 
4.975 0.9962654229 
4.9916666667 0.9848855013 
