# Radial distribution function (300 data points):
# "Pair separation distance" g(r)
0.0083333333 0.0 
0.025 0.0 
0.0416666667 0.0 
0.0583333333 0.0 
0.075 0.0 
0.0916666667 0.0 
0.1083333333 0.0 
0.125 0.0 
0.1416666667 0.0 
0.1583333333 0.0 
0.175 0.0 
0.1916666667 0.0 
0.2083333333 0.0 
0.225 0.0 
0.2416666667 0.0 
0.2583333333 0.0 
0.275 0.0 
0.2916666667 0.0 
0.3083333333 0.0 
0.325 0.0 
0.3416666667 0.0 
0.3583333333 0.0 
0.375 0.0 
0.3916666667 0.0 
0.4083333333 0.0 
0.425 0.0 
0.4416666667 0.0 
0.4583333333 0.0 
0.475 0.0 
0.4916666667 0.0 
0.5083333333 0.0 
0.525 0.0 
0.5416666667 0.0 
0.5583333333 0.0 
0.575 0.0 
0.5916666667 0.0 
0.6083333333 0.0 
0.625 0.0 
0.6416666667 0.0 
0.6583333333 0.0 
0.675 0.0 
0.6916666667 0.0 
0.7083333333 0.0 
0.725 0.0 
0.7416666667 0.0 
0.7583333333 0.0 
0.775 0.0 
0.7916666667 0.0 
0.8083333333 0.0 
0.825 0.0 
0.8416666667 0.0035457696 
0.8583333333 0.0375035212 
0.875 0.2132500213 
0.8916666667 0.5402358071 
0.9083333333 0.9041879693 
0.925 1.5016038958 
0.9416666667 1.99563094 
0.9583333333 2.4163919605 
0.975 2.6291068534 
0.9916666667 2.8352168971 
1.0083333333 2.8077359782 
1.025 2.8056323315 
1.0416666667 2.7119423755 
1.0583333333 2.4085480747 
1.075 2.2181573186 
1.0916666667 1.9654647927 
1.1083333333 1.7749074593 
1.125 1.6373665866 
1.1416666667 1.5292044003 
1.1583333333 1.3722534671 
1.175 1.2490001482 
1.1916666667 1.1276348516 
1.2083333333 0.9582520578 
1.225 1.0193970655 
1.2416666667 0.836621162 
1.2583333333 0.7757397943 
1.275 0.7440030242 
1.2916666667 0.6609407874 
1.3083333333 0.6625520956 
1.325 0.625958495 
1.3416666667 0.6153875529 
1.3583333333 0.6010595552 
1.375 0.5885698018 
1.3916666667 0.5654781277 
1.4083333333 0.5705369454 
1.425 0.5640727585 
1.4416666667 0.6054916213 
1.4583333333 0.5887782975 
1.475 0.5911344403 
1.4916666667 0.5909810579 
1.5083333333 0.6309894839 
1.525 0.6291538849 
1.5416666667 0.6642400393 
1.5583333333 0.6557969012 
1.575 0.7123671692 
1.5916666667 0.7585045453 
1.6083333333 0.7579173661 
1.625 0.819025789 
1.6416666667 0.8332374698 
1.6583333333 0.8978652524 
1.675 0.9423101338 
1.6916666667 0.9738659308 
1.7083333333 1.049204136 
1.725 1.0712356268 
1.7416666667 1.0885093384 
1.7583333333 1.1155006565 
1.775 1.1600268747 
1.7916666667 1.1588906584 
1.8083333333 1.2509290441 
1.825 1.2349731506 
1.8416666667 1.2404942489 
1.8583333333 1.2518021361 
1.875 1.3039544722 
1.8916666667 1.3038923996 
1.9083333333 1.2470738027 
1.925 1.2879362988 
1.9416666667 1.2549273114 
1.9583333333 1.2680444052 
1.975 1.2866596149 
1.9916666667 1.2497013807 
2.0083333333 1.1888766733 
2.025 1.1966464918 
2.0416666667 1.1976778342 
2.0583333333 1.1202580466 
2.075 1.1037928033 
2.0916666667 1.0621587785 
2.1083333333 1.0491053572 
2.125 0.9818148075 
2.1416666667 0.9759031424 
2.1583333333 0.9447129546 
2.175 0.8623237356 
2.1916666667 0.9091353824 
2.2083333333 0.8583787621 
2.225 0.8815921512 
2.2416666667 0.8460374195 
2.2583333333 0.8454164811 
2.275 0.8165735184 
2.2916666667 0.8047393282 
2.3083333333 0.8511449428 
2.325 0.8278335353 
2.3416666667 0.8183818753 
2.3583333333 0.8274051998 
2.375 0.8236264564 
2.3916666667 0.8332660522 
2.4083333333 0.8590179545 
2.425 0.8596381022 
2.4416666667 0.8700627672 
2.4583333333 0.8984150109 
2.475 0.8892263877 
2.4916666667 0.9285518276 
2.5083333333 0.9731448542 
2.525 0.9857525897 
2.5416666667 0.9744224628 
2.5583333333 1.0141545984 
2.575 1.0370581479 
2.5916666667 1.0323641906 
2.6083333333 1.0480118685 
2.625 1.0606283958 
2.6416666667 1.0636652605 
2.6583333333 1.1022660536 
2.675 1.0664579964 
2.6916666667 1.0638665414 
2.7083333333 1.1162214091 
2.725 1.1195228996 
2.7416666667 1.131183326 
2.7583333333 1.1244879086 
2.775 1.095689971 
2.7916666667 1.1108485026 
2.8083333333 1.1074167025 
2.825 1.0984801818 
2.8416666667 1.0935648803 
2.8583333333 1.0622482794 
2.875 1.0698734185 
2.8916666667 1.0939251763 
2.9083333333 1.0652383406 
2.925 1.0435915784 
2.9416666667 1.0429754834 
2.9583333333 1.0342704739 
2.975 0.9939076397 
2.9916666667 0.9874951928 
3.0083333333 0.9889350349 
3.025 0.9646168937 
3.0416666667 0.9949365048 
3.0583333333 0.9717685259 
3.075 0.9560828023 
3.0916666667 0.9690598787 
3.1083333333 0.9398467688 
3.125 0.943095298 
3.1416666667 0.9231901398 
3.1583333333 0.9280779253 
3.175 0.9218484678 
3.1916666667 0.9263013852 
3.2083333333 0.9282939665 
3.225 0.907735067 
3.2416666667 0.9224483841 
3.2583333333 0.9216715928 
3.275 0.9167643455 
3.2916666667 0.9528272256 
3.3083333333 0.948070685 
3.325 0.9500639859 
3.3416666667 0.9629927943 
3.3583333333 0.9506743081 
3.375 0.9919184703 
3.3916666667 0.9580648179 
3.4083333333 1.0033164996 
3.425 1.0006420181 
3.4416666667 1.0140890071 
3.4583333333 1.0222953406 
3.475 1.0286338423 
3.4916666667 1.0245033349 
3.5083333333 1.0410168767 
3.525 1.0430221422 
3.5416666667 1.0420399095 
3.5583333333 1.0556116391 
3.575 1.0413699055 
3.5916666667 1.0426320203 
3.6083333333 1.0475884943 
3.625 1.0548949738 
3.6416666667 1.0568153315 
3.6583333333 1.0619415331 
3.675 1.0446126845 
3.6916666667 1.0302253346 
3.7083333333 1.0356899477 
3.725 1.041106246 
3.7416666667 1.0352610346 
3.7583333333 1.0171188991 
3.775 1.0241978297 
3.7916666667 1.0211541944 
3.8083333333 1.0027967681 
3.825 1.0072968717 
3.8416666667 1.0240209558 
3.8583333333 1.0009351488 
3.875 0.9850665212 
3.8916666667 0.9930670144 
3.9083333333 0.9959621479 
3.925 0.9901306666 
3.9416666667 0.9912332069 
3.9583333333 0.9728837525 
3.975 0.9848529079 
3.9916666667 0.9783800053 
4.0083333333 0.9747946445 
4.025 0.9470471501 
4.0416666667 0.9737748664 
4.0583333333 0.9524481993 
4.075 0.9688761505 
4.0916666667 0.9583734714 
4.1083333333 0.9599149059 
4.125 0.9757935115 
4.1416666667 0.9740330361 
4.1583333333 0.9817843402 
4.175 0.9697101803 
4.1916666667 0.972164651 
4.2083333333 0.9673872174 
4.225 0.9893209045 
4.2416666667 0.9872857699 
4.2583333333 0.9961262602 
4.275 0.98782456 
4.2916666667 0.9987829894 
4.3083333333 1.0007463291 
4.325 1.0008369327 
4.3416666667 1.0145555415 
4.3583333333 1.0009923109 
4.375 1.0082097478 
4.3916666667 1.0229731797 
4.4083333333 1.0281784095 
4.425 1.0349440537 
4.4416666667 1.0271280379 
4.4583333333 1.0191470028 
4.475 1.0255557278 
4.4916666667 1.0226902723 
4.5083333333 1.0350402675 
4.525 1.0217865157 
4.5416666667 1.0203290159 
4.5583333333 1.0278718191 
4.575 1.0095954001 
4.5916666667 1.0147894017 
4.6083333333 1.0127259598 
4.625 1.0080236647 
4.6416666667 1.0253979432 
4.6583333333 1.0050511575 
4.675 1.0031272085 
4.6916666667 0.9978387325 
4.7083333333 1.0076701607 
4.725 1.0014177653 
4.7416666667 0.9948371931 
4.7583333333 0.9927617526 
4.775 1.0041315654 
4.7916666667 0.9927276148 
4.8083333333 0.9837932731 
4.825 0.9864495179 
4.8416666667 0.9923141805 
4.8583333333 0.9940844761 
4.875 0.9913153609 
4.8916666667 0.9822097807 
4.9083333333 0.9959865981 
4.925 0.9769851236 
4.9416666667 0.9903100445 
4.9583333333 0.9959243679 
4.975 0.9813973045 
4.9916666667 0.9794416385 
