# Radial distribution function (300 data points):
# "Pair separation distance" g(r)
0.0083333333 0.0 
0.025 0.0 
0.0416666667 0.0 
0.0583333333 0.0 
0.075 0.0 
0.0916666667 0.0 
0.1083333333 0.0 
0.125 0.0 
0.1416666667 0.0 
0.1583333333 0.0 
0.175 0.0 
0.1916666667 0.0 
0.2083333333 0.0 
0.225 0.0 
0.2416666667 0.0 
0.2583333333 0.0 
0.275 0.0 
0.2916666667 0.0 
0.3083333333 0.0 
0.325 0.0 
0.3416666667 0.0 
0.3583333333 0.0 
0.375 0.0 
0.3916666667 0.0 
0.4083333333 0.0 
0.425 0.0 
0.4416666667 0.0 
0.4583333333 0.0 
0.475 0.0 
0.4916666667 0.0 
0.5083333333 0.0 
0.525 0.0 
0.5416666667 0.0 
0.5583333333 0.0 
0.575 0.0 
0.5916666667 0.0 
0.6083333333 0.0 
0.625 0.0 
0.6416666667 0.0 
0.6583333333 0.0 
0.675 0.0 
0.6916666667 0.0 
0.7083333333 0.0 
0.725 0.0 
0.7416666667 0.0 
0.7583333333 0.0 
0.775 0.0 
0.7916666667 0.0 
0.8083333333 0.0 
0.825 0.0 
0.8416666667 0.0159559634 
0.8583333333 0.0579599873 
0.875 0.2591807951 
0.8916666667 0.5449747177 
0.9083333333 0.96659825 
0.925 1.5749960705 
0.9416666667 2.0267905431 
0.9583333333 2.4177594715 
0.975 2.7057340884 
0.9916666667 2.831385523 
1.0083333333 2.7570904986 
1.025 2.6968498253 
1.0416666667 2.650596688 
1.0583333333 2.3423914935 
1.075 2.2616292895 
1.0916666667 2.0350201151 
1.1083333333 1.796378114 
1.125 1.5411092782 
1.1416666667 1.400084432 
1.1583333333 1.2908168698 
1.175 1.2426323397 
1.1916666667 1.0586501313 
1.2083333333 0.978036436 
1.225 0.9942887634 
1.2416666667 0.849655182 
1.2583333333 0.7741534144 
1.275 0.7424578466 
1.2916666667 0.6978270045 
1.3083333333 0.6830963467 
1.325 0.6638736952 
1.3416666667 0.622364736 
1.3583333333 0.6248841129 
1.375 0.5972057018 
1.3916666667 0.5991993005 
1.4083333333 0.587634057 
1.425 0.5869572893 
1.4416666667 0.5928016772 
1.4583333333 0.5816916981 
1.475 0.6188438671 
1.4916666667 0.5966255761 
1.5083333333 0.6199485481 
1.525 0.6512957813 
1.5416666667 0.6515576519 
1.5583333333 0.7152737495 
1.575 0.7336318608 
1.5916666667 0.750076717 
1.6083333333 0.8249209513 
1.625 0.8171232901 
1.6416666667 0.8458199148 
1.6583333333 0.8914715019 
1.675 0.9208227768 
1.6916666667 1.0269699315 
1.7083333333 1.0216614516 
1.725 1.0568849525 
1.7416666667 1.0595265869 
1.7583333333 1.1264687984 
1.775 1.1245483895 
1.7916666667 1.1960596701 
1.8083333333 1.1940860909 
1.825 1.2244146015 
1.8416666667 1.2482704815 
1.8583333333 1.3227206186 
1.875 1.2685869399 
1.8916666667 1.2652845493 
1.9083333333 1.2767331907 
1.925 1.2537043077 
1.9416666667 1.2322739912 
1.9583333333 1.2300554716 
1.975 1.1881316264 
1.9916666667 1.2576168949 
2.0083333333 1.1901222225 
2.025 1.1981779053 
2.0416666667 1.1539889573 
2.0583333333 1.1270762353 
2.075 1.0836655033 
2.0916666667 1.0647424079 
2.1083333333 1.0457147662 
2.125 0.9993372814 
2.1416666667 0.9665931797 
2.1583333333 0.9336589503 
2.175 0.9310866197 
2.1916666667 0.8968462357 
2.2083333333 0.8962370514 
2.225 0.8813384556 
2.2416666667 0.8770296322 
2.2583333333 0.8816169538 
2.275 0.8228828532 
2.2916666667 0.8016303799 
2.3083333333 0.8037674481 
2.325 0.8357331536 
2.3416666667 0.8458674127 
2.3583333333 0.8621815101 
2.375 0.8474512823 
2.3916666667 0.8293138021 
2.4083333333 0.8811051315 
2.425 0.8596381022 
2.4416666667 0.8810175526 
2.4583333333 0.9204441553 
2.475 0.9162906909 
2.4916666667 0.9417012543 
2.5083333333 0.9721467569 
2.525 0.9741300072 
2.5416666667 0.996974938 
2.5583333333 0.998803157 
2.575 1.0014477494 
2.5916666667 1.0046898743 
2.6083333333 1.0367508638 
2.625 1.0418545988 
2.6416666667 1.0723041662 
2.6583333333 1.0811164792 
2.675 1.0857651688 
2.6916666667 1.0881359427 
2.7083333333 1.0932771433 
2.725 1.1134339399 
2.7416666667 1.0972645349 
2.7583333333 1.121351492 
2.775 1.119502227 
2.7916666667 1.0886089707 
2.8083333333 1.0822553796 
2.825 1.0910835388 
2.8416666667 1.097608784 
2.8583333333 1.0843848571 
2.875 1.0685058769 
2.8916666667 1.048564006 
2.9083333333 1.034650231 
2.925 1.0189294058 
2.9416666667 1.0262843923 
2.9583333333 1.0159013022 
2.975 1.0116458542 
2.9916666667 0.995774604 
3.0083333333 0.9974005186 
3.025 0.9795775143 
3.0416666667 0.9635774745 
3.0583333333 0.9728427484 
3.075 0.9693654197 
3.0916666667 0.9490873904 
3.1083333333 0.9632454436 
3.125 0.9690744675 
3.1416666667 0.9336245425 
3.1583333333 0.9433129584 
3.175 0.9293239251 
3.1916666667 0.9436857184 
3.2083333333 0.9254876099 
3.225 0.9440831121 
3.2416666667 0.9390615384 
3.2583333333 0.9471059905 
3.275 0.931167464 
3.2916666667 0.9544500457 
3.3083333333 0.9547262284 
3.325 0.9624467402 
3.3416666667 0.9541074368 
3.3583333333 0.9788482099 
3.375 0.9815538265 
3.3916666667 0.9939854247 
3.4083333333 0.975422571 
3.425 1.0076013302 
3.4416666667 1.0028496266 
3.4583333333 1.0020279548 
3.475 1.009600476 
3.4916666667 1.0305813336 
3.5083333333 1.0397923911 
3.525 1.0291744793 
3.5416666667 1.0340296094 
3.5583333333 1.0364673949 
3.575 1.0533588768 
3.5916666667 1.0432161824 
3.6083333333 1.0406431562 
3.625 1.0409405781 
3.6416666667 1.035790777 
3.6583333333 1.0436419044 
3.675 1.0450776594 
3.6916666667 1.032713579 
3.7083333333 1.0201637315 
3.725 1.02924875 
3.7416666667 1.0319417401 
3.7583333333 1.0112503924 
3.775 1.0358314338 
3.7916666667 1.0067397499 
3.8083333333 1.0044421168 
3.825 0.9994850415 
3.8416666667 1.0115111012 
3.8583333333 1.0040567435 
3.875 0.9905033323 
3.8916666667 1.0099014699 
3.9083333333 0.9785309603 
3.925 0.988092522 
3.9416666667 0.9897781264 
3.9583333333 0.9828234069 
3.975 0.9664912435 
3.9916666667 0.9948544994 
4.0083333333 0.9665084992 
4.025 0.9823986154 
4.0416666667 0.9670088033 
4.0583333333 0.971283644 
4.075 0.9638842827 
4.0916666667 0.9782536256 
4.1083333333 0.9750949556 
4.125 0.9777864332 
4.1416666667 0.9800369983 
4.1583333333 0.9810580071 
4.175 0.987507655 
4.1916666667 0.9915364613 
4.2083333333 0.9927757244 
4.225 0.9765155276 
4.2416666667 1.0094147093 
4.2583333333 0.9662743329 
4.275 0.9971021665 
4.2916666667 1.0034199283 
4.3083333333 0.9936416391 
4.325 0.9953311882 
4.3416666667 0.9996307079 
4.3583333333 1.0183157792 
4.375 1.0115562298 
4.3916666667 1.018805487 
4.4083333333 1.0186133579 
4.425 1.0289787735 
4.4416666667 1.009238923 
4.4583333333 1.0170618238 
4.475 1.0142038695 
4.4916666667 1.0176477892 
4.5083333333 1.0254622829 
4.525 1.0250374873 
4.5416666667 1.0283664588 
4.5583333333 1.0194699265 
4.575 1.0031147877 
4.5916666667 1.0149085434 
4.6083333333 1.0103603304 
4.625 1.0063796373 
4.6416666667 1.0012640747 
4.6583333333 1.000189407 
4.675 0.9977254007 
4.6916666667 1.0001781303 
4.7083333333 1.0057438824 
4.725 0.9933731195 
4.7416666667 0.9851731561 
4.7583333333 1.0077388814 
4.775 1.0094196575 
4.7916666667 0.9975960718 
4.8083333333 0.9981889229 
4.825 0.9897943289 
4.8416666667 0.985402646 
4.8583333333 0.9834955236 
4.875 0.9939048935 
4.8916666667 0.9808450901 
4.9083333333 0.9882710254 
4.925 0.9986291655 
4.9416666667 0.9948874319 
4.9583333333 1.002718825 
4.975 0.9852538813 
4.9916666667 0.9861960608 
