# Radial distribution function (300 data points):
# "Pair separation distance" g(r)
0.0083333333 0.0 
0.025 0.0 
0.0416666667 0.0 
0.0583333333 0.0 
0.075 0.0 
0.0916666667 0.0 
0.1083333333 0.0 
0.125 0.0 
0.1416666667 0.0 
0.1583333333 0.0 
0.175 0.0 
0.1916666667 0.0 
0.2083333333 0.0 
0.225 0.0 
0.2416666667 0.0 
0.2583333333 0.0 
0.275 0.0 
0.2916666667 0.0 
0.3083333333 0.0 
0.325 0.0 
0.3416666667 0.0 
0.3583333333 0.0 
0.375 0.0 
0.3916666667 0.0 
0.4083333333 0.0 
0.425 0.0 
0.4416666667 0.0 
0.4583333333 0.0 
0.475 0.0 
0.4916666667 0.0 
0.5083333333 0.0 
0.525 0.0 
0.5416666667 0.0 
0.5583333333 0.0 
0.575 0.0 
0.5916666667 0.0 
0.6083333333 0.0 
0.625 0.0 
0.6416666667 0.0 
0.6583333333 0.0 
0.675 0.0 
0.6916666667 0.0 
0.7083333333 0.0 
0.725 0.0 
0.7416666667 0.0 
0.7583333333 0.0 
0.775 0.0 
0.7916666667 0.0 
0.8083333333 0.0 
0.825 0.0036904752 
0.8416666667 0.0248203874 
0.8583333333 0.0886446865 
0.875 0.22309233 
0.8916666667 0.4960059749 
0.9083333333 0.9939978854 
0.925 1.4972003653 
0.9416666667 2.0806116756 
0.9583333333 2.5367329296 
0.975 2.7995363932 
0.9916666667 2.8249998993 
1.0083333333 2.7842661218 
1.025 2.7267351292 
1.0416666667 2.5973532611 
1.0583333333 2.2930543821 
1.075 2.1377341723 
1.0916666667 1.8969633388 
1.1083333333 1.781041932 
1.125 1.5520250554 
1.1416666667 1.4790981439 
1.1583333333 1.3142181909 
1.175 1.1889608112 
1.1916666667 1.0957957499 
1.2083333333 1.0219061442 
1.225 0.9633218574 
1.2416666667 0.856172192 
1.2583333333 0.7892240239 
1.275 0.7486385571 
1.2916666667 0.7204104027 
1.3083333333 0.6794277304 
1.325 0.6667352198 
1.3416666667 0.6460871587 
1.3583333333 0.6119507816 
1.375 0.6184633019 
1.3916666667 0.5914174914 
1.4083333333 0.5806685671 
1.425 0.591905296 
1.4416666667 0.5710474872 
1.4583333333 0.5899593974 
1.475 0.63385314 
1.4916666667 0.593803317 
1.5083333333 0.638718139 
1.525 0.64427518 
1.5416666667 0.6668822033 
1.5583333333 0.7121706096 
1.575 0.7554028546 
1.5916666667 0.7798219933 
1.6083333333 0.7584028993 
1.625 0.8233064116 
1.6416666667 0.8406937335 
1.6583333333 0.8654398033 
1.675 0.9279852292 
1.6916666667 0.9633329058 
1.7083333333 1.0130543627 
1.725 1.0665927616 
1.7416666667 1.0611827442 
1.7583333333 1.1085947893 
1.775 1.1636145867 
1.7916666667 1.2203173408 
1.8083333333 1.2244279375 
1.825 1.1976411378 
1.8416666667 1.2564170109 
1.8583333333 1.2550752969 
1.875 1.2860920821 
1.8916666667 1.3158257351 
1.9083333333 1.2605239903 
1.925 1.2743790746 
1.9416666667 1.2565929967 
1.9583333333 1.2631320431 
1.975 1.2383615813 
1.9916666667 1.2075908452 
2.0083333333 1.2109851709 
2.025 1.17826953 
2.0416666667 1.1178326453 
2.0583333333 1.1300406652 
2.075 1.0515785032 
2.0916666667 1.0297198752 
2.1083333333 1.0468449632 
2.125 1.0029530299 
2.1416666667 0.97562932 
2.1583333333 0.9662817435 
2.175 0.9204668692 
2.1916666667 0.9083509688 
2.2083333333 0.895979512 
2.225 0.8696684588 
2.2416666667 0.858034405 
2.2583333333 0.8449239577 
2.275 0.8262801873 
2.2916666667 0.8322415638 
2.3083333333 0.8478450178 
2.325 0.8438651137 
2.3416666667 0.8625877813 
2.3583333333 0.8407285914 
2.375 0.8450020011 
2.3916666667 0.8552229969 
2.4083333333 0.865514183 
2.425 0.8762969275 
2.4416666667 0.8770148425 
2.4583333333 0.8844909291 
2.475 0.9033736371 
2.4916666667 0.9303725174 
2.5083333333 0.9721467569 
2.525 0.9497028847 
2.5416666667 0.9612020463 
2.5583333333 0.9936220456 
2.575 1.0067514258 
2.5916666667 1.032177202 
2.6083333333 1.0419198495 
2.625 1.0631801741 
2.6416666667 1.0523266968 
2.6583333333 1.090002855 
2.675 1.100333308 
2.6916666667 1.1233265746 
2.7083333333 1.093619595 
2.725 1.0990572295 
2.7416666667 1.1001050248 
2.7583333333 1.0960950841 
2.775 1.0916125299 
2.7916666667 1.101179141 
2.8083333333 1.084325615 
2.825 1.1041456956 
2.8416666667 1.0949646932 
2.8583333333 1.063939268 
2.875 1.051943428 
2.8916666667 1.0927235559 
2.9083333333 1.0555867526 
2.925 1.0378664312 
2.9416666667 1.0351379276 
2.9583333333 1.0381452211 
2.975 1.0127811 
2.9916666667 0.9907227599 
3.0083333333 0.9971229618 
3.025 0.9830088493 
3.0416666667 0.9631702144 
3.0583333333 0.9512240206 
3.075 0.9684356365 
3.0916666667 0.9360789933 
3.1083333333 0.9592156718 
3.125 0.9558276633 
3.1416666667 0.9299343269 
3.1583333333 0.9289592909 
3.175 0.9442748395 
3.1916666667 0.9240821086 
3.2083333333 0.9229252843 
3.225 0.9584532694 
3.2416666667 0.9477864324 
3.2583333333 0.9332649462 
3.275 0.9571633363 
3.2916666667 0.9477269339 
3.3083333333 0.945316667 
3.325 0.9549489257 
3.3416666667 0.9754772839 
3.3583333333 0.9659305316 
3.375 0.9774741262 
3.3916666667 0.9878712789 
3.4083333333 0.9811527192 
3.425 1.0284792666 
3.4416666667 1.0018953396 
3.4583333333 0.9793452847 
3.475 1.0124086776 
3.4916666667 1.0262546227 
3.5083333333 1.0075476025 
3.525 1.0356434606 
3.5416666667 1.0369333432 
3.5583333333 1.0486681308 
3.575 1.0375373655 
3.5916666667 1.0314355797 
3.6083333333 1.0376528023 
3.625 1.05508613 
3.6416666667 1.0429883722 
3.6583333333 1.0330375041 
3.675 1.0571670077 
3.6916666667 1.0514214905 
3.7083333333 1.02262966 
3.725 1.0328693595 
3.7416666667 1.0367861158 
3.7583333333 1.0142735625 
3.775 1.0254316968 
3.7916666667 1.0104088812 
3.8083333333 1.0187306718 
3.825 1.017855719 
3.8416666667 1.0028307939 
3.8583333333 0.9984884934 
3.875 1.013421582 
3.8916666667 0.9948085098 
3.9083333333 0.9844509863 
3.925 0.9776572214 
3.9416666667 0.9862212628 
3.9583333333 0.9898773551 
3.975 0.9834221288 
3.9916666667 0.9837401278 
4.0083333333 0.9799539425 
4.025 0.967591313 
4.0416666667 0.9626262398 
4.0583333333 0.9615990226 
4.075 0.9715233531 
4.0916666667 0.9814044425 
4.1083333333 0.9713743552 
4.125 0.972767223 
4.1416666667 0.9731544075 
4.1583333333 0.9744483767 
4.175 0.9643060888 
4.1916666667 0.9946102172 
4.2083333333 0.9868895622 
4.225 0.985873303 
4.2416666667 0.9892403766 
4.2583333333 0.9810964035 
4.275 0.9997136409 
4.2916666667 0.9988511797 
4.3083333333 1.0033175502 
4.325 0.9978154875 
4.3416666667 1.0122901649 
4.3583333333 1.0107780869 
4.375 1.0091283899 
4.3916666667 1.0132702703 
4.4083333333 1.020487591 
4.425 1.0150597862 
4.4416666667 1.0194248959 
4.4583333333 1.0264135354 
4.475 1.0192212655 
4.4916666667 1.0195153755 
4.5083333333 1.0171201673 
4.525 1.0254055218 
4.5416666667 1.0155187282 
4.5583333333 1.0081062157 
4.575 1.0074952016 
4.5916666667 1.0107981549 
4.6083333333 1.0143819004 
4.625 1.0147759202 
4.6416666667 0.9991654774 
4.6583333333 1.0124595392 
4.675 1.0054258502 
4.6916666667 1.0215180025 
4.7083333333 1.0048940538 
4.725 0.9887601058 
4.7416666667 0.9958426998 
4.7583333333 0.9998065502 
4.775 0.989534228 
4.7916666667 1.0080988105 
4.8083333333 0.9825438394 
4.825 0.9876903349 
4.8416666667 0.999707915 
4.8583333333 0.9945633735 
4.875 0.994908998 
4.8916666667 0.9920775431 
4.9083333333 0.9756550214 
4.925 0.9857877244 
4.9416666667 0.9989505061 
4.9583333333 0.9897429445 
4.975 0.9844927148 
4.9916666667 0.9922952033 
