# Radial distribution function (300 data points):
# "Pair separation distance" g(r)
0.0083333333 0.0 
0.025 0.0 
0.0416666667 0.0 
0.0583333333 0.0 
0.075 0.0 
0.0916666667 0.0 
0.1083333333 0.0 
0.125 0.0 
0.1416666667 0.0 
0.1583333333 0.0 
0.175 0.0 
0.1916666667 0.0 
0.2083333333 0.0 
0.225 0.0 
0.2416666667 0.0 
0.2583333333 0.0 
0.275 0.0 
0.2916666667 0.0 
0.3083333333 0.0 
0.325 0.0 
0.3416666667 0.0 
0.3583333333 0.0 
0.375 0.0 
0.3916666667 0.0 
0.4083333333 0.0 
0.425 0.0 
0.4416666667 0.0 
0.4583333333 0.0 
0.475 0.0 
0.4916666667 0.0 
0.5083333333 0.0 
0.525 0.0 
0.5416666667 0.0 
0.5583333333 0.0 
0.575 0.0 
0.5916666667 0.0 
0.6083333333 0.0 
0.625 0.0 
0.6416666667 0.0 
0.6583333333 0.0 
0.675 0.0 
0.6916666667 0.0 
0.7083333333 0.0 
0.725 0.0 
0.7416666667 0.0 
0.7583333333 0.0 
0.775 0.0 
0.7916666667 0.0 
0.8083333333 0.0 
0.825 0.0 
0.8416666667 0.0070915393 
0.8583333333 0.0255705826 
0.875 0.1099057802 
0.8916666667 0.2590604455 
0.9083333333 0.5647369303 
0.925 1.0392331947 
0.9416666667 1.6018868653 
0.9583333333 1.9993011014 
0.975 2.4771735428 
0.9916666667 2.7458181662 
1.0083333333 3.0881389994 
1.025 2.9861395672 
1.0416666667 2.8959794381 
1.0583333333 2.7976384759 
1.075 2.6039710609 
1.0916666667 2.3438035919 
1.1083333333 2.1644464811 
1.125 2.0452197182 
1.1416666667 1.6978312245 
1.1583333333 1.563208247 
1.175 1.3308719715 
1.1916666667 1.2266898347 
1.2083333333 1.1019038474 
1.225 0.9365396685 
1.2416666667 0.8944596259 
1.2583333333 0.7289415859 
1.275 0.7100091166 
1.2916666667 0.6255601302 
1.3083333333 0.5928483868 
1.325 0.5272358981 
1.3416666667 0.4891005381 
1.3583333333 0.5016771146 
1.375 0.4975607015 
1.3916666667 0.5161933368 
1.4083333333 0.516079479 
1.425 0.5053151795 
1.4416666667 0.49249069 
1.4583333333 0.5226367034 
1.475 0.5207063136 
1.4916666667 0.50800664 
1.5083333333 0.582961413 
1.525 0.5940508785 
1.5416666667 0.6050555648 
1.5583333333 0.6190764122 
1.575 0.6024995958 
1.5916666667 0.6638154158 
1.6083333333 0.6651805199 
1.625 0.7091564759 
1.6416666667 0.7344419756 
1.6583333333 0.7841478324 
1.675 0.8653137713 
1.6916666667 0.8917961115 
1.7083333333 0.9454887149 
1.725 1.0416901209 
1.7416666667 1.0785723951 
1.7583333333 1.1638417264 
1.775 1.2425442503 
1.7916666667 1.3083492106 
1.8083333333 1.3761371707 
1.825 1.3744968348 
1.8416666667 1.4178664117 
1.8583333333 1.4281891309 
1.875 1.436850654 
1.8916666667 1.4632375273 
1.9083333333 1.3743332699 
1.925 1.4187635123 
1.9416666667 1.3348802062 
1.9583333333 1.2975185779 
1.975 1.2470552273 
1.9916666667 1.2427357282 
2.0083333333 1.186385575 
2.025 1.1167067082 
2.0416666667 1.1036714231 
2.0583333333 1.0722342828 
2.075 1.0197832031 
2.0916666667 1.0236914065 
2.1083333333 0.9971162956 
2.125 0.959564047 
2.1416666667 0.9071737123 
2.1583333333 0.8915998119 
2.175 0.9125020564 
2.1916666667 0.8934471101 
2.2083333333 0.8776942158 
2.225 0.8501338989 
2.2416666667 0.8405388011 
2.2583333333 0.8656099421 
2.275 0.8619521953 
2.2916666667 0.8551999518 
2.3083333333 0.8589233375 
2.325 0.9114765531 
2.3416666667 0.9067936872 
2.3583333333 0.8913123154 
2.375 0.9247149699 
2.3916666667 0.894525928 
2.4083333333 0.9296103046 
2.425 0.9047023604 
2.4416666667 0.883756249 
2.4583333333 0.9100530494 
2.475 0.8877911595 
2.4916666667 0.8878897541 
2.5083333333 0.8855119124 
2.525 0.8779974605 
2.5416666667 0.8777967716 
2.5583333333 0.8656294028 
2.575 0.8900705456 
2.5916666667 0.8949275523 
2.6083333333 0.8864810626 
2.625 0.9067926223 
2.6416666667 0.9254427698 
2.6583333333 0.9314699108 
2.675 0.9958990572 
2.6916666667 0.9894981617 
2.7083333333 1.0283825407 
2.725 1.0831582791 
2.7416666667 1.1430465484 
2.7583333333 1.1596487901 
2.775 1.1845781868 
2.7916666667 1.1949719494 
2.8083333333 1.2083804916 
2.825 1.2232788615 
2.8416666667 1.2422561086 
2.8583333333 1.2516390001 
2.875 1.2292679954 
2.8916666667 1.1873511628 
2.9083333333 1.163090594 
2.925 1.1620580862 
2.9416666667 1.1175774036 
2.9583333333 1.1073166334 
2.975 1.0651443094 
2.9916666667 1.0352070537 
3.0083333333 1.0119722529 
3.025 0.9963224291 
3.0416666667 0.9677858292 
3.0583333333 0.9497469647 
3.075 0.9308458292 
3.0916666667 0.9130843521 
3.1083333333 0.9038388082 
3.125 0.8973102269 
3.1416666667 0.8865424816 
3.1583333333 0.9064215146 
3.175 0.9235927412 
3.1916666667 0.9274110235 
3.2083333333 0.9433018737 
3.225 0.9231920429 
3.2416666667 0.9505353717 
3.2583333333 0.9280597671 
3.275 0.9304648728 
3.2916666667 0.977980937 
3.3083333333 0.9640210391 
3.325 0.9526768606 
3.3416666667 0.952982708 
3.3583333333 0.9481130443 
3.375 0.9545395951 
3.3916666667 0.9658166813 
3.4083333333 0.9584483587 
3.425 0.9478583122 
3.4416666667 0.9480311389 
3.4583333333 0.9571876764 
3.475 0.9502122127 
3.4916666667 0.9553789772 
3.5083333333 0.9146907746 
3.525 0.9373958084 
3.5416666667 0.9545273813 
3.5583333333 0.9644532951 
3.575 0.9410359739 
3.5916666667 0.9627965309 
3.6083333333 0.9668489391 
3.625 0.9711685992 
3.6416666667 0.989006408 
3.6583333333 1.0042273194 
3.675 1.0243397774 
3.6916666667 1.0269998326 
3.7083333333 1.0460103149 
3.725 1.0506103458 
3.7416666667 1.0908816448 
3.7583333333 1.0835397241 
3.775 1.1036941245 
3.7916666667 1.1147170434 
3.8083333333 1.127410287 
3.825 1.1549490465 
3.8416666667 1.1485237945 
3.8583333333 1.1671389791 
3.875 1.1520184425 
3.8916666667 1.1385233437 
3.9083333333 1.1322871906 
3.925 1.116251057 
3.9416666667 1.1057803815 
3.9583333333 1.0872699364 
3.975 1.0701432364 
3.9916666667 1.0379719553 
4.0083333333 1.023026264 
4.025 1.0110053933 
4.0416666667 0.9646253038 
4.0583333333 0.9657168932 
4.075 0.9548081595 
4.0916666667 0.9321916834 
4.1083333333 0.9267271503 
4.125 0.8844143612 
4.1416666667 0.8989835088 
4.1583333333 0.8904116465 
4.175 0.9021950637 
4.1916666667 0.879380113 
4.2083333333 0.8716484341 
4.225 0.8746353861 
4.2416666667 0.8800616348 
4.2583333333 0.8749870007 
4.275 0.8714077794 
4.2916666667 0.9033166014 
4.3083333333 0.8951909353 
4.325 0.9124093036 
4.3416666667 0.9135463998 
4.3583333333 0.9196645784 
4.375 0.9145082496 
4.3916666667 0.9446335823 
4.4083333333 0.9631619106 
4.425 0.981064103 
4.4416666667 0.9853655492 
4.4583333333 0.9969682813 
4.475 1.0030401636 
4.4916666667 1.0214452147 
4.5083333333 1.0335572247 
4.525 1.0560750655 
4.5416666667 1.0486427351 
4.5583333333 1.0570668846 
4.575 1.0784819094 
4.5916666667 1.0907422333 
4.6083333333 1.0833399984 
4.625 1.1019680883 
4.6416666667 1.1032792197 
4.6583333333 1.106337626 
4.675 1.1302995569 
4.6916666667 1.0964928478 
4.7083333333 1.1027376593 
4.725 1.1065044675 
4.7416666667 1.1084035929 
4.7583333333 1.1033151511 
4.775 1.1031731231 
4.7916666667 1.0910813866 
4.8083333333 1.0714709287 
4.825 1.0483285224 
4.8416666667 1.0559645906 
4.8583333333 1.0512328932 
4.875 1.0262476274 
4.8916666667 1.0071941154 
4.9083333333 0.9980197558 
4.925 0.9865126444 
4.9416666667 0.9760121379 
4.9583333333 0.9678780751 
4.975 0.945470247 
4.9916666667 0.9446614043 
