# Radial distribution function (300 data points):
# "Pair separation distance" g(r)
0.0083333333 0.0 
0.025 0.0 
0.0416666667 0.0 
0.0583333333 0.0 
0.075 0.0 
0.0916666667 0.0 
0.1083333333 0.0 
0.125 0.0 
0.1416666667 0.0 
0.1583333333 0.0 
0.175 0.0 
0.1916666667 0.0 
0.2083333333 0.0 
0.225 0.0 
0.2416666667 0.0 
0.2583333333 0.0 
0.275 0.0 
0.2916666667 0.0 
0.3083333333 0.0 
0.325 0.0 
0.3416666667 0.0 
0.3583333333 0.0 
0.375 0.0 
0.3916666667 0.0 
0.4083333333 0.0 
0.425 0.0 
0.4416666667 0.0 
0.4583333333 0.0 
0.475 0.0 
0.4916666667 0.0 
0.5083333333 0.0 
0.525 0.0 
0.5416666667 0.0 
0.5583333333 0.0 
0.575 0.0 
0.5916666667 0.0 
0.6083333333 0.0 
0.625 0.0 
0.6416666667 0.0 
0.6583333333 0.0 
0.675 0.0 
0.6916666667 0.0 
0.7083333333 0.0 
0.725 0.0 
0.7416666667 0.0 
0.7583333333 0.0 
0.775 0.0 
0.7916666667 0.0 
0.8083333333 0.0 
0.825 0.0 
0.8416666667 0.0 
0.8583333333 0.0289799937 
0.875 0.0803788542 
0.8916666667 0.2685382667 
0.9083333333 0.6210584031 
0.925 0.9775837679 
0.9416666667 1.4970772914 
0.9583333333 1.9787884362 
0.975 2.5154871603 
0.9916666667 2.8633136412 
1.0083333333 2.867028247 
1.025 3.0710138303 
1.0416666667 2.9469079334 
1.0583333333 2.7673634303 
1.075 2.5974502652 
1.0916666667 2.3543422771 
1.1083333333 2.2124998513 
1.125 1.9539241267 
1.1416666667 1.8230968654 
1.1583333333 1.5912898323 
1.175 1.4054662993 
1.1916666667 1.2541068389 
1.2083333333 1.0528729971 
1.225 0.9834084991 
1.2416666667 0.8675769596 
1.2583333333 0.7574964249 
1.275 0.6891492187 
1.2916666667 0.6368518293 
1.3083333333 0.5767064753 
1.325 0.5651510983 
1.3416666667 0.5177069889 
1.3583333333 0.4880630817 
1.375 0.4962321015 
1.3916666667 0.4565328004 
1.4083333333 0.4945497829 
1.425 0.507170682 
1.4416666667 0.5106191817 
1.4583333333 0.515550104 
1.475 0.534561027 
1.4916666667 0.5266335502 
1.5083333333 0.5211321722 
1.525 0.5670485658 
1.5416666667 0.5971290727 
1.5583333333 0.6066638526 
1.575 0.5827538107 
1.5916666667 0.6310956119 
1.6083333333 0.633135327 
1.625 0.6977414823 
1.6416666667 0.7092770856 
1.6583333333 0.78186435 
1.675 0.8590466255 
1.6916666667 0.9111066572 
1.7083333333 0.9545261582 
1.725 1.0442225929 
1.7416666667 1.110867461 
1.7583333333 1.2085267491 
1.775 1.2130452851 
1.7916666667 1.3263468373 
1.8083333333 1.3285119937 
1.825 1.395991024 
1.8416666667 1.4589693554 
1.8583333333 1.4631028454 
1.875 1.4464963446 
1.8916666667 1.4165571264 
1.9083333333 1.4336520459 
1.925 1.3875818967 
1.9416666667 1.3462068663 
1.9583333333 1.3292851862 
1.975 1.2692723228 
1.9916666667 1.2262714587 
2.0083333333 1.2013321649 
2.025 1.1344711046 
2.0416666667 1.0910167139 
2.0583333333 1.0544477036 
2.075 1.0235753031 
2.0916666667 0.9527851313 
2.1083333333 0.9795982422 
2.125 0.961789123 
2.1416666667 0.9707005162 
2.1583333333 0.9102028923 
2.175 0.890731568 
2.1916666667 0.8761900105 
2.2083333333 0.8774366764 
2.225 0.8711906323 
2.2416666667 0.8460374195 
2.2583333333 0.8439389108 
2.275 0.8685041968 
2.2916666667 0.8819847377 
2.3083333333 0.8862655733 
2.325 0.8705844111 
2.3416666667 0.9008384875 
2.3583333333 0.8888282933 
2.375 0.9140271975 
2.3916666667 0.9096762198 
2.4083333333 0.9142358971 
2.425 0.9149539453 
2.4416666667 0.8997670892 
2.4583333333 0.9196128668 
2.475 0.8754892035 
2.4916666667 0.8884966507 
2.5083333333 0.8763294174 
2.525 0.8827252907 
2.5416666667 0.8663261161 
2.5583333333 0.8452887429 
2.575 0.8720759293 
2.5916666667 0.8805294283 
2.6083333333 0.8997727404 
2.625 0.8685159488 
2.6416666667 0.927422519 
2.6583333333 0.9238276276 
2.675 0.980628839 
2.6916666667 0.9917517489 
2.7083333333 1.0682781671 
2.725 1.0899237899 
2.7416666667 1.1091277574 
2.7583333333 1.1360431279 
2.775 1.2007248536 
2.7916666667 1.2126991125 
2.8083333333 1.2200056597 
2.825 1.2627800829 
2.8416666667 1.2428782476 
2.8583333333 1.1986034493 
2.875 1.2198471529 
2.8916666667 1.2261034209 
2.9083333333 1.2037757495 
2.925 1.1820227021 
2.9416666667 1.1360101737 
2.9583333333 1.123676677 
2.975 1.0840177698 
2.9916666667 1.0402588978 
3.0083333333 0.998510746 
3.025 0.9714795637 
3.0416666667 0.9428072077 
3.0583333333 0.9200715682 
3.075 0.9352290929 
3.0916666667 0.900470149 
3.1083333333 0.9256775713 
3.125 0.9141581042 
3.1416666667 0.9038483202 
3.1583333333 0.9046587835 
3.175 0.910635282 
3.1916666667 0.9171776926 
3.2083333333 0.9184107106 
3.225 0.9239165887 
3.2416666667 0.9344002937 
3.2583333333 0.9493536815 
3.275 0.9730887356 
3.2916666667 0.9641869662 
3.3083333333 0.9411856401 
3.325 0.9449518396 
3.3416666667 0.9607433367 
3.3583333333 0.9648169386 
3.375 0.9500188462 
3.3916666667 0.9546802014 
3.4083333333 0.9455825545 
3.425 0.9586720126 
3.4416666667 0.9541809886 
3.4583333333 0.9386004883 
3.475 0.9366912421 
3.4916666667 0.9487858939 
3.5083333333 0.9330580593 
3.525 0.9225373672 
3.5416666667 0.9570306001 
3.5583333333 0.9285454382 
3.575 0.9485045133 
3.5916666667 0.9632833326 
3.6083333333 0.9536335041 
3.625 0.9718376456 
3.6416666667 0.9769788475 
3.6583333333 1.0011304591 
3.675 0.9971852413 
3.6916666667 1.031331221 
3.7083333333 1.0450970081 
3.725 1.0755925509 
3.7416666667 1.1055941932 
3.7583333333 1.1033681632 
3.775 1.1061618587 
3.7916666667 1.1296556496 
3.8083333333 1.140573077 
3.825 1.1572668422 
3.8416666667 1.1639270849 
3.8583333333 1.170682411 
3.875 1.1630593511 
3.8916666667 1.1512943099 
3.9083333333 1.1303138486 
3.925 1.1471493298 
3.9416666667 1.0959181689 
3.9583333333 1.0923199221 
3.975 1.0736406962 
3.9916666667 1.0628019345 
4.0083333333 1.0199775879 
4.025 0.9987564206 
4.0416666667 0.9847697188 
4.0583333333 0.9590825462 
4.075 0.9405132655 
4.0916666667 0.9180130074 
4.1083333333 0.9108029805 
4.125 0.90094823 
4.1416666667 0.8832414128 
4.1583333333 0.8831483163 
4.175 0.8846137527 
4.1916666667 0.8619383354 
4.2083333333 0.8636347433 
4.225 0.8620410868 
4.2416666667 0.8674963065 
4.2583333333 0.8874541629 
4.275 0.9019895193 
4.2916666667 0.8784271503 
4.3083333333 0.8893718559 
4.325 0.8909906143 
4.3416666667 0.9037519777 
4.3583333333 0.9164908133 
4.375 0.9110961502 
4.3916666667 0.9469127892 
4.4083333333 0.9664579757 
4.425 0.9581651239 
4.4416666667 0.9662668501 
4.4583333333 0.9979792772 
4.475 1.0037300555 
4.4916666667 1.0261141805 
4.5083333333 1.0381917334 
4.525 1.0468742024 
4.5416666667 1.0670923199 
4.5583333333 1.0694581649 
4.575 1.0755416316 
4.5916666667 1.0936612049 
4.6083333333 1.1149211513 
4.625 1.1245734652 
4.6416666667 1.1288121531 
4.6583333333 1.1090578912 
4.675 1.1155307844 
4.6916666667 1.1246797379 
4.7083333333 1.1152018128 
4.725 1.1160117762 
4.7416666667 1.1229275791 
4.7583333333 1.0881716099 
4.775 1.1052112419 
4.7916666667 1.0838607538 
4.8083333333 1.0782613296 
4.825 1.0555036816 
4.8416666667 1.0450883 
4.8583333333 1.0353760698 
4.875 1.0375570147 
4.8916666667 1.020368628 
4.9083333333 0.9882710254 
4.925 0.9757424035 
4.9416666667 0.9758578439 
4.9583333333 0.9766138056 
4.975 0.9552639223 
4.9916666667 0.9462239946 
