# Radial distribution function (300 data points):
# "Pair separation distance" g(r)
0.0083333333 0.0 
0.025 0.0 
0.0416666667 0.0 
0.0583333333 0.0 
0.075 0.0 
0.0916666667 0.0 
0.1083333333 0.0 
0.125 0.0 
0.1416666667 0.0 
0.1583333333 0.0 
0.175 0.0 
0.1916666667 0.0 
0.2083333333 0.0 
0.225 0.0 
0.2416666667 0.0 
0.2583333333 0.0 
0.275 0.0 
0.2916666667 0.0 
0.3083333333 0.0 
0.325 0.0 
0.3416666667 0.0 
0.3583333333 0.0 
0.375 0.0 
0.3916666667 0.0 
0.4083333333 0.0 
0.425 0.0 
0.4416666667 0.0 
0.4583333333 0.0 
0.475 0.0 
0.4916666667 0.0 
0.5083333333 0.0 
0.525 0.0 
0.5416666667 0.0 
0.5583333333 0.0 
0.575 0.0 
0.5916666667 0.0 
0.6083333333 0.0 
0.625 0.0 
0.6416666667 0.0 
0.6583333333 0.0 
0.675 0.0 
0.6916666667 0.0 
0.7083333333 0.0 
0.725 0.0 
0.7416666667 0.0 
0.7583333333 0.0 
0.775 0.0 
0.7916666667 0.0 
0.8083333333 0.0 
0.825 0.0 
0.8416666667 0.0035457696 
0.8583333333 0.0204564661 
0.875 0.0935019324 
0.8916666667 0.2574808086 
0.9083333333 0.6149695953 
0.925 1.0465724122 
0.9416666667 1.5650618799 
0.9583333333 2.0772492292 
0.975 2.4045097855 
0.9916666667 2.7253841705 
1.0083333333 2.972024973 
1.025 2.9299551958 
1.0416666667 2.8485233402 
1.0583333333 2.9097682746 
1.075 2.6028842616 
1.0916666667 2.3806889902 
1.1083333333 2.1531999477 
1.125 1.9827020849 
1.1416666667 1.7980437372 
1.1583333333 1.6577495841 
1.175 1.3881822478 
1.1916666667 1.2532224194 
1.2083333333 1.0528729971 
1.225 0.9775498953 
1.2416666667 0.836621162 
1.2583333333 0.8027082534 
1.275 0.6930121628 
1.2916666667 0.62857125 
1.3083333333 0.584777431 
1.325 0.5315281849 
1.3416666667 0.504450341 
1.3583333333 0.4683227339 
1.375 0.4769674014 
1.3916666667 0.4831206481 
1.4083333333 0.4907504248 
1.425 0.4725346354 
1.4416666667 0.4943035392 
1.4583333333 0.5409437518 
1.475 0.5322519081 
1.4916666667 0.5288913575 
1.5083333333 0.553702933 
1.525 0.5719089821 
1.5416666667 0.5812760885 
1.5583333333 0.5968372429 
1.575 0.653129814 
1.5916666667 0.6603451335 
1.6083333333 0.6700358522 
1.625 0.7015464802 
1.6416666667 0.7651990634 
1.6583333333 0.7590295267 
1.675 0.818310178 
1.6916666667 0.8983792521 
1.7083333333 0.936881626 
1.725 1.0450667502 
1.7416666667 1.1017585963 
1.7583333333 1.1589669967 
1.775 1.2218152478 
1.7916666667 1.3118704854 
1.8083333333 1.3480997681 
1.825 1.4106975745 
1.8416666667 1.4215693796 
1.8583333333 1.4332807143 
1.875 1.4507833182 
1.8916666667 1.4435826217 
1.9083333333 1.4005438918 
1.925 1.3835147294 
1.9416666667 1.3528696075 
1.9583333333 1.3260102781 
1.975 1.2827957722 
1.9916666667 1.2107570509 
2.0083333333 1.2181470786 
2.025 1.1445784335 
2.0416666667 1.1015623049 
2.0583333333 1.067787638 
2.075 1.0294093031 
2.0916666667 0.9912525032 
2.1083333333 0.9586895979 
2.125 0.9768083863 
2.1416666667 0.9156622077 
2.1583333333 0.9315020714 
2.175 0.8941829869 
2.1916666667 0.8790661937 
2.2083333333 0.8673926405 
2.225 0.8453136828 
2.2416666667 0.8650326466 
2.2583333333 0.8771842429 
2.275 0.8573415276 
2.2916666667 0.8638093473 
2.3083333333 0.8655231875 
2.325 0.8819691552 
2.3416666667 0.8685429811 
2.3583333333 0.8917639558 
2.375 0.9164764787 
2.3916666667 0.9136284699 
2.4083333333 0.9092554552 
2.425 0.9168761174 
2.4416666667 0.9176739501 
2.4583333333 0.904026208 
2.475 0.8828703771 
2.4916666667 0.8826299834 
2.5083333333 0.8753313201 
2.525 0.8959238166 
2.5416666667 0.8785744432 
2.5583333333 0.8880808858 
2.575 0.8747277675 
2.5916666667 0.8857651097 
2.6083333333 0.9021726266 
2.625 0.9060635428 
2.6416666667 0.9139242289 
2.6583333333 0.9224058075 
2.675 0.9650075813 
2.6916666667 0.9959122177 
2.7083333333 1.0393409961 
2.725 1.0606629557 
2.7416666667 1.0992695866 
2.7583333333 1.1548616278 
2.775 1.1684315201 
2.7916666667 1.2175337933 
2.8083333333 1.2292420947 
2.825 1.2360262676 
2.8416666667 1.2424116433 
2.8583333333 1.225351814 
2.875 1.2244056251 
2.8916666667 1.2118341786 
2.9083333333 1.2233758974 
2.925 1.1579477241 
2.9416666667 1.152265845 
2.9583333333 1.1011457398 
2.975 1.079902504 
2.9916666667 1.0443284389 
3.0083333333 1.0233520835 
3.025 0.9702442831 
3.0416666667 0.9597763799 
3.0583333333 0.930948071 
3.075 0.9244701728 
3.0916666667 0.8933746597 
3.1083333333 0.9087785285 
3.125 0.9043837632 
3.1416666667 0.9098290144 
3.1583333333 0.9026442337 
3.175 0.8801104983 
3.1916666667 0.9418363213 
3.2083333333 0.9026707103 
3.225 0.9472228103 
3.2416666667 0.9505353717 
3.2583333333 0.949471981 
3.275 0.9510742131 
3.2916666667 0.960941326 
3.3083333333 0.9730863482 
3.325 0.9424525681 
3.3416666667 0.971653206 
3.3583333333 0.9505629488 
3.375 0.9574064115 
3.3916666667 0.9448538956 
3.4083333333 0.9446095104 
3.425 0.9525692312 
3.4416666667 0.936261599 
3.4583333333 0.9684239991 
3.475 0.9674774521 
3.4916666667 0.9438410814 
3.5083333333 0.9304050071 
3.525 0.9175845535 
3.5416666667 0.9575312438 
3.5583333333 0.9533436819 
3.575 0.9402498118 
3.5916666667 0.9476083158 
3.6083333333 0.9529582629 
3.625 0.9754696116 
3.6416666667 0.9756529747 
3.6583333333 1.0061980486 
3.675 1.0036948904 
3.6916666667 1.0270919898 
3.7083333333 1.0398911591 
3.725 1.0590282627 
3.7416666667 1.0827179745 
3.7583333333 1.1101258375 
3.775 1.1067787923 
3.7916666667 1.1219679458 
3.8083333333 1.1590183026 
3.825 1.1494550121 
3.8416666667 1.1631611754 
3.8583333333 1.1700074716 
3.875 1.1408938906 
3.8916666667 1.1523723785 
3.9083333333 1.1458539167 
3.925 1.1229361714 
3.9416666667 1.1211395651 
3.9583333333 1.08975485 
3.975 1.0715740154 
3.9916666667 1.0490075016 
4.0083333333 1.0284982468 
4.025 1.0014698006 
4.0416666667 0.9883834115 
4.0583333333 0.949321668 
4.075 0.9352188603 
4.0916666667 0.9286657693 
4.1083333333 0.9166071171 
4.125 0.9021292207 
4.1416666667 0.8995692612 
4.1583333333 0.8861262817 
4.175 0.8649428596 
4.1916666667 0.8740189108 
4.2083333333 0.8690953998 
4.225 0.8721728136 
4.2416666667 0.8800616348 
4.2583333333 0.8796968176 
4.275 0.8884510861 
4.2916666667 0.8938381529 
4.3083333333 0.8864623162 
4.325 0.8900506092 
4.3416666667 0.8894934313 
4.3583333333 0.9207225002 
4.375 0.9067654087 
4.3916666667 0.9447638227 
4.4083333333 0.9594134445 
4.425 0.9770872495 
4.4416666667 0.9898855746 
4.4583333333 0.991091868 
4.475 0.9896186295 
4.4916666667 1.0300983647 
4.5083333333 1.0378827661 
4.525 1.0591420198 
4.5416666667 1.06490029 
4.5583333333 1.0623256231 
4.575 1.0780018641 
4.5916666667 1.0951504761 
4.6083333333 1.088130398 
4.625 1.1119496833 
4.6416666667 1.1183191668 
4.6583333333 1.1022861673 
4.675 1.129035304 
4.6916666667 1.1091598308 
4.7083333333 1.113615466 
4.725 1.1223124779 
4.7416666667 1.1293516499 
4.7583333333 1.0897247936 
4.775 1.0963977551 
4.7916666667 1.0910813866 
4.8083333333 1.0662015777 
4.825 1.0535075846 
4.8416666667 1.0534464347 
4.8583333333 1.0505943634 
4.875 1.0198002196 
4.8916666667 1.0163270445 
4.9083333333 1.0037021708 
4.925 0.9885838446 
4.9416666667 0.9821838962 
4.9583333333 0.9709432437 
4.975 0.940649526 
4.9916666667 0.9354370813 
