# Radial distribution function (300 data points):
# "Pair separation distance" g(r)
0.0083333333 0.0 
0.025 0.0 
0.0416666667 0.0 
0.0583333333 0.0 
0.075 0.0 
0.0916666667 0.0 
0.1083333333 0.0 
0.125 0.0 
0.1416666667 0.0 
0.1583333333 0.0 
0.175 0.0 
0.1916666667 0.0 
0.2083333333 0.0 
0.225 0.0 
0.2416666667 0.0 
0.2583333333 0.0 
0.275 0.0 
0.2916666667 0.0 
0.3083333333 0.0 
0.325 0.0 
0.3416666667 0.0 
0.3583333333 0.0 
0.375 0.0 
0.3916666667 0.0 
0.4083333333 0.0 
0.425 0.0 
0.4416666667 0.0 
0.4583333333 0.0 
0.475 0.0 
0.4916666667 0.0 
0.5083333333 0.0 
0.525 0.0 
0.5416666667 0.0 
0.5583333333 0.0 
0.575 0.0 
0.5916666667 0.0 
0.6083333333 0.0 
0.625 0.0 
0.6416666667 0.0 
0.6583333333 0.0 
0.675 0.0 
0.6916666667 0.0 
0.7083333333 0.0 
0.725 0.0 
0.7416666667 0.0 
0.7583333333 0.0 
0.775 0.0 
0.7916666667 0.0 
0.8083333333 0.0 
0.825 0.0 
0.8416666667 0.0053186545 
0.8583333333 0.0238658771 
0.875 0.096782702 
0.8916666667 0.2969717302 
0.9083333333 0.6301916149 
0.925 1.114093213 
0.9416666667 1.658540689 
0.9583333333 1.9842584803 
0.975 2.4282906516 
0.9916666667 2.7470952909 
1.0083333333 2.848499413 
1.025 3.0638413573 
1.0416666667 2.9642699205 
1.0583333333 2.7729699202 
1.075 2.5278951117 
1.0916666667 2.4618368663 
1.1083333333 2.1767154267 
1.125 1.9578935002 
1.1416666667 1.7248115164 
1.1583333333 1.5220219219 
1.175 1.3963694301 
1.1916666667 1.2249209957 
1.2083333333 1.050292426 
1.225 0.9206377439 
1.2416666667 0.7999629806 
1.2583333333 0.7804989342 
1.275 0.6860588635 
1.2916666667 0.654165768 
1.3083333333 0.6155938076 
1.325 0.5758818154 
1.3416666667 0.5079389325 
1.3583333333 0.4948700981 
1.375 0.4902534015 
1.3916666667 0.4915509413 
1.4083333333 0.4692207287 
1.425 0.5319107153 
1.4416666667 0.4876564256 
1.4583333333 0.5090540546 
1.475 0.5437975027 
1.4916666667 0.5418737494 
1.5083333333 0.6138760334 
1.525 0.5756893059 
1.5416666667 0.5643662386 
1.5583333333 0.6221795521 
1.575 0.6500920009 
1.5916666667 0.6638154158 
1.6083333333 0.6666371196 
1.625 0.7067783522 
1.6416666667 0.7349079921 
1.6583333333 0.78186435 
1.675 0.8402451882 
1.6916666667 0.9216396821 
1.7083333333 0.983359906 
1.725 1.0383134917 
1.7416666667 1.0777443165 
1.7583333333 1.1894340576 
1.775 1.2349701917 
1.7916666667 1.3009154082 
1.8083333333 1.3722964306 
1.825 1.3612986485 
1.8416666667 1.4271238314 
1.8583333333 1.407459113 
1.875 1.4325636804 
1.8916666667 1.4383179148 
1.9083333333 1.3653664781 
1.925 1.3472491547 
1.9416666667 1.3168908049 
1.9583333333 1.2726292765 
1.975 1.2879475624 
1.9916666667 1.2193058062 
2.0083333333 1.2125421074 
2.025 1.1286517333 
2.0416666667 1.1235573947 
2.0583333333 1.0630445502 
2.075 1.0533287032 
2.0916666667 1.0446475121 
2.1083333333 0.9807284392 
2.125 0.9804241349 
2.1416666667 0.9077213572 
2.1583333333 0.9312324615 
2.175 0.9024132935 
2.1916666667 0.8866488587 
2.2083333333 0.8671351011 
2.225 0.8554615062 
2.2416666667 0.8522858495 
2.2583333333 0.8471403131 
2.275 0.8721441977 
2.2916666667 0.8652442465 
2.3083333333 0.8874441179 
2.325 0.8996271256 
2.3416666667 0.8799952883 
2.3583333333 0.8755049017 
2.375 0.8939876244 
2.3916666667 0.8938672196 
2.4083333333 0.9254960266 
2.425 0.8942372009 
2.4416666667 0.8957643792 
2.4583333333 0.8963367897 
2.475 0.8861508987 
2.4916666667 0.9097380324 
2.5083333333 0.8881069654 
2.525 0.8685418002 
2.5416666667 0.8649651909 
2.5583333333 0.8637104726 
2.575 0.8756748526 
2.5916666667 0.8807164169 
2.6083333333 0.909556892 
2.625 0.9328572143 
2.6416666667 0.9277824734 
2.6583333333 0.9577735832 
2.675 0.9894048264 
2.6916666667 1.0184480904 
2.7083333333 1.0600593256 
2.725 1.0748705284 
2.7416666667 1.1273403102 
2.7583333333 1.1504046147 
2.775 1.1912651902 
2.7916666667 1.2317155238 
2.8083333333 1.2106099759 
2.825 1.2176133477 
2.8416666667 1.2394564829 
2.8583333333 1.2159745137 
2.875 1.21376919 
2.8916666667 1.20132 
2.9083333333 1.1782361629 
2.925 1.1382767054 
2.9416666667 1.122367021 
2.9583333333 1.0796193666 
2.975 1.0647185923 
2.9916666667 1.0318391577 
3.0083333333 1.0062823376 
3.025 0.9654404141 
3.0416666667 0.9605909002 
3.0583333333 0.9536410212 
3.075 0.9303145245 
3.0916666667 0.9141355357 
3.1083333333 0.9157981309 
3.125 0.9221319087 
3.1416666667 0.9147917181 
3.1583333333 0.9036515086 
3.175 0.9146221925 
3.1916666667 0.9282740755 
3.2083333333 0.9264637339 
3.225 0.9369584122 
3.2416666667 0.9259144378 
3.2583333333 0.9358675357 
3.275 0.9636037551 
3.2916666667 0.9404242434 
3.3083333333 0.952201712 
3.325 0.9551761322 
3.3416666667 0.9551196927 
3.3583333333 0.9416542051 
3.375 0.9697557744 
3.3916666667 0.9623228837 
3.4083333333 0.9344466062 
3.425 0.9514985678 
3.4416666667 0.9501517767 
3.4583333333 0.9647485664 
3.475 0.9235863013 
3.4916666667 0.9460044369 
3.5083333333 0.9506090201 
3.525 0.9470992802 
3.5416666667 0.9475183687 
3.5583333333 0.9363816832 
3.575 0.986338562 
3.5916666667 0.9618229273 
3.6083333333 0.993376272 
3.625 0.9752784555 
3.6416666667 0.994215194 
3.6583333333 1.0117348594 
3.675 1.0279665819 
3.6916666667 1.0358469238 
3.7083333333 1.0431790637 
3.725 1.0619247503 
3.7416666667 1.0959054418 
3.7583333333 1.1125265902 
3.775 1.1139175948 
3.7916666667 1.1329753398 
3.8083333333 1.1327793198 
3.825 1.1447335762 
3.8416666667 1.154310666 
3.8583333333 1.1497592892 
3.875 1.1193975761 
3.8916666667 1.1116545577 
3.9083333333 1.1202004708 
3.925 1.112826974 
3.9416666667 1.0793464181 
3.9583333333 1.077490599 
3.975 1.0448661399 
3.9916666667 1.0347401168 
4.0083333333 1.0128640103 
4.025 0.9817008891 
4.0416666667 0.9723140118 
4.0583333333 0.9666319755 
4.075 0.9520853226 
4.0916666667 0.9207137076 
4.1083333333 0.9186906534 
4.125 0.9276681431 
4.1416666667 0.8944439277 
4.1583333333 0.8936801451 
4.175 0.8878562076 
4.1916666667 0.8982515444 
4.2083333333 0.8769672554 
4.225 0.8792790942 
4.2416666667 0.8814577824 
4.2583333333 0.8778267432 
4.275 0.8837091984 
4.2916666667 0.8810865711 
4.3083333333 0.9018219793 
4.325 0.9031435383 
4.3416666667 0.9238738516 
4.3583333333 0.9189372573 
4.375 0.9595873317 
4.3916666667 0.951471203 
4.4083333333 0.9694308971 
4.425 0.9706088268 
4.4416666667 0.9954878597 
4.4583333333 1.0051826226 
4.475 1.024740401 
4.4916666667 1.0099284324 
4.5083333333 1.0541962366 
4.525 1.0507385649 
4.5416666667 1.0536965818 
4.5583333333 1.0748982393 
4.575 1.0917431625 
4.5916666667 1.0840702983 
4.6083333333 1.1033887078 
4.625 1.0970947213 
4.6416666667 1.0877146233 
4.6583333333 1.1048327985 
4.675 1.1052443631 
4.6916666667 1.1020275206 
4.7083333333 1.1165615387 
4.725 1.095759521 
4.7416666667 1.1081242854 
4.7583333333 1.1035370345 
4.775 1.0830122721 
4.7916666667 1.0606672058 
4.8083333333 1.0618557212 
4.825 1.055449733 
4.8416666667 1.0464813224 
4.8583333333 1.0189871383 
4.875 1.0193774388 
4.8916666667 1.0140175682 
4.9083333333 0.9907212411 
4.925 0.9847003443 
4.9416666667 0.9583711955 
4.9583333333 0.9574054157 
4.975 0.9483626796 
4.9916666667 0.9340761157 
