# Radial distribution function (300 data points):
# "Pair separation distance" g(r)
0.0083333333 0.0 
0.025 0.0 
0.0416666667 0.0 
0.0583333333 0.0 
0.075 0.0 
0.0916666667 0.0 
0.1083333333 0.0 
0.125 0.0 
0.1416666667 0.0 
0.1583333333 0.0 
0.175 0.0 
0.1916666667 0.0 
0.2083333333 0.0 
0.225 0.0 
0.2416666667 0.0 
0.2583333333 0.0 
0.275 0.0 
0.2916666667 0.0 
0.3083333333 0.0 
0.325 0.0 
0.3416666667 0.0 
0.3583333333 0.0 
0.375 0.0 
0.3916666667 0.0 
0.4083333333 0.0 
0.425 0.0 
0.4416666667 0.0 
0.4583333333 0.0 
0.475 0.0 
0.4916666667 0.0 
0.5083333333 0.0 
0.525 0.0 
0.5416666667 0.0 
0.5583333333 0.0 
0.575 0.0 
0.5916666667 0.0 
0.6083333333 0.0 
0.625 0.0 
0.6416666667 0.0 
0.6583333333 0.0 
0.675 0.0 
0.6916666667 0.0 
0.7083333333 0.0 
0.725 0.0 
0.7416666667 0.0 
0.7583333333 0.0 
0.775 0.0 
0.7916666667 0.0 
0.8083333333 0.0 
0.825 0.0 
0.8416666667 0.0035457696 
0.8583333333 0.0153423496 
0.875 0.0951423172 
0.8916666667 0.2922328196 
0.9083333333 0.5479927086 
0.925 1.0025371073 
0.9416666667 1.5027426738 
0.9583333333 1.9350280838 
0.975 2.5392680263 
0.9916666667 2.7458181662 
1.0083333333 3.0127884078 
1.025 2.9741854456 
1.0416666667 2.9388056728 
1.0583333333 2.788668092 
1.075 2.6507034297 
1.0916666667 2.4312746792 
1.1083333333 2.1583120084 
1.125 2.0174341034 
1.1416666667 1.8211697016 
1.1583333333 1.5641442998 
1.175 1.4109244209 
1.1916666667 1.2311119321 
1.2083333333 1.0528729971 
1.225 0.9850823859 
1.2416666667 0.849655182 
1.2583333333 0.8011218735 
1.275 0.7192801823 
1.2916666667 0.602976732 
1.3083333333 0.5510261615 
1.325 0.5444050453 
1.3416666667 0.5302659186 
1.3583333333 0.4724069437 
1.375 0.4736459014 
1.3916666667 0.4857145845 
1.4083333333 0.4628884652 
1.425 0.5009856737 
1.4416666667 0.4876564256 
1.4583333333 0.5427154016 
1.475 0.5259018311 
1.4916666667 0.5317136166 
1.5083333333 0.5630877284 
1.525 0.5881103697 
1.5416666667 0.5902594462 
1.5583333333 0.6004575728 
1.575 0.6232579853 
1.5916666667 0.650925796 
1.6083333333 0.6603251877 
1.625 0.6887046124 
1.6416666667 0.6822481296 
1.6583333333 0.7530924727 
1.675 0.8187578312 
1.6916666667 0.8808242105 
1.7083333333 0.9575386393 
1.725 1.0366251771 
1.7416666667 1.1063130286 
1.7583333333 1.1614043616 
1.775 1.2437401543 
1.7916666667 1.2958291224 
1.8083333333 1.3991816112 
1.825 1.415599758 
1.8416666667 1.4108307726 
1.8583333333 1.4198243868 
1.875 1.4836501159 
1.8916666667 1.4604296836 
1.9083333333 1.3964053726 
1.925 1.4011391209 
1.9416666667 1.3482056887 
1.9583333333 1.3276477321 
1.975 1.2937433265 
1.9916666667 1.2284878027 
2.0083333333 1.2035118759 
2.025 1.1258951891 
2.0416666667 1.1118065933 
2.0583333333 1.0787560285 
2.075 1.0288259031 
2.0916666667 1.0101991193 
2.1083333333 0.9671660753 
2.125 0.9331412688 
2.1416666667 0.8956731702 
2.1583333333 0.8740751709 
2.175 0.8848907053 
2.1916666667 0.9120115657 
2.2083333333 0.8653323254 
2.225 0.8506412901 
2.2416666667 0.8410386755 
2.2583333333 0.8776767663 
2.275 0.873600198 
2.2916666667 0.8817455879 
2.3083333333 0.8843799018 
2.325 0.9063650354 
2.3416666667 0.9038160874 
2.3583333333 0.8867959115 
2.375 0.9264962653 
2.3916666667 0.9123110532 
2.4083333333 0.9131531923 
2.425 0.9004308668 
2.4416666667 0.9058764888 
2.4583333333 0.8813735973 
2.475 0.9130101693 
2.4916666667 0.913581711 
2.5083333333 0.8865100097 
2.525 0.8630259983 
2.5416666667 0.8620489226 
2.5583333333 0.8882727788 
2.575 0.8665828359 
2.5916666667 0.8427577263 
2.6083333333 0.9066031859 
2.625 0.8672400597 
2.6416666667 0.9106846393 
2.6583333333 0.9103203364 
2.675 0.9646565418 
2.6916666667 0.9957388649 
2.7083333333 1.0020137576 
2.725 1.0691198442 
2.7416666667 1.096763272 
2.7583333333 1.1480935708 
2.775 1.2015403418 
2.7916666667 1.1917488288 
2.8083333333 1.2179354243 
2.825 1.2357115168 
2.8416666667 1.2635643703 
2.8583333333 1.254867251 
2.875 1.2497811202 
2.8916666667 1.2406730683 
2.9083333333 1.2008060301 
2.925 1.2052168883 
2.9416666667 1.1550235036 
2.9583333333 1.1038724137 
2.975 1.072381501 
2.9916666667 1.0514852181 
3.0083333333 0.9993434165 
3.025 0.9998910175 
3.0416666667 0.9603193935 
3.0583333333 0.9227571245 
3.075 0.9275251748 
3.0916666667 0.8990247715 
3.1083333333 0.8914895077 
3.125 0.9082420557 
3.1416666667 0.9169549479 
3.1583333333 0.8885423849 
3.175 0.9063991895 
3.1916666667 0.9058347234 
3.2083333333 0.9359809434 
3.225 0.9336979563 
3.2416666667 0.9426471113 
3.2583333333 0.9356309367 
3.275 0.9584514201 
3.2916666667 0.958043433 
3.3083333333 0.9601195136 
3.325 0.9778967823 
3.3416666667 0.9575940961 
3.3583333333 0.9385361448 
3.375 0.9635810929 
3.3916666667 0.9650524131 
3.4083333333 0.9465555985 
3.425 0.9695927793 
3.4416666667 0.9493035216 
3.4583333333 0.936185204 
3.475 0.9527083919 
3.4916666667 0.9225165776 
3.5083333333 0.9274458334 
3.525 0.9361828745 
3.5416666667 0.9393078112 
3.5583333333 0.9413413319 
3.575 0.9360241908 
3.5916666667 0.9446875052 
3.6083333333 0.9437942752 
3.625 0.9588390303 
3.6416666667 0.9691183159 
3.6583333333 0.9753232904 
3.675 1.0072286999 
3.6916666667 1.0238664878 
3.7083333333 1.050028865 
3.725 1.053778379 
3.7416666667 1.0709658779 
3.7583333333 1.1021233284 
3.775 1.1062499921 
3.7916666667 1.1132319188 
3.8083333333 1.1553812158 
3.825 1.18284844 
3.8416666667 1.1748200195 
3.8583333333 1.1695856345 
3.875 1.1755221949 
3.8916666667 1.1663043416 
3.9083333333 1.1471694781 
3.925 1.1387521738 
3.9416666667 1.1451483942 
3.9583333333 1.1212571418 
3.975 1.0857228304 
3.9916666667 1.0529487682 
4.0083333333 1.0229480929 
4.025 1.0130985721 
4.0416666667 0.9906900239 
4.0583333333 0.9695297362 
4.075 0.9575309965 
4.0916666667 0.9183130852 
4.1083333333 0.9105053325 
4.125 0.888916888 
4.1416666667 0.8930527657 
4.1583333333 0.8694932556 
4.175 0.8577374042 
4.1916666667 0.870230328 
4.2083333333 0.8529971007 
4.225 0.8504318166 
4.2416666667 0.8769203028 
4.2583333333 0.876580027 
4.275 0.8694148121 
4.2916666667 0.8758359197 
4.3083333333 0.8904544753 
4.325 0.8925349086 
4.3416666667 0.8873613122 
4.3583333333 0.910209403 
4.375 0.9139176939 
4.3916666667 0.9368842788 
4.4083333333 0.9404125989 
4.425 0.9680431149 
4.4416666667 0.9701502522 
4.4583333333 0.9938089193 
4.475 1.0039809253 
4.4916666667 1.0128543176 
4.5083333333 1.035658202 
4.525 1.042396449 
4.5416666667 1.0655091872 
4.5583333333 1.0707879609 
4.575 1.0710412063 
4.5916666667 1.082640598 
4.6083333333 1.1038618337 
4.625 1.1108340933 
4.6416666667 1.1196016429 
4.6583333333 1.1265949197 
4.675 1.1261045359 
4.6916666667 1.1271332526 
4.7083333333 1.1444359185 
4.725 1.1267567228 
4.7416666667 1.1131518191 
4.7583333333 1.1171828629 
4.775 1.107304445 
4.7916666667 1.0913548955 
4.8083333333 1.0801626418 
4.825 1.0881425636 
4.8416666667 1.0742881935 
4.8583333333 1.0481998766 
4.875 1.034439006 
4.8916666667 1.0175342707 
4.9083333333 1.0028159226 
4.925 0.9950045651 
4.9416666667 0.9847554621 
4.9583333333 0.9651194233 
4.975 0.9561265776 
4.9916666667 0.9302452493 
