# Radial distribution function (300 data points):
# "Pair separation distance" g(r)
0.0083333333 0.0 
0.025 0.0 
0.0416666667 0.0 
0.0583333333 0.0 
0.075 0.0 
0.0916666667 0.0 
0.1083333333 0.0 
0.125 0.0 
0.1416666667 0.0 
0.1583333333 0.0 
0.175 0.0 
0.1916666667 0.0 
0.2083333333 0.0 
0.225 0.0 
0.2416666667 0.0 
0.2583333333 0.0 
0.275 0.0 
0.2916666667 0.0 
0.3083333333 0.0 
0.325 0.0 
0.3416666667 0.0 
0.3583333333 0.0 
0.375 0.0 
0.3916666667 0.0 
0.4083333333 0.0 
0.425 0.0 
0.4416666667 0.0 
0.4583333333 0.0 
0.475 0.0 
0.4916666667 0.0 
0.5083333333 0.0 
0.525 0.0 
0.5416666667 0.0 
0.5583333333 0.0 
0.575 0.0 
0.5916666667 0.0 
0.6083333333 0.0 
0.625 0.0 
0.6416666667 0.0 
0.6583333333 0.0 
0.675 0.0 
0.6916666667 0.0 
0.7083333333 0.0 
0.725 0.0 
0.7416666667 0.0 
0.7583333333 0.0 
0.775 0.0 
0.7916666667 0.0 
0.8083333333 0.0 
0.825 0.0018452376 
0.8416666667 0.0035457696 
0.8583333333 0.0255705826 
0.875 0.0803788542 
0.8916666667 0.2906531828 
0.9083333333 0.5967031716 
0.925 1.0803328126 
0.9416666667 1.6217157036 
0.9583333333 2.0663091411 
0.975 2.5564430962 
0.9916666667 2.7534809145 
1.0083333333 2.9016154038 
1.025 2.9562542632 
1.0416666667 2.9249160832 
1.0583333333 2.7292392988 
1.075 2.5344159073 
1.0916666667 2.4101973088 
1.1083333333 2.20227573 
1.125 1.9946102055 
1.1416666667 1.6978312245 
1.1583333333 1.5435511373 
1.175 1.3872725608 
1.1916666667 1.2116547033 
1.2083333333 1.0700768042 
1.225 0.9792237821 
1.2416666667 0.846396677 
1.2583333333 0.7479781452 
1.275 0.6821959194 
1.2916666667 0.6338407096 
1.3083333333 0.570102966 
1.325 0.5522742379 
1.3416666667 0.5309636369 
1.3583333333 0.5220981641 
1.375 0.4743102014 
1.3916666667 0.4850661004 
1.4083333333 0.4907504248 
1.425 0.5195406987 
1.4416666667 0.4961163883 
1.4583333333 0.5616129999 
1.475 0.5080061596 
1.4916666667 0.5712252441 
1.5083333333 0.5813052726 
1.525 0.5816298147 
1.5416666667 0.5929016102 
1.5583333333 0.6071810426 
1.575 0.6106004307 
1.5916666667 0.64596825 
1.6083333333 0.6700358522 
1.625 0.7286570899 
1.6416666667 0.7274517284 
1.6583333333 0.78186435 
1.675 0.8317397761 
1.6916666667 0.9391947237 
1.7083333333 0.9807777793 
1.725 1.0353589411 
1.7416666667 1.1307413478 
1.7583333333 1.1544984944 
1.775 1.2313824797 
1.7916666667 1.2840915398 
1.8083333333 1.3377297699 
1.825 1.3680862872 
1.8416666667 1.4156446309 
1.8583333333 1.4078227975 
1.875 1.4504260704 
1.8916666667 1.4186630092 
1.9083333333 1.4236506243 
1.925 1.3763971867 
1.9416666667 1.3095617895 
1.9583333333 1.2703368409 
1.975 1.2399715157 
1.9916666667 1.2633160651 
2.0083333333 1.1879425114 
2.025 1.1329396911 
2.0416666667 1.1166274349 
2.0583333333 1.0983212656 
2.075 1.0332014031 
2.0916666667 1.0285715955 
2.1083333333 0.9931606061 
2.125 0.960120316 
2.1416666667 0.9526282358 
2.1583333333 0.9492963223 
2.175 0.9005548371 
2.1916666667 0.8958003509 
2.2083333333 0.8859354761 
2.225 0.8460747696 
2.2416666667 0.8465372939 
2.2583333333 0.8584683522 
2.275 0.8791815326 
2.2916666667 0.8800715387 
2.3083333333 0.8593947554 
2.325 0.8603613756 
2.3416666667 0.8635039659 
2.3583333333 0.8481806579 
2.375 0.8719440939 
2.3916666667 0.9101153587 
2.4083333333 0.8830540001 
2.425 0.878005525 
2.4416666667 0.8991350824 
2.4583333333 0.8811657752 
2.475 0.8914817463 
2.4916666667 0.8779771093 
2.5083333333 0.8717381699 
2.525 0.8957268236 
2.5416666667 0.8941278744 
2.5583333333 0.8663969748 
2.575 0.8800314439 
2.5916666667 0.9040899949 
2.6083333333 0.9141720579 
2.625 0.9509019318 
2.6416666667 0.948839806 
2.6583333333 0.9918972662 
2.675 1.0155572691 
2.6916666667 1.0399438458 
2.7083333333 1.0776955897 
2.725 1.1029473982 
2.7416666667 1.0960949215 
2.7583333333 1.1456174524 
2.775 1.185393675 
2.7916666667 1.2004512543 
2.8083333333 1.2122024646 
2.825 1.2160395938 
2.8416666667 1.219548034 
2.8583333333 1.2196639434 
2.875 1.2180237641 
2.8916666667 1.1681252363 
2.9083333333 1.1577450992 
2.925 1.1705724077 
2.9416666667 1.1273017784 
2.9583333333 1.094831337 
2.975 1.0738005582 
2.9916666667 1.0338037637 
3.0083333333 0.9967066265 
3.025 0.9734011113 
3.0416666667 0.9479658361 
3.0583333333 0.9390047397 
3.075 0.9280564795 
3.0916666667 0.9013899346 
3.1083333333 0.9183979836 
3.125 0.9077276167 
3.1416666667 0.9107197561 
3.1583333333 0.9110801611 
3.175 0.9108844639 
3.1916666667 0.9187805035 
3.2083333333 0.9129200128 
3.225 0.9343017444 
3.2416666667 0.9452765314 
3.2583333333 0.9337381443 
3.275 0.9271861141 
3.2916666667 0.9374104347 
3.3083333333 0.9647095436 
3.325 0.9480191274 
3.3416666667 0.9601809723 
3.3583333333 0.945774499 
3.375 0.9442852134 
3.3916666667 0.9520598532 
3.4083333333 0.9443932784 
3.425 0.9465735161 
3.4416666667 0.9453803416 
3.4583333333 0.9367102658 
3.475 0.9484440858 
3.4916666667 0.9646505006 
3.5083333333 0.9848946181 
3.525 0.9575102969 
3.5416666667 0.9638393551 
3.5583333333 0.9718927682 
3.575 0.989778021 
3.5916666667 1.0004749875 
3.6083333333 0.9879743424 
3.625 0.9998420152 
3.6416666667 1.0001816217 
3.6583333333 1.0320052174 
3.675 1.0242467824 
3.6916666667 1.0475508881 
3.7083333333 1.0633631447 
3.725 1.0782174928 
3.7416666667 1.0908816448 
3.7583333333 1.0787382187 
3.775 1.1099515934 
3.7916666667 1.1005646797 
3.8083333333 1.1146804835 
3.825 1.1348614831 
3.8416666667 1.1208659527 
3.8583333333 1.1268957166 
3.875 1.1233288087 
3.8916666667 1.1238450254 
3.9083333333 1.1109915416 
3.925 1.0962772395 
3.9416666667 1.0934930346 
3.9583333333 1.0331629468 
3.975 1.0567892986 
3.9916666667 1.0255175531 
4.0083333333 1.0125513256 
4.025 0.9937948115 
4.0416666667 0.9585512245 
4.0583333333 0.9270546644 
4.075 0.9367315475 
4.0916666667 0.9196634353 
4.1083333333 0.92449479 
4.125 0.9116509577 
4.1416666667 0.8936385181 
4.1583333333 0.9003624089 
4.175 0.8942690628 
4.1916666667 0.8855991074 
4.2083333333 0.8790238663 
4.225 0.8804048416 
4.2416666667 0.8943023403 
4.2583333333 0.882259512 
4.275 0.8967665704 
4.2916666667 0.9072034472 
4.3083333333 0.923406704 
4.325 0.9152964623 
4.3416666667 0.9477935626 
4.3583333333 0.93903777 
4.375 0.9622776408 
4.3916666667 0.966644209 
4.4083333333 0.9756998836 
4.425 0.9826035302 
4.4416666667 1.0172603767 
4.4583333333 1.0142815852 
4.475 1.0172770245 
4.4916666667 1.0363859053 
4.5083333333 1.0383153203 
4.525 1.0533148065 
4.5416666667 1.0617949144 
4.5583333333 1.075502692 
4.575 1.0820822496 
4.5916666667 1.0881806869 
4.6083333333 1.0930982198 
4.625 1.0927497917 
4.6416666667 1.0924947615 
4.6583333333 1.0941253718 
4.675 1.0875448225 
4.6916666667 1.089531713 
4.7083333333 1.0786025255 
4.725 1.0892900506 
4.7416666667 1.0870645054 
4.7583333333 1.085952776 
4.775 1.0602624593 
4.7916666667 1.0543218012 
4.8083333333 1.0560974613 
4.825 1.0428797173 
4.8416666667 1.0238179188 
4.8583333333 1.0296825124 
4.875 1.027357427 
4.8916666667 1.0061968415 
4.9083333333 0.9836833876 
4.925 0.9873411245 
4.9416666667 0.9653658549 
4.9583333333 0.9705345546 
4.975 0.9561265776 
4.9916666667 0.9347313954 
