# Radial distribution function (300 data points):
# "Pair separation distance" g(r)
0.0083333333 0.0 
0.025 0.0 
0.0416666667 0.0 
0.0583333333 0.0 
0.075 0.0 
0.0916666667 0.0 
0.1083333333 0.0 
0.125 0.0 
0.1416666667 0.0 
0.1583333333 0.0 
0.175 0.0 
0.1916666667 0.0 
0.2083333333 0.0 
0.225 0.0 
0.2416666667 0.0 
0.2583333333 0.0 
0.275 0.0 
0.2916666667 0.0 
0.3083333333 0.0 
0.325 0.0 
0.3416666667 0.0 
0.3583333333 0.0 
0.375 0.0 
0.3916666667 0.0 
0.4083333333 0.0 
0.425 0.0 
0.4416666667 0.0 
0.4583333333 0.0 
0.475 0.0 
0.4916666667 0.0 
0.5083333333 0.0 
0.525 0.0 
0.5416666667 0.0 
0.5583333333 0.0 
0.575 0.0 
0.5916666667 0.0 
0.6083333333 0.0 
0.625 0.0 
0.6416666667 0.0 
0.6583333333 0.0 
0.675 0.0 
0.6916666667 0.0 
0.7083333333 0.0 
0.725 0.0 
0.7416666667 0.0 
0.7583333333 0.0 
0.775 0.0 
0.7916666667 0.0 
0.8083333333 0.0 
0.825 0.0 
0.8416666667 0.0088644241 
0.8583333333 0.0375035212 
0.875 0.1033442411 
0.8916666667 0.2748568141 
0.9083333333 0.6469358366 
0.925 1.1551928309 
0.9416666667 1.7817627556 
0.9583333333 2.2098977975 
0.975 2.6343914903 
0.9916666667 2.8096744026 
1.0083333333 2.990553807 
1.025 2.9287597836 
1.0416666667 2.7593984734 
1.0583333333 2.6563549296 
1.075 2.5539782943 
1.0916666667 2.273194401 
1.1083333333 1.9988157159 
1.125 1.9628552172 
1.1416666667 1.5928008026 
1.1583333333 1.4508819059 
1.175 1.2926651206 
1.1916666667 1.1630116313 
1.2083333333 1.0485720453 
1.225 0.9348657817 
1.2416666667 0.8284748994 
1.2583333333 0.7686010845 
1.275 0.7022832285 
1.2916666667 0.6835241856 
1.3083333333 0.6141263611 
1.325 0.5751664342 
1.3416666667 0.5818970738 
1.3583333333 0.5452420201 
1.375 0.5214755016 
1.3916666667 0.496738814 
1.4083333333 0.5217785161 
1.425 0.5040781779 
1.4416666667 0.5329776547 
1.4583333333 0.5433059516 
1.475 0.5374474257 
1.4916666667 0.5723541478 
1.5083333333 0.5807532258 
1.525 0.601611526 
1.5416666667 0.5976575055 
1.5583333333 0.6170076523 
1.575 0.6470541878 
1.5916666667 0.7054588026 
1.6083333333 0.7113061764 
1.625 0.7105833501 
1.6416666667 0.7749854095 
1.6583333333 0.8467152482 
1.675 0.8702379573 
1.6916666667 0.9922987244 
1.7083333333 0.9975616027 
1.725 1.0416901209 
1.7416666667 1.1030007142 
1.7583333333 1.2004021995 
1.775 1.2154370931 
1.7916666667 1.2437925061 
1.8083333333 1.2735894106 
1.825 1.3552651919 
1.8416666667 1.3775040615 
1.8583333333 1.3823648807 
1.875 1.3539691643 
1.8916666667 1.3761943738 
1.9083333333 1.3312236943 
1.925 1.3309804856 
1.9416666667 1.3045647336 
1.9583333333 1.2778691294 
1.975 1.2322438304 
1.9916666667 1.220888909 
2.0083333333 1.2119193328 
2.025 1.1926648167 
2.0416666667 1.1121078959 
2.0583333333 1.1161078448 
2.075 1.0641216032 
2.0916666667 1.0469440716 
2.1083333333 1.0109612088 
2.125 0.9943308602 
2.1416666667 0.9572832171 
2.1583333333 0.9344677799 
2.175 0.8976344058 
2.1916666667 0.8856029739 
2.2083333333 0.8673926405 
2.225 0.8643408516 
2.2416666667 0.8577844678 
2.2583333333 0.8355660124 
2.275 0.8558855273 
2.2916666667 0.868114045 
2.3083333333 0.820738491 
2.325 0.8427034051 
2.3416666667 0.8396831668 
2.3583333333 0.8806987662 
2.375 0.8706081224 
2.3916666667 0.8545642886 
2.4083333333 0.8821878363 
2.425 0.8523765629 
2.4416666667 0.8765935046 
2.4583333333 0.8911412368 
2.475 0.8910716811 
2.4916666667 0.8913288349 
2.5083333333 0.8907020183 
2.525 0.9183810099 
2.5416666667 0.9269844977 
2.5583333333 0.9391244285 
2.575 0.939318969 
2.5916666667 0.9708449335 
2.6083333333 0.9730615746 
2.625 0.9760551744 
2.6416666667 1.0141715301 
2.6583333333 1.0340186875 
2.675 1.0438159487 
2.6916666667 1.0938565873 
2.7083333333 1.0740998465 
2.725 1.1048079136 
2.7416666667 1.1333554653 
2.7583333333 1.1299353691 
2.775 1.154731318 
2.7916666667 1.1595176232 
2.8083333333 1.1738234849 
2.825 1.1721318616 
2.8416666667 1.1828418312 
2.8583333333 1.1683193811 
2.875 1.1542051537 
2.8916666667 1.1425908027 
2.9083333333 1.1032507486 
2.925 1.1011366478 
2.9416666667 1.0892751187 
2.9583333333 1.0695737259 
2.975 1.0293840688 
2.9916666667 1.0086848722 
3.0083333333 0.9836614549 
3.025 0.9636561199 
3.0416666667 0.9585545995 
3.0583333333 0.9431673519 
3.075 0.9457223607 
3.0916666667 0.9371301769 
3.1083333333 0.9289273873 
3.125 0.920459982 
3.1416666667 0.9207724123 
3.1583333333 0.9146056233 
3.175 0.9265829241 
3.1916666667 0.9196435555 
3.2083333333 0.9293921061 
3.225 0.9362338664 
3.2416666667 0.9182652157 
3.2583333333 0.9369322314 
3.275 0.9349146167 
3.2916666667 0.9454086194 
3.3083333333 0.9442839103 
3.325 0.9644915987 
3.3416666667 0.9461218624 
3.3583333333 0.9650396572 
3.375 0.9687634149 
3.3916666667 0.9503129544 
3.4083333333 0.975530687 
3.425 0.9608133394 
3.4416666667 0.9384882687 
3.4583333333 0.9884813601 
3.475 0.9716377508 
3.4916666667 0.9812362258 
3.5083333333 0.9917313296 
3.525 0.9941004718 
3.5416666667 0.983564719 
3.5583333333 1.0141489755 
3.575 1.0104147748 
3.5916666667 1.0107951849 
3.6083333333 1.0355306157 
3.625 1.0252657773 
3.6416666667 1.0385372278 
3.6583333333 1.0431726831 
3.675 1.0418228349 
3.6916666667 1.0528960057 
3.7083333333 1.0453710001 
3.725 1.0475328277 
3.7416666667 1.0670186088 
3.7583333333 1.0674457893 
3.775 1.0807794497 
3.7916666667 1.08125806 
3.8083333333 1.09424352 
3.825 1.067387873 
3.8416666667 1.0806131552 
3.8583333333 1.0853869428 
3.875 1.0703826333 
3.8916666667 1.0533559263 
3.9083333333 1.0582046433 
3.925 1.0453236235 
3.9416666667 1.0263976536 
3.9583333333 1.0321208863 
3.975 1.0013068669 
3.9916666667 0.9874449183 
4.0083333333 0.9971516027 
4.025 0.9891433029 
4.0416666667 0.9722371248 
4.0583333333 0.9442124582 
4.075 0.9355970321 
4.0916666667 0.9374430449 
4.1083333333 0.9404189598 
4.125 0.9218370019 
4.1416666667 0.9325178342 
4.1583333333 0.9220071328 
4.175 0.9199204838 
4.1916666667 0.9354940285 
4.2083333333 0.9184540615 
4.225 0.9250829424 
4.2416666667 0.9365358049 
4.2583333333 0.9399547682 
4.275 0.9355950717 
4.2916666667 0.9481176135 
4.3083333333 0.9537877116 
4.325 0.9648481634 
4.3416666667 0.962052109 
4.3583333333 0.978313114 
4.375 0.9767134458 
4.3916666667 0.9826637775 
4.4083333333 1.0061400137 
4.425 0.9996013718 
4.4416666667 1.009811884 
4.4583333333 1.0195893135 
4.475 1.022231703 
4.4916666667 1.0207604331 
4.5083333333 1.0304675523 
4.525 1.0415990409 
4.5416666667 1.0609424583 
4.5583333333 1.0431040272 
4.575 1.0640205429 
4.5916666667 1.0572634166 
4.6083333333 1.0673719997 
4.625 1.0605151114 
4.6416666667 1.0680111267 
4.6583333333 1.0625818716 
4.675 1.0722013896 
4.6916666667 1.0518731149 
4.7083333333 1.0478387283 
4.725 1.0590241803 
4.7416666667 1.0400291348 
4.7583333333 1.0360290135 
4.775 1.04230498 
4.7916666667 1.0278461473 
4.8083333333 1.0231232748 
4.825 1.01833312 
4.8416666667 1.0208175628 
4.8583333333 1.0004697741 
4.875 1.0002994537 
4.8916666667 0.9951218528 
4.9083333333 0.9890530092 
4.925 0.9902925847 
4.9416666667 0.9813609951 
4.9583333333 0.9480566514 
4.975 0.9614547429 
4.9916666667 0.95267598 
