# Radial distribution function (300 data points):
# "Pair separation distance" g(r)
0.0083333333 0.0 
0.025 0.0 
0.0416666667 0.0 
0.0583333333 0.0 
0.075 0.0 
0.0916666667 0.0 
0.1083333333 0.0 
0.125 0.0 
0.1416666667 0.0 
0.1583333333 0.0 
0.175 0.0 
0.1916666667 0.0 
0.2083333333 0.0 
0.225 0.0 
0.2416666667 0.0 
0.2583333333 0.0 
0.275 0.0 
0.2916666667 0.0 
0.3083333333 0.0 
0.325 0.0 
0.3416666667 0.0 
0.3583333333 0.0 
0.375 0.0 
0.3916666667 0.0 
0.4083333333 0.0 
0.425 0.0 
0.4416666667 0.0 
0.4583333333 0.0 
0.475 0.0 
0.4916666667 0.0 
0.5083333333 0.0 
0.525 0.0 
0.5416666667 0.0 
0.5583333333 0.0 
0.575 0.0 
0.5916666667 0.0 
0.6083333333 0.0 
0.625 0.0 
0.6416666667 0.0 
0.6583333333 0.0 
0.675 0.0 
0.6916666667 0.0 
0.7083333333 0.0 
0.725 0.0 
0.7416666667 0.0 
0.7583333333 0.0 
0.775 0.0 
0.7916666667 0.0 
0.8083333333 0.0 
0.825 0.0 
0.8416666667 0.0 
0.8583333333 0.0323894047 
0.875 0.1213884737 
0.8916666667 0.2922328196 
0.9083333333 0.6834686838 
0.925 1.1669355788 
0.9416666667 1.6911166376 
0.9583333333 2.1839150882 
0.975 2.6079683059 
0.9916666667 2.8505423939 
1.0083333333 3.0794922102 
1.025 3.0494964115 
1.0416666667 2.8103269687 
1.0583333333 2.6159882021 
1.075 2.4931175349 
1.0916666667 2.2953256399 
1.1083333333 1.9568968186 
1.125 1.7782793474 
1.1416666667 1.5908736388 
1.1583333333 1.4995566537 
1.175 1.3545238315 
1.1916666667 1.1196750762 
1.2083333333 0.9995411949 
1.225 0.9557893668 
1.2416666667 0.8390650407 
1.2583333333 0.783671694 
1.275 0.7192801823 
1.2916666667 0.6594352275 
1.3083333333 0.6207298703 
1.325 0.5973432495 
1.3416666667 0.564454116 
1.3583333333 0.5391157053 
1.375 0.5241327016 
1.3916666667 0.5538054141 
1.4083333333 0.5034149519 
1.425 0.4842861512 
1.4416666667 0.5335819378 
1.4583333333 0.5450776014 
1.475 0.5391792648 
1.4916666667 0.5802564733 
1.5083333333 0.5608795413 
1.525 0.6167328211 
1.5416666667 0.6166810866 
1.5583333333 0.6413155816 
1.575 0.6379407485 
1.5916666667 0.6831498454 
1.6083333333 0.7098495767 
1.625 0.7348402114 
1.6416666667 0.7549467008 
1.6583333333 0.8439750694 
1.675 0.8729238769 
1.6916666667 0.9580663934 
1.7083333333 1.0160668438 
1.725 1.0902291663 
1.7416666667 1.1195622865 
1.7583333333 1.1520611296 
1.775 1.2269974984 
1.7916666667 1.2602251218 
1.8083333333 1.295097555 
1.825 1.3066204479 
1.8416666667 1.3082585616 
1.8583333333 1.4110959582 
1.875 1.331105305 
1.8916666667 1.3305669144 
1.9083333333 1.3857141978 
1.925 1.3472491547 
1.9416666667 1.3245529573 
1.9583333333 1.2713193133 
1.975 1.2383615813 
1.9916666667 1.225321597 
2.0083333333 1.2405669635 
2.025 1.1733690069 
2.0416666667 1.1250639077 
2.0583333333 1.1178865027 
2.075 1.0533287032 
2.0916666667 1.0572785895 
2.1083333333 0.9903351137 
2.125 1.0007279539 
2.1416666667 0.9389371143 
2.1583333333 0.9212568967 
2.175 0.9077231687 
2.1916666667 0.9214245291 
2.2083333333 0.8887684093 
2.225 0.8686536765 
2.2416666667 0.8622833374 
2.2583333333 0.8505879772 
2.275 0.8607388617 
2.2916666667 0.8269802666 
2.3083333333 0.837238116 
2.325 0.8222573341 
2.3416666667 0.8426607667 
2.3583333333 0.8393736702 
2.375 0.845447325 
2.3916666667 0.852807733 
2.4083333333 0.8585848726 
2.425 0.8707439857 
2.4416666667 0.8700627672 
2.4583333333 0.8740998232 
2.475 0.9236718645 
2.4916666667 0.908726538 
2.5083333333 0.9064719555 
2.525 0.902424583 
2.5416666667 0.910653395 
2.5583333333 0.9393163215 
2.575 0.9432967263 
2.5916666667 0.975519649 
2.6083333333 0.9839533661 
2.625 0.9888140655 
2.6416666667 1.0174111197 
2.6583333333 1.022466399 
2.675 1.0534695349 
2.6916666667 1.0562390153 
2.7083333333 1.103721921 
2.725 1.1186772108 
2.7416666667 1.1595882248 
2.7583333333 1.1484237199 
2.775 1.1402156277 
2.7916666667 1.1675754246 
2.8083333333 1.1617205701 
2.825 1.164105717 
2.8416666667 1.1867302001 
2.8583333333 1.1780041339 
2.875 1.144328464 
2.8916666667 1.1397369543 
2.9083333333 1.1118629348 
2.925 1.1096509693 
2.9416666667 1.0820181225 
2.9583333333 1.0523526274 
2.975 1.0251268973 
2.9916666667 1.0147190193 
3.0083333333 0.9875472507 
3.025 0.9685972423 
3.0416666667 0.9320826909 
3.0583333333 0.9478670753 
3.075 0.9361588761 
3.0916666667 0.9094052096 
3.1083333333 0.9290573799 
3.125 0.9373078592 
3.1416666667 0.9399869831 
3.1583333333 0.9141019859 
3.175 0.9173631935 
3.1916666667 0.9181640378 
3.2083333333 0.9391533465 
3.225 0.9311620462 
3.2416666667 0.9200580021 
3.2583333333 0.9222630904 
3.275 0.9275374097 
3.2916666667 0.9379900133 
3.3083333333 0.9431364028 
3.325 0.9493823664 
3.3416666667 0.9546698012 
3.3583333333 0.9621443155 
3.375 0.9416389214 
3.3916666667 0.9669084931 
3.4083333333 0.9661245949 
3.425 0.9613486711 
3.4416666667 0.9833397586 
3.4583333333 0.9795553094 
3.475 0.9928552739 
3.4916666667 0.9964827309 
3.5083333333 1.0003027291 
3.525 0.9898552029 
3.5416666667 1.0013876367 
3.5583333333 1.0092885198 
3.575 1.0007842897 
3.5916666667 1.0211153823 
3.6083333333 1.0437299732 
3.625 1.0184797356 
3.6416666667 1.0384425226 
3.6583333333 1.0360405201 
3.675 1.048332484 
3.6916666667 1.0578724945 
3.7083333333 1.0418091035 
3.725 1.0781269775 
3.7416666667 1.0718629845 
3.7583333333 1.0768709666 
3.775 1.0829827838 
3.7916666667 1.0777636493 
3.8083333333 1.0801281596 
3.825 1.0744271046 
3.8416666667 1.07210305 
3.8583333333 1.0696946014 
3.875 1.071637282 
3.8916666667 1.0418288853 
3.9083333333 1.0419245718 
3.925 1.0284477859 
3.9416666667 1.0221132498 
3.9583333333 1.0117606265 
3.975 0.9982068456 
3.9916666667 0.9909920582 
4.0083333333 0.9677592381 
4.025 0.9679014136 
4.0416666667 0.9707762702 
4.0583333333 0.947644017 
4.075 0.9337818075 
4.0916666667 0.925289894 
4.1083333333 0.9398236637 
4.125 0.9218370019 
4.1416666667 0.9331035866 
4.1583333333 0.9196102338 
4.175 0.9358445402 
4.1916666667 0.9247716242 
4.2083333333 0.92207086 
4.225 0.9468239394 
4.2416666667 0.9305323703 
4.2583333333 0.9462576113 
4.275 0.9570366511 
4.2916666667 0.9702112633 
4.3083333333 0.9755077638 
4.325 0.9717639157 
4.3416666667 0.9811079233 
4.3583333333 0.9935207388 
4.375 0.9843250521 
4.3916666667 0.9904782012 
4.4083333333 0.9912107779 
4.425 1.0113395039 
4.4416666667 1.0049735469 
4.4583333333 1.019462939 
4.475 1.029067905 
4.4916666667 1.0325884798 
4.5083333333 1.0429498289 
4.525 1.0447886734 
4.5416666667 1.0316545036 
4.5583333333 1.0681888143 
4.575 1.0616803218 
4.5916666667 1.0475533683 
4.6083333333 1.0579686227 
4.625 1.0535279949 
4.6416666667 1.0605494475 
4.6583333333 1.0560416597 
4.675 1.0560534321 
4.6916666667 1.0421161145 
4.7083333333 1.0357145062 
4.725 1.0519358909 
4.7416666667 1.035448493 
4.7583333333 1.0246574898 
4.775 1.0346482634 
4.7916666667 1.0111074075 
4.8083333333 1.0283926258 
4.825 1.0140172348 
4.8416666667 1.0202817849 
4.8583333333 0.9931798922 
4.875 0.9965472737 
4.8916666667 0.9785881019 
4.9083333333 0.9924937375 
4.925 0.9767780036 
4.9416666667 0.9721033577 
4.9583333333 0.9672650414 
4.975 0.9711469293 
4.9916666667 0.9678986333 
