# Radial distribution function (300 data points):
# "Pair separation distance" g(r)
0.0083333333 0.0 
0.025 0.0 
0.0416666667 0.0 
0.0583333333 0.0 
0.075 0.0 
0.0916666667 0.0 
0.1083333333 0.0 
0.125 0.0 
0.1416666667 0.0 
0.1583333333 0.0 
0.175 0.0 
0.1916666667 0.0 
0.2083333333 0.0 
0.225 0.0 
0.2416666667 0.0 
0.2583333333 0.0 
0.275 0.0 
0.2916666667 0.0 
0.3083333333 0.0 
0.325 0.0 
0.3416666667 0.0 
0.3583333333 0.0 
0.375 0.0 
0.3916666667 0.0 
0.4083333333 0.0 
0.425 0.0 
0.4416666667 0.0 
0.4583333333 0.0 
0.475 0.0 
0.4916666667 0.0 
0.5083333333 0.0 
0.525 0.0 
0.5416666667 0.0 
0.5583333333 0.0 
0.575 0.0 
0.5916666667 0.0 
0.6083333333 0.0 
0.625 0.0 
0.6416666667 0.0 
0.6583333333 0.0 
0.675 0.0 
0.6916666667 0.0 
0.7083333333 0.0 
0.725 0.0 
0.7416666667 0.0 
0.7583333333 0.0 
0.775 0.0 
0.7916666667 0.0 
0.8083333333 0.0 
0.825 0.0 
0.8416666667 0.0035457696 
0.8583333333 0.0238658771 
0.875 0.0935019324 
0.8916666667 0.2748568141 
0.9083333333 0.674335472 
0.925 1.0583151602 
0.9416666667 1.6557079978 
0.9583333333 2.2263079296 
0.975 2.56701237 
0.9916666667 2.826277024 
1.0083333333 2.953496139 
1.025 2.9215873107 
1.0416666667 2.8797749169 
1.0583333333 2.7382096826 
1.075 2.5637594877 
1.0916666667 2.2953256399 
1.1083333333 1.9722330005 
1.125 1.9320925722 
1.1416666667 1.7286658438 
1.1583333333 1.4948763895 
1.175 1.3554335185 
1.1916666667 1.1709714067 
1.2083333333 1.0778185174 
1.225 1.0210709523 
1.2416666667 0.7983337281 
1.2583333333 0.7273552059 
1.275 0.7277786592 
1.2916666667 0.6443796287 
1.3083333333 0.6016530658 
1.325 0.5401127585 
1.3416666667 0.5351499468 
1.3583333333 0.5234595674 
1.375 0.5061966015 
1.3916666667 0.5421327004 
1.4083333333 0.5046814046 
1.425 0.4799566454 
1.4416666667 0.5082020494 
1.4583333333 0.5515736508 
1.475 0.534561027 
1.4916666667 0.587594347 
1.5083333333 0.5542549798 
1.525 0.588650416 
1.5416666667 0.5992428039 
1.5583333333 0.6252826921 
1.575 0.6278147049 
1.5916666667 0.6925691828 
1.6083333333 0.678289917 
1.625 0.7367427104 
1.6416666667 0.7898979369 
1.6583333333 0.7905415829 
1.675 0.8903823545 
1.6916666667 0.9141787895 
1.7083333333 1.0035865649 
1.725 1.0298719186 
1.7416666667 1.0938918494 
1.7583333333 1.1232189786 
1.775 1.1970998985 
1.7916666667 1.3040454303 
1.8083333333 1.3323527338 
1.825 1.3903346584 
1.8416666667 1.3763931711 
1.8583333333 1.3987306844 
1.875 1.3961244047 
1.8916666667 1.4084845759 
1.9083333333 1.3950258661 
1.925 1.3465712935 
1.9416666667 1.3038984595 
1.9583333333 1.2998110135 
1.975 1.2702382835 
1.9916666667 1.2313373878 
2.0083333333 1.2010207776 
2.025 1.1454972816 
2.0416666667 1.1136144089 
2.0583333333 1.0615623352 
2.075 1.0544955032 
2.0916666667 1.0104861892 
2.1083333333 0.9999417881 
2.125 0.9645704681 
2.1416666667 0.9274365722 
2.1583333333 0.8926782514 
2.175 0.890731568 
2.1916666667 0.9018141886 
2.2083333333 0.859666459 
2.225 0.8686536765 
2.2416666667 0.8620334002 
2.2583333333 0.8749678874 
2.275 0.8898588683 
2.2916666667 0.8630918976 
2.3083333333 0.850673525 
2.325 0.8749989037 
2.3416666667 0.8655653812 
2.3583333333 0.8992160223 
2.375 0.8930969767 
2.3916666667 0.8802539139 
2.4083333333 0.9025426857 
2.425 0.9055566592 
2.4416666667 0.87954287 
2.4583333333 0.8938429243 
2.475 0.8808200511 
2.4916666667 0.9101426301 
2.5083333333 0.8940955491 
2.525 0.9065614344 
2.5416666667 0.8884897556 
2.5583333333 0.8875052068 
2.575 0.8993519792 
2.5916666667 0.9282115273 
2.6083333333 0.9143566646 
2.625 0.9596508857 
2.6416666667 0.9585585749 
2.6583333333 0.9904754461 
2.675 1.0139775913 
2.6916666667 1.0356100241 
2.7083333333 1.0614291325 
2.725 1.0955053363 
2.7416666667 1.1079581439 
2.7583333333 1.1197007463 
2.775 1.1646802743 
2.7916666667 1.1965835097 
2.8083333333 1.2020105364 
2.825 1.1921185354 
2.8416666667 1.195129077 
2.8583333333 1.1959901033 
2.875 1.1920404727 
2.8916666667 1.1724811103 
2.9083333333 1.1575966132 
2.925 1.150901389 
2.9416666667 1.1001606129 
2.9583333333 1.0822025314 
2.975 1.0637252523 
2.9916666667 1.0026507251 
3.0083333333 1.0053108887 
3.025 1.0116948098 
3.0416666667 0.9563825455 
3.0583333333 0.9415560182 
3.075 0.9150395144 
3.0916666667 0.9356847995 
3.1083333333 0.9082585579 
3.125 0.9342212252 
3.1416666667 0.9028303297 
3.1583333333 0.8998742277 
3.175 0.8909499113 
3.1916666667 0.9242054018 
3.2083333333 0.928660013 
3.225 0.9285053784 
3.2416666667 0.9593797848 
3.2583333333 0.9426106086 
3.275 0.941237937 
3.2916666667 0.9507407426 
3.3083333333 0.9538082224 
3.325 0.9558577517 
3.3416666667 0.9715407331 
3.3583333333 0.9573558658 
3.375 0.9576269358 
3.3916666667 0.9560995567 
3.4083333333 0.9610431428 
3.425 0.9583508136 
3.4416666667 0.9712521231 
3.4583333333 0.9655886653 
3.475 0.9492761455 
3.4916666667 0.9657836868 
3.5083333333 0.9479559679 
3.525 0.9707514928 
3.5416666667 0.9647405139 
3.5583333333 0.976753224 
3.575 0.9858472107 
3.5916666667 1.0026169152 
3.6083333333 0.9844052104 
3.625 0.9884682268 
3.6416666667 0.9963934136 
3.6583333333 1.0256238084 
3.675 1.0330813062 
3.6916666667 1.0378743821 
3.7083333333 1.0340459954 
3.725 1.0549550771 
3.7416666667 1.0769764922 
3.7583333333 1.0883412295 
3.775 1.0932062541 
3.7916666667 1.1109605518 
3.8083333333 1.1190969459 
3.825 1.0968324637 
3.8416666667 1.1107389275 
3.8583333333 1.121833671 
3.875 1.1077711647 
3.8916666667 1.0986348064 
3.9083333333 1.1050715156 
3.925 1.0839668459 
3.9416666667 1.0695650433 
3.9583333333 1.0585731923 
3.975 1.036201978 
3.9916666667 1.0248869504 
4.0083333333 1.003717982 
4.025 0.9911589566 
4.0416666667 0.9742361888 
4.0583333333 0.9528294836 
4.075 0.9317396797 
4.0916666667 0.9421692702 
4.1083333333 0.9227833138 
4.125 0.9214679423 
4.1416666667 0.8860237368 
4.1583333333 0.9072625725 
4.175 0.9112739374 
4.1916666667 0.9025405061 
4.2083333333 0.9029231033 
4.225 0.9114332549 
4.2416666667 0.8989794347 
4.2583333333 0.916336422 
4.275 0.9168336897 
4.2916666667 0.9315473762 
4.3083333333 0.9370747742 
4.325 0.937453727 
4.3416666667 0.9354672491 
4.3583333333 0.9488896661 
4.375 0.9469231936 
4.3916666667 0.962671877 
4.4083333333 0.9809994391 
4.425 0.9812565314 
4.4416666667 0.9930050288 
4.4583333333 0.9931138597 
4.475 1.025304858 
4.4916666667 1.0335845259 
4.5083333333 1.0304675523 
4.525 1.060000767 
4.5416666667 1.0373781372 
4.5583333333 1.0663754562 
4.575 1.0531595166 
4.5916666667 1.0694158696 
4.6083333333 1.086119613 
4.625 1.0802434404 
4.6416666667 1.0794368229 
4.6583333333 1.0830706773 
4.675 1.0651905326 
4.6916666667 1.0950093273 
4.7083333333 1.0805288038 
4.725 1.0743821405 
4.7416666667 1.069523999 
4.7583333333 1.0694779343 
4.775 1.0663217315 
4.7916666667 1.064551031 
4.8083333333 1.0579444503 
4.825 1.046386374 
4.8416666667 1.0397840991 
4.8583333333 1.0191467708 
4.875 1.0106047365 
4.8916666667 1.0045697105 
4.9083333333 0.9970292431 
4.925 0.9837683042 
4.9416666667 0.972000495 
4.9583333333 0.9710965021 
4.975 0.9534371227 
4.9916666667 0.9428467834 
