# Radial distribution function (300 data points):
# "Pair separation distance" g(r)
0.0083333333 0.0 
0.025 0.0 
0.0416666667 0.0 
0.0583333333 0.0 
0.075 0.0 
0.0916666667 0.0 
0.1083333333 0.0 
0.125 0.0 
0.1416666667 0.0 
0.1583333333 0.0 
0.175 0.0 
0.1916666667 0.0 
0.2083333333 0.0 
0.225 0.0 
0.2416666667 0.0 
0.2583333333 0.0 
0.275 0.0 
0.2916666667 0.0 
0.3083333333 0.0 
0.325 0.0 
0.3416666667 0.0 
0.3583333333 0.0 
0.375 0.0 
0.3916666667 0.0 
0.4083333333 0.0 
0.425 0.0 
0.4416666667 0.0 
0.4583333333 0.0 
0.475 0.0 
0.4916666667 0.0 
0.5083333333 0.0 
0.525 0.0 
0.5416666667 0.0 
0.5583333333 0.0 
0.575 0.0 
0.5916666667 0.0 
0.6083333333 0.0 
0.625 0.0 
0.6416666667 0.0 
0.6583333333 0.0 
0.675 0.0 
0.6916666667 0.0 
0.7083333333 0.0 
0.725 0.0 
0.7416666667 0.0 
0.7583333333 0.0 
0.775 0.0 
0.7916666667 0.0 
0.8083333333 0.0 
0.825 0.0018452376 
0.8416666667 0.0035457696 
0.8583333333 0.0170470551 
0.875 0.1131865498 
0.8916666667 0.3443608361 
0.9083333333 0.6332360189 
0.925 1.1375787089 
0.9416666667 1.7180272039 
0.9583333333 2.2030602424 
0.975 2.4943486127 
0.9916666667 2.7917946564 
1.0083333333 3.0263762194 
1.025 2.9909212158 
1.0416666667 2.8716726563 
1.0583333333 2.624958586 
1.075 2.6267938456 
1.0916666667 2.297433377 
1.1083333333 2.01517431 
1.125 1.8656055653 
1.1416666667 1.6679601871 
1.1583333333 1.3600847802 
1.175 1.37271757 
1.1916666667 1.1736246652 
1.2083333333 1.0554535681 
1.225 0.9440721592 
1.2416666667 0.8537283133 
1.2583333333 0.755116855 
1.275 0.696102518 
1.2916666667 0.6458851886 
1.3083333333 0.6082565751 
1.325 0.5959124872 
1.3416666667 0.5463134398 
1.3583333333 0.5227788657 
1.375 0.5354258016 
1.3916666667 0.5207327254 
1.4083333333 0.4913836511 
1.425 0.5288182111 
1.4416666667 0.5281433903 
1.4583333333 0.5261800031 
1.475 0.5513021391 
1.4916666667 0.5582428522 
1.5083333333 0.5951064424 
1.525 0.5843300459 
1.5416666667 0.6055839976 
1.5583333333 0.6170076523 
1.575 0.6586991379 
1.5916666667 0.7000055019 
1.6083333333 0.6753767177 
1.625 0.7353158362 
1.6416666667 0.775451426 
1.6583333333 0.8101795309 
1.675 0.8957541937 
1.6916666667 0.9361225914 
1.7083333333 0.9652850193 
1.725 1.0324043905 
1.7416666667 1.0839549061 
1.7583333333 1.1800908256 
1.775 1.2182275358 
1.7916666667 1.2817440233 
1.8083333333 1.3592379143 
1.825 1.3300000923 
1.8416666667 1.3782446551 
1.8583333333 1.3925480474 
1.875 1.3950526613 
1.8916666667 1.4119943805 
1.9083333333 1.3591586993 
1.925 1.3130171636 
1.9416666667 1.3192227643 
1.9583333333 1.2516698649 
1.975 1.2869816018 
1.9916666667 1.1800448558 
2.0083333333 1.224997599 
2.025 1.1730627242 
2.0416666667 1.0883049905 
2.0583333333 1.0811275724 
2.075 1.0676220032 
2.0916666667 1.0664648276 
2.1083333333 1.0005068866 
2.125 0.9929401877 
2.1416666667 0.9351036002 
2.1583333333 0.9242226051 
2.175 0.9024132935 
2.1916666667 0.8942315237 
2.2083333333 0.8473045687 
2.225 0.867131503 
2.2416666667 0.8502863519 
2.2583333333 0.8459090045 
2.275 0.8636508624 
2.2916666667 0.8441990575 
2.3083333333 0.8527949053 
2.325 0.8559468829 
2.3416666667 0.8568616277 
2.3583333333 0.8748274411 
2.375 0.8879757524 
2.3916666667 0.917141581 
2.4083333333 0.8717938706 
2.425 0.865831768 
2.4416666667 0.8890229727 
2.4583333333 0.8903099483 
2.475 0.8763093339 
2.4916666667 0.9014437786 
2.5083333333 0.9030784247 
2.525 0.8736636162 
2.5416666667 0.9022934257 
2.5583333333 0.9018971831 
2.575 0.9258703611 
2.5916666667 0.9487802759 
2.6083333333 0.9405708068 
2.625 0.9545473293 
2.6416666667 1.0053526472 
2.6583333333 1.0365068727 
2.675 1.0160838283 
2.6916666667 1.0472246662 
2.7083333333 1.0604017774 
2.725 1.1183389352 
2.7416666667 1.141375672 
2.7583333333 1.1489189436 
2.775 1.1803376481 
2.7916666667 1.1841744955 
2.8083333333 1.1821044266 
2.825 1.186610397 
2.8416666667 1.2071052534 
2.8583333333 1.1879963391 
2.875 1.157092186 
2.8916666667 1.138835739 
2.9083333333 1.139332839 
2.925 1.1131741369 
2.9416666667 1.0795507438 
2.9583333333 1.0744530371 
2.975 1.0347764861 
2.9916666667 1.0291729066 
3.0083333333 1.0030904339 
3.025 0.9740873783 
3.0416666667 0.941449674 
3.0583333333 0.9263826254 
3.075 0.9528949741 
3.0916666667 0.9345022179 
3.1083333333 0.9085185432 
3.125 0.9331923472 
3.1416666667 0.9240808815 
3.1583333333 0.9339956654 
3.175 0.9333108356 
3.1916666667 0.9081772932 
3.2083333333 0.9253655944 
3.225 0.9312828038 
3.2416666667 0.9308147208 
3.2583333333 0.9356309367 
3.275 0.9424089223 
3.2916666667 0.9326578901 
3.3083333333 0.9388906251 
3.325 0.9474511111 
3.3416666667 0.9422977845 
3.3583333333 0.9356408031 
3.375 0.9697557744 
3.3916666667 0.9410325544 
3.4083333333 0.9569347347 
3.425 0.9561024204 
3.4416666667 0.9726305376 
3.4583333333 0.9612831585 
3.475 0.9791262884 
3.4916666667 0.9875202583 
3.5083333333 0.974894652 
3.525 0.9680223913 
3.5416666667 1.0001860916 
3.5583333333 0.9920289421 
3.575 0.9948880743 
3.5916666667 1.0103083831 
3.6083333333 1.026656017 
3.625 1.0129362085 
3.6416666667 1.0112621301 
3.6583333333 1.0472079859 
3.675 1.034104251 
3.6916666667 1.0371371245 
3.7083333333 1.0864698076 
3.725 1.0533258028 
3.7416666667 1.0741954617 
3.7583333333 1.0832729738 
3.775 1.0803387829 
3.7916666667 1.1120962353 
3.8083333333 1.081686911 
3.825 1.0995794809 
3.8416666667 1.114738677 
3.8583333333 1.0903646209 
3.875 1.0902060828 
3.8916666667 1.0762441514 
3.9083333333 1.0637135563 
3.925 1.0371710449 
3.9416666667 1.0428885665 
3.9583333333 1.0427018087 
3.975 1.0242788193 
3.9916666667 1.0075453776 
4.0083333333 0.9832371322 
4.025 0.965420609 
4.0416666667 0.9573210313 
4.0583333333 0.9617515364 
4.075 0.938092966 
4.0916666667 0.9355675587 
4.1083333333 0.9250156741 
4.125 0.9184416538 
4.1416666667 0.9292229769 
4.1583333333 0.9087152386 
4.175 0.9259730663 
4.1916666667 0.9062576063 
4.2083333333 0.9067526546 
4.225 0.9194542053 
4.2416666667 0.9154539763 
4.2583333333 0.9369765017 
4.275 0.9182081499 
4.2916666667 0.9254102512 
4.3083333333 0.9569679061 
4.325 0.937453727 
4.3416666667 0.9614524505 
4.3583333333 0.9487574258 
4.375 0.9809129528 
4.3916666667 0.9822730563 
4.4083333333 0.9941190706 
4.425 1.0074267932 
4.4416666667 1.0054191832 
4.4583333333 1.0217376796 
4.475 1.03214106 
4.4916666667 1.0357011237 
4.5083333333 1.0312708671 
4.525 1.0455247425 
4.5416666667 1.0492516323 
4.5583333333 1.066556792 
4.575 1.0574799249 
4.5916666667 1.0675691733 
4.6083333333 1.0591514374 
4.625 1.081711322 
4.6416666667 1.0725580874 
4.6583333333 1.0825497754 
4.675 1.0663398534 
4.6916666667 1.0691047765 
4.7083333333 1.0668748901 
4.725 1.0613306871 
4.7416666667 1.0618709755 
4.7583333333 1.0617120157 
4.775 1.0393855125 
4.7916666667 1.0322769902 
4.8083333333 1.0369756925 
4.825 1.0242135136 
4.8416666667 1.0076374273 
4.8583333333 1.0155284352 
4.875 1.0122430122 
4.8916666667 0.9879834715 
4.9083333333 0.9839440489 
4.925 0.9662666627 
4.9416666667 0.9625371324 
4.9583333333 0.9691552287 
4.975 0.956177322 
4.9916666667 0.9625555828 
