# Radial distribution function (300 data points):
# "Pair separation distance" g(r)
0.0083333333 0.0 
0.025 0.0 
0.0416666667 0.0 
0.0583333333 0.0 
0.075 0.0 
0.0916666667 0.0 
0.1083333333 0.0 
0.125 0.0 
0.1416666667 0.0 
0.1583333333 0.0 
0.175 0.0 
0.1916666667 0.0 
0.2083333333 0.0 
0.225 0.0 
0.2416666667 0.0 
0.2583333333 0.0 
0.275 0.0 
0.2916666667 0.0 
0.3083333333 0.0 
0.325 0.0 
0.3416666667 0.0 
0.3583333333 0.0 
0.375 0.0 
0.3916666667 0.0 
0.4083333333 0.0 
0.425 0.0 
0.4416666667 0.0 
0.4583333333 0.0 
0.475 0.0 
0.4916666667 0.0 
0.5083333333 0.0 
0.525 0.0 
0.5416666667 0.0 
0.5583333333 0.0 
0.575 0.0 
0.5916666667 0.0 
0.6083333333 0.0 
0.625 0.0 
0.6416666667 0.0 
0.6583333333 0.0 
0.675 0.0 
0.6916666667 0.0 
0.7083333333 0.0 
0.725 0.0 
0.7416666667 0.0 
0.7583333333 0.0 
0.775 0.0 
0.7916666667 0.0 
0.8083333333 0.0 
0.825 0.0 
0.8416666667 0.0070915393 
0.8583333333 0.0204564661 
0.875 0.1049846259 
0.8916666667 0.3412015624 
0.9083333333 0.628669413 
0.925 1.2975736499 
0.9416666667 1.7817627556 
0.9583333333 2.2700682821 
0.975 2.7030917699 
0.9916666667 2.9897489893 
1.0083333333 2.8880275922 
1.025 2.908437777 
1.0416666667 2.8311613532 
1.0583333333 2.6428993538 
1.075 2.3811772097 
1.0916666667 2.1836155766 
1.1083333333 1.9456502851 
1.125 1.777287004 
1.1416666667 1.5388402188 
1.1583333333 1.4546261173 
1.175 1.3099491722 
1.1916666667 1.1019866864 
1.2083333333 1.0287876671 
1.225 0.962484914 
1.2416666667 0.8138116269 
1.2583333333 0.7709806545 
1.275 0.7609999781 
1.2916666667 0.6571768877 
1.3083333333 0.6390729516 
1.325 0.5508434756 
1.3416666667 0.5686404258 
1.3583333333 0.5370736003 
1.375 0.5872412018 
1.3916666667 0.5356478595 
1.4083333333 0.5078475363 
1.425 0.5232517036 
1.4416666667 0.5208919936 
1.4583333333 0.571652349 
1.475 0.5386019851 
1.4916666667 0.6067857089 
1.5083333333 0.5857216469 
1.525 0.6129524973 
1.5416666667 0.601884968 
1.5583333333 0.6325233519 
1.575 0.6830016427 
1.5916666667 0.7029800295 
1.6083333333 0.7346117713 
1.625 0.7448283308 
1.6416666667 0.8183249423 
1.6583333333 0.8951250736 
1.675 0.8814292891 
1.6916666667 0.9321727071 
1.7083333333 0.9687278549 
1.725 1.0919174809 
1.7416666667 1.1361238588 
1.7583333333 1.1203753862 
1.775 1.2564964636 
1.7916666667 1.2265773849 
1.8083333333 1.296633851 
1.825 1.2696655262 
1.8416666667 1.3334387434 
1.8583333333 1.3107190292 
1.875 1.3568271467 
1.8916666667 1.3270571098 
1.9083333333 1.3839898148 
1.925 1.3245408042 
1.9416666667 1.2989014035 
1.9583333333 1.2555997546 
1.975 1.2811858377 
1.9916666667 1.2303875261 
2.0083333333 1.1888766733 
2.025 1.1629553953 
2.0416666667 1.1422381559 
2.0583333333 1.1318193231 
2.075 1.0731643032 
2.0916666667 1.0647424079 
2.1083333333 1.0163296445 
2.125 0.9926620532 
2.1416666667 0.9529020582 
2.1583333333 0.9630464252 
2.175 0.9305556321 
2.1916666667 0.8931856388 
2.2083333333 0.8849053185 
2.225 0.8859049761 
2.2416666667 0.8302913759 
2.2583333333 0.8513267624 
2.275 0.8015281817 
2.2916666667 0.8303283648 
2.3083333333 0.8190885285 
2.325 0.828065877 
2.3416666667 0.8199851984 
2.3583333333 0.8289859412 
2.375 0.8283023568 
2.3916666667 0.8045024546 
2.4083333333 0.8449427926 
2.425 0.841484254 
2.4416666667 0.870694774 
2.4583333333 0.8695277367 
2.475 0.8834854749 
2.4916666667 0.9129748143 
2.5083333333 0.929827432 
2.525 0.9400502315 
2.5416666667 0.9400104963 
2.5583333333 0.9671408091 
2.575 0.9694362742 
2.5916666667 1.0043158971 
2.6083333333 1.027520532 
2.625 1.0447709168 
2.6416666667 1.0404482015 
2.6583333333 1.0661873679 
2.675 1.0962963537 
2.6916666667 1.1219397516 
2.7083333333 1.1151940539 
2.725 1.1594394134 
2.7416666667 1.128844099 
2.7583333333 1.12960522 
2.775 1.1534265369 
2.7916666667 1.1345384388 
2.8083333333 1.1351260074 
2.825 1.1559221971 
2.8416666667 1.1162729549 
2.8583333333 1.1148226515 
2.875 1.1175854272 
2.8916666667 1.110747862 
2.9083333333 1.0950840203 
2.925 1.0863099845 
2.9416666667 1.0381858659 
2.9583333333 1.0437420781 
2.975 1.0330736175 
2.9916666667 1.0169642834 
3.0083333333 0.975473528 
3.025 0.9746363919 
3.0416666667 0.9631702144 
3.0583333333 0.9571322444 
3.075 0.9498399721 
3.0916666667 0.9310858713 
3.1083333333 0.9129382929 
3.125 0.920974421 
3.1416666667 0.9147917181 
3.1583333333 0.9411724992 
3.175 0.9137500558 
3.1916666667 0.9064511892 
3.2083333333 0.905721098 
3.225 0.9159465855 
3.2416666667 0.9136039709 
3.2583333333 0.9329100476 
3.275 0.9473270603 
3.2916666667 0.9258188626 
3.3083333333 0.9395791296 
3.325 0.9546081159 
3.3416666667 0.9454470251 
3.3583333333 0.9651510165 
3.375 0.9449467864 
3.3916666667 0.9694196601 
3.4083333333 0.9899101153 
3.425 0.9912201801 
3.4416666667 0.9866267473 
3.4583333333 1.0151545 
3.475 0.9816224675 
3.4916666667 1.011729236 
3.5083333333 1.02652713 
3.525 1.0102729249 
3.5416666667 1.0138036017 
3.5583333333 1.0236715011 
3.575 1.0409768245 
3.5916666667 1.0520759746 
3.6083333333 1.0378457284 
3.625 1.0529834128 
3.6416666667 1.0692217128 
3.6583333333 1.0459880106 
3.675 1.0489834489 
3.6916666667 1.0456155869 
3.7083333333 1.0621758458 
3.725 1.0454509773 
3.7416666667 1.0371449585 
3.7583333333 1.0759817989 
3.775 1.0549563739 
3.7916666667 1.0566224639 
3.8083333333 1.0498191036 
3.825 1.0576016242 
3.8416666667 1.040785863 
3.8583333333 1.0319823617 
3.875 1.0433658645 
3.8916666667 1.0157064545 
3.9083333333 1.0275356198 
3.925 0.987684893 
3.9416666667 0.9961643133 
3.9583333333 0.9928432197 
3.975 0.9829452025 
3.9916666667 0.9723892801 
4.0083333333 0.9670556974 
4.025 0.967048637 
4.0416666667 0.958013015 
4.0583333333 0.9401708446 
4.075 0.951328979 
4.0916666667 0.9399937062 
4.1083333333 0.9485298687 
4.125 0.9481140435 
4.1416666667 0.9449650729 
4.1583333333 0.9467024554 
4.175 0.9467247777 
4.1916666667 0.943571573 
4.2083333333 0.945048168 
4.225 0.9649062573 
4.2416666667 0.9705319988 
4.2583333333 0.9592788696 
4.275 0.9784095075 
4.2916666667 0.9818718007 
4.3083333333 0.9721922418 
4.325 0.9925111727 
4.3416666667 0.9871045082 
4.3583333333 0.9958349425 
4.375 1.0141809217 
4.3916666667 0.9994647884 
4.4083333333 1.0210046208 
4.425 1.0318651994 
4.4416666667 1.024072246 
4.4583333333 1.0336168809 
4.475 1.0286916003 
4.4916666667 1.0270479737 
4.5083333333 1.0271924995 
4.525 1.048039645 
4.5416666667 1.0337856438 
4.5583333333 1.045763619 
4.575 1.0357578723 
4.5916666667 1.0511276192 
4.6083333333 1.0390435873 
4.625 1.0451904273 
4.6416666667 1.0142054245 
4.6583333333 1.0337007586 
4.675 1.0450774183 
4.6916666667 1.0197491896 
4.7083333333 1.0280660483 
4.725 1.0264518031 
4.7416666667 1.0282982228 
4.7583333333 1.0258223776 
4.775 1.0053434199 
4.7916666667 1.0045978976 
4.8083333333 1.0135623904 
4.825 0.9932470371 
4.8416666667 0.9695971991 
4.8583333333 0.996745017 
4.875 0.9958602549 
4.8916666667 0.9806876258 
4.9083333333 0.9846739003 
4.925 0.9729980633 
4.9416666667 0.9707661434 
4.9583333333 0.9543913332 
4.975 0.9706902294 
4.9916666667 0.9610938048 
