# Radial distribution function (300 data points):
# "Pair separation distance" g(r)
0.0083333333 0.0 
0.025 0.0 
0.0416666667 0.0 
0.0583333333 0.0 
0.075 0.0 
0.0916666667 0.0 
0.1083333333 0.0 
0.125 0.0 
0.1416666667 0.0 
0.1583333333 0.0 
0.175 0.0 
0.1916666667 0.0 
0.2083333333 0.0 
0.225 0.0 
0.2416666667 0.0 
0.2583333333 0.0 
0.275 0.0 
0.2916666667 0.0 
0.3083333333 0.0 
0.325 0.0 
0.3416666667 0.0 
0.3583333333 0.0 
0.375 0.0 
0.3916666667 0.0 
0.4083333333 0.0 
0.425 0.0 
0.4416666667 0.0 
0.4583333333 0.0 
0.475 0.0 
0.4916666667 0.0 
0.5083333333 0.0 
0.525 0.0 
0.5416666667 0.0 
0.5583333333 0.0 
0.575 0.0 
0.5916666667 0.0 
0.6083333333 0.0 
0.625 0.0 
0.6416666667 0.0 
0.6583333333 0.0 
0.675 0.0 
0.6916666667 0.0 
0.7083333333 0.0 
0.725 0.0 
0.7416666667 0.0 
0.7583333333 0.0 
0.775 0.0 
0.7916666667 0.0 
0.8083333333 0.0 
0.825 0.0 
0.8416666667 0.0070915393 
0.8583333333 0.0306846992 
0.875 0.0918615476 
0.8916666667 0.3380422886 
0.9083333333 0.7732786 
0.925 1.2696846235 
0.9416666667 1.8596617631 
0.9583333333 2.2823758812 
0.975 2.810105667 
0.9916666667 2.9105672561 
1.0083333333 3.009082641 
1.025 2.9299551958 
1.0416666667 2.7362491574 
1.0583333333 2.5756214746 
1.075 2.2724972823 
1.0916666667 2.0993060949 
1.1083333333 1.9200899818 
1.125 1.677060322 
1.1416666667 1.5648569288 
1.1583333333 1.3020495039 
1.175 1.2772004429 
1.1916666667 1.1276348516 
1.2083333333 1.0631952814 
1.225 0.9357027251 
1.2416666667 0.8708354646 
1.2583333333 0.7654283247 
1.275 0.7455482018 
1.2916666667 0.6797602859 
1.3083333333 0.6368717818 
1.325 0.6323969252 
1.3416666667 0.6307373558 
1.3583333333 0.5656630695 
1.375 0.5766124017 
1.3916666667 0.5752053891 
1.4083333333 0.5395088541 
1.425 0.5442807319 
1.4416666667 0.5631918075 
1.4583333333 0.5244083533 
1.475 0.5622704539 
1.4916666667 0.5610651113 
1.5083333333 0.5763368515 
1.525 0.6134925436 
1.5416666667 0.5987143711 
1.5583333333 0.6702782208 
1.575 0.6921150819 
1.5916666667 0.7128951216 
1.6083333333 0.7326696384 
1.625 0.8104645439 
1.6416666667 0.8425577994 
1.6583333333 0.8517389093 
1.675 0.9306711488 
1.6916666667 0.9795713193 
1.7083333333 0.991106286 
1.725 1.0767226493 
1.7416666667 1.0736039234 
1.7583333333 1.1687164562 
1.775 1.1779654346 
1.7916666667 1.2054497362 
1.8083333333 1.2082968292 
1.825 1.2983244451 
1.8416666667 1.2653041339 
1.8583333333 1.3049000768 
1.875 1.3243175968 
1.8916666667 1.321090442 
1.9083333333 1.2536264582 
1.925 1.2808187561 
1.9416666667 1.3015665 
1.9583333333 1.2696818593 
1.975 1.2789319295 
1.9916666667 1.2566670332 
2.0083333333 1.2452377728 
2.025 1.184395184 
2.0416666667 1.1696566925 
2.0583333333 1.1599814068 
2.075 1.1067098033 
2.0916666667 1.0971813112 
2.1083333333 1.0304571069 
2.125 0.9940527257 
2.1416666667 1.0142382827 
2.1583333333 0.9368942686 
2.175 0.9146260065 
2.1916666667 0.9005068326 
2.2083333333 0.8635295498 
2.225 0.8534319415 
2.2416666667 0.874280323 
2.2583333333 0.8417225553 
2.275 0.8194855191 
2.2916666667 0.8078482766 
2.3083333333 0.8256883785 
2.325 0.800184871 
2.3416666667 0.809907168 
2.3583333333 0.7863059241 
2.375 0.8156106272 
2.3916666667 0.8167983437 
2.4083333333 0.8222059927 
2.425 0.853017287 
2.4416666667 0.8702734361 
2.4583333333 0.8751389338 
2.475 0.9039887349 
2.4916666667 0.9186391828 
2.5083333333 0.8988864161 
2.525 0.9424141465 
2.5416666667 0.9734503733 
2.5583333333 0.9815327854 
2.575 1.0198211997 
2.5916666667 1.026193566 
2.6083333333 1.0565037737 
2.625 1.0298247872 
2.6416666667 1.0651050781 
2.6583333333 1.0942683154 
2.675 1.1068275387 
2.6916666667 1.1104984625 
2.7083333333 1.1434463215 
2.725 1.1308551302 
2.7416666667 1.1376997439 
2.7583333333 1.1329067112 
2.775 1.1237427657 
2.7916666667 1.1398565877 
2.8083333333 1.0932435523 
2.825 1.1324732648 
2.8416666667 1.0930982761 
2.8583333333 1.1077512448 
2.875 1.0976800988 
2.8916666667 1.0668887172 
2.9083333333 1.0664262283 
2.925 1.0754468847 
2.9416666667 1.03063859 
2.9583333333 1.0401543493 
2.975 1.0163287429 
2.9916666667 1.0081235562 
3.0083333333 0.9836614549 
3.025 0.9812245551 
3.0416666667 0.964120488 
3.0583333333 0.9654574687 
3.075 0.9619271539 
3.0916666667 0.9287207082 
3.1083333333 0.9495962166 
3.125 0.930234323 
3.1416666667 0.9201361683 
3.1583333333 0.9268188317 
3.175 0.9355534727 
3.1916666667 0.9153282955 
3.2083333333 0.9311003231 
3.225 0.9266940141 
3.2416666667 0.9168309865 
3.2583333333 0.9368139319 
3.275 0.9255467348 
3.2916666667 0.9347443731 
3.3083333333 0.9364808594 
3.325 0.923821635 
3.3416666667 0.93431221 
3.3583333333 0.9472221699 
3.375 0.9687634149 
3.3916666667 0.9683278484 
3.4083333333 0.9571509667 
3.425 0.9917555118 
3.4416666667 1.0148312303 
3.4583333333 0.9956222007 
3.475 1.0061682296 
3.4916666667 1.024400318 
3.5083333333 1.0321393558 
3.525 1.0362499275 
3.5416666667 1.0227150606 
3.5583333333 1.055909218 
3.575 1.073406009 
3.5916666667 1.0550941455 
3.6083333333 1.0587782057 
3.625 1.0472487296 
3.6416666667 1.0719681636 
3.6583333333 1.0644753279 
3.675 1.0474955291 
3.6916666667 1.0634019264 
3.7083333333 1.0710349221 
3.725 1.0421924288 
3.7416666667 1.0412716489 
3.7583333333 1.0439717627 
3.775 1.030807832 
3.7916666667 1.03915041 
3.8083333333 1.0223677585 
3.825 1.0263543035 
3.8416666667 1.0240209558 
3.8583333333 0.9989103305 
3.875 1.0082357007 
3.8916666667 0.9932328711 
3.9083333333 0.9923443543 
3.925 0.997957142 
3.9416666667 0.9810476431 
3.9583333333 0.9746472395 
3.975 0.982229813 
3.9916666667 0.9724681055 
4.0083333333 0.9625217689 
4.025 0.9508458821 
4.0416666667 0.9490941137 
4.0583333333 0.9555747306 
4.075 0.959119318 
4.0916666667 0.9668506692 
4.1083333333 0.9575337217 
4.125 0.9583000877 
4.1416666667 0.9544103305 
4.1583333333 0.9676934796 
4.175 0.9483820325 
4.1916666667 0.9689479297 
4.2083333333 0.9697274988 
4.225 0.9852400701 
4.2416666667 0.978280618 
4.2583333333 0.9652354027 
4.275 0.9928413398 
4.2916666667 0.9901228242 
4.3083333333 1.0088659747 
4.325 0.9835811236 
4.3416666667 1.009891531 
4.3583333333 1.0008600707 
4.375 0.9933146216 
4.3916666667 1.0259035886 
4.4083333333 1.0135723173 
4.425 1.0216664944 
4.4416666667 1.0267460639 
4.4583333333 1.0298888337 
4.475 1.0421758518 
4.4916666667 1.0296625946 
4.5083333333 1.0532693349 
4.525 1.04098565 
4.5416666667 1.0262353186 
4.5583333333 1.029201615 
4.575 1.0461388532 
4.5916666667 1.0219974743 
4.6083333333 1.0203551148 
4.625 1.0301593195 
4.6416666667 1.0280211898 
4.6583333333 1.0180737035 
4.675 1.0131837657 
4.6916666667 1.0139862829 
4.7083333333 0.9966223882 
4.725 1.0104750239 
4.7416666667 1.0063446591 
4.7583333333 1.0007495546 
4.775 0.9882672892 
4.7916666667 1.0000576512 
4.8083333333 0.9891712706 
4.825 0.9986958422 
4.8416666667 0.9887244688 
4.8583333333 0.9691286031 
4.875 0.9857135149 
4.8916666667 0.9793229353 
4.9083333333 0.9807639817 
4.925 0.9880660446 
4.9416666667 0.9726691022 
4.9583333333 0.9597553783 
4.975 0.9735319176 
4.9916666667 0.9848350951 
