# Radial distribution function (300 data points):
# "Pair separation distance" g(r)
0.0083333333 0.0 
0.025 0.0 
0.0416666667 0.0 
0.0583333333 0.0 
0.075 0.0 
0.0916666667 0.0 
0.1083333333 0.0 
0.125 0.0 
0.1416666667 0.0 
0.1583333333 0.0 
0.175 0.0 
0.1916666667 0.0 
0.2083333333 0.0 
0.225 0.0 
0.2416666667 0.0 
0.2583333333 0.0 
0.275 0.0 
0.2916666667 0.0 
0.3083333333 0.0 
0.325 0.0 
0.3416666667 0.0 
0.3583333333 0.0 
0.375 0.0 
0.3916666667 0.0 
0.4083333333 0.0 
0.425 0.0 
0.4416666667 0.0 
0.4583333333 0.0 
0.475 0.0 
0.4916666667 0.0 
0.5083333333 0.0 
0.525 0.0 
0.5416666667 0.0 
0.5583333333 0.0 
0.575 0.0 
0.5916666667 0.0 
0.6083333333 0.0 
0.625 0.0 
0.6416666667 0.0 
0.6583333333 0.0 
0.675 0.0 
0.6916666667 0.0 
0.7083333333 0.0 
0.725 0.0 
0.7416666667 0.0 
0.7583333333 0.0 
0.775 0.0 
0.7916666667 0.0 
0.8083333333 0.0 
0.825 0.0 
0.8416666667 0.0035457696 
0.8583333333 0.0255705826 
0.875 0.126309628 
0.8916666667 0.3364626518 
0.9083333333 0.6789020779 
0.925 1.2917022759 
0.9416666667 1.8086733218 
0.9583333333 2.2946834803 
0.975 2.709697566 
0.9916666667 2.9271698776 
1.0083333333 2.947319861 
1.025 2.9000698919 
1.0416666667 2.8126419003 
1.0583333333 2.5890770505 
1.075 2.3757432133 
1.0916666667 2.1699152859 
1.1083333333 1.9160003333 
1.125 1.7534707627 
1.1416666667 1.5436581281 
1.1583333333 1.4555621701 
1.175 1.2544582698 
1.1916666667 1.1170218177 
1.2083333333 0.9814771974 
1.225 0.9281702345 
1.2416666667 0.8635038283 
1.2583333333 0.8011218735 
1.275 0.7200527711 
1.2916666667 0.6684685868 
1.3083333333 0.6089902983 
1.325 0.6230969704 
1.3416666667 0.6056194965 
1.3583333333 0.5520490366 
1.375 0.5580120017 
1.3916666667 0.4973872981 
1.4083333333 0.5490072494 
1.425 0.5560322477 
1.4416666667 0.5589618261 
1.4583333333 0.5911404973 
1.475 0.5680432512 
1.4916666667 0.5932388652 
1.5083333333 0.5846175534 
1.525 0.6026916185 
1.5416666667 0.5960722071 
1.5583333333 0.660968801 
1.575 0.7037600321 
1.5916666667 0.6831498454 
1.6083333333 0.7185891748 
1.625 0.753389576 
1.6416666667 0.8229851072 
1.6583333333 0.8672665892 
1.675 0.914555631 
1.6916666667 0.9699160464 
1.7083333333 1.0354327938 
1.725 1.0332485478 
1.7416666667 1.0967901246 
1.7583333333 1.1512486746 
1.775 1.1835463199 
1.7916666667 1.2547475832 
1.8083333333 1.2102171992 
1.825 1.2444004266 
1.8416666667 1.3130724199 
1.8583333333 1.3383590532 
1.875 1.323960349 
1.8916666667 1.3168786765 
1.9083333333 1.3477777713 
1.925 1.3099667881 
1.9416666667 1.3055641448 
1.9583333333 1.2863838904 
1.975 1.248021188 
1.9916666667 1.2164562211 
2.0083333333 1.2365189287 
2.025 1.2101229304 
2.0416666667 1.1365134065 
2.0583333333 1.1291513362 
2.075 1.1070015033 
2.0916666667 1.0656036177 
2.1083333333 1.0231108264 
2.125 1.0043437025 
2.1416666667 0.9602952638 
2.1583333333 0.9463306138 
2.175 0.909581625 
2.1916666667 0.911227152 
2.2083333333 0.8879957911 
2.225 0.8651019383 
2.2416666667 0.8307912503 
2.2583333333 0.8338421803 
2.275 0.8338028556 
2.2916666667 0.8430033082 
2.3083333333 0.8230955803 
2.325 0.7997201876 
2.3416666667 0.8172366446 
2.3583333333 0.8283084806 
2.375 0.8450020011 
2.3916666667 0.8102112602 
2.4083333333 0.8501397755 
2.425 0.8568616313 
2.4416666667 0.8744868151 
2.4583333333 0.8869847945 
2.475 0.8912767137 
2.4916666667 0.8727173386 
2.5083333333 0.9398084048 
2.525 0.9244877905 
2.5416666667 0.9382607353 
2.5583333333 0.9750084228 
2.575 0.9933028178 
2.5916666667 1.0134783396 
2.6083333333 1.0144134609 
2.625 1.0518794419 
2.6416666667 1.0744638926 
2.6583333333 1.0764955638 
2.675 1.085589649 
2.6916666667 1.102004172 
2.7083333333 1.1095436004 
2.725 1.1399885698 
2.7416666667 1.1166467012 
2.7583333333 1.1517252112 
2.775 1.1322238432 
2.7916666667 1.1335715026 
2.8083333333 1.1384702338 
2.825 1.1332601417 
2.8416666667 1.1231164843 
2.8583333333 1.1175897238 
2.875 1.1289816077 
2.8916666667 1.088668087 
2.9083333333 1.0806808813 
2.925 1.0736853009 
2.9416666667 1.0351379276 
2.9583333333 1.0341269648 
2.975 1.0247011802 
2.9916666667 1.0154206643 
3.0083333333 0.9776939827 
3.025 0.9598130247 
3.0416666667 0.9540747381 
3.0583333333 0.9529696322 
3.075 0.9546217143 
3.0916666667 0.9299032897 
3.1083333333 0.9486862682 
3.125 0.9253471525 
3.1416666667 0.9435499499 
3.1583333333 0.9278261066 
3.175 0.9098877362 
3.1916666667 0.9139720709 
3.2083333333 0.939275362 
3.225 0.9368376546 
3.2416666667 0.9140820473 
3.2583333333 0.9221447909 
3.275 0.9499032278 
3.2916666667 0.9384536762 
3.3083333333 0.9375136161 
3.325 0.9302970203 
3.3416666667 0.9263266356 
3.3583333333 0.9576899437 
3.375 0.9532164491 
3.3916666667 0.9795735095 
3.4083333333 0.9771524271 
3.425 0.9668090545 
3.4416666667 0.9996686699 
3.4583333333 0.9910016568 
3.475 1.0108485656 
3.4916666667 1.0269757412 
3.5083333333 1.0376495412 
3.525 1.028770168 
3.5416666667 1.0349307682 
3.5583333333 1.0383520614 
3.575 1.0280051507 
3.5916666667 1.0278332467 
3.6083333333 1.0451769186 
3.625 1.0496381809 
3.6416666667 1.0421360254 
3.6583333333 1.0611907791 
3.675 1.0642346267 
3.6916666667 1.0448783293 
3.7083333333 1.0490242274 
3.725 1.0465371601 
3.7416666667 1.062712497 
3.7583333333 1.0651339533 
3.775 1.0445566369 
3.7916666667 1.0540016559 
3.8083333333 1.0518974388 
3.825 1.0283287221 
3.8416666667 1.0169575685 
3.8583333333 1.0243892933 
3.875 1.0119160036 
3.8916666667 1.0312969847 
3.9083333333 1.0106799903 
3.925 0.9948591622 
3.9416666667 0.9984277719 
3.9583333333 0.985548796 
3.975 0.9701476788 
3.9916666667 0.988075521 
4.0083333333 0.9668211839 
4.025 0.9666610113 
4.0416666667 0.9462492918 
4.0583333333 0.9692247088 
4.075 0.9470178204 
4.0916666667 0.9485459235 
4.1083333333 0.9433210281 
4.125 0.959776326 
4.1416666667 0.9463562349 
4.1583333333 0.9528036528 
4.175 0.9529214693 
4.1916666667 0.9724505818 
4.2083333333 0.9630612428 
4.225 0.9607550637 
4.2416666667 0.9766052408 
4.2583333333 0.9700837436 
4.275 0.9664517036 
4.2916666667 0.9760074369 
4.3083333333 0.98964948 
4.325 0.9802239622 
4.3416666667 0.9954997271 
4.3583333333 0.9904130937 
4.375 1.0106375877 
4.3916666667 1.0106654624 
4.4083333333 1.0195181601 
4.425 1.0216023516 
4.4416666667 1.0198705322 
4.4583333333 1.017883258 
4.475 1.0385382398 
4.4916666667 1.0438562506 
4.5083333333 1.0346077134 
4.525 1.0370599484 
4.5416666667 1.0276357822 
4.5583333333 1.0421369028 
4.575 1.0298173109 
4.5916666667 1.03784332 
4.6083333333 1.0278068475 
4.625 1.0466583089 
4.6416666667 1.0272050687 
4.6583333333 1.0338743926 
4.675 1.0261710909 
4.6916666667 1.0129021717 
4.7083333333 1.0325418126 
4.725 1.0051869351 
4.7416666667 1.0169583413 
4.7583333333 1.0078498231 
4.775 1.0060595157 
4.7916666667 1.0030662482 
4.8083333333 1.0007964368 
4.825 0.9923838601 
4.8416666667 0.990171069 
4.8583333333 0.9924881516 
4.875 0.9910511229 
4.8916666667 0.9806876258 
4.9083333333 0.9784180306 
4.925 0.9769851236 
4.9416666667 0.9785322725 
4.9583333333 0.9775844424 
4.975 0.970639485 
4.9916666667 0.9717799058 
