# Radial distribution function (300 data points):
# "Pair separation distance" g(r)
0.0083333333 0.0 
0.025 0.0 
0.0416666667 0.0 
0.0583333333 0.0 
0.075 0.0 
0.0916666667 0.0 
0.1083333333 0.0 
0.125 0.0 
0.1416666667 0.0 
0.1583333333 0.0 
0.175 0.0 
0.1916666667 0.0 
0.2083333333 0.0 
0.225 0.0 
0.2416666667 0.0 
0.2583333333 0.0 
0.275 0.0 
0.2916666667 0.0 
0.3083333333 0.0 
0.325 0.0 
0.3416666667 0.0 
0.3583333333 0.0 
0.375 0.0 
0.3916666667 0.0 
0.4083333333 0.0 
0.425 0.0 
0.4416666667 0.0 
0.4583333333 0.0 
0.475 0.0 
0.4916666667 0.0 
0.5083333333 0.0 
0.525 0.0 
0.5416666667 0.0 
0.5583333333 0.0 
0.575 0.0 
0.5916666667 0.0 
0.6083333333 0.0 
0.625 0.0 
0.6416666667 0.0 
0.6583333333 0.0 
0.675 0.0 
0.6916666667 0.0 
0.7083333333 0.0 
0.725 0.0 
0.7416666667 0.0 
0.7583333333 0.0 
0.775 0.0 
0.7916666667 0.0 
0.8083333333 0.0 
0.825 0.0 
0.8416666667 0.0035457696 
0.8583333333 0.0238658771 
0.875 0.1427134758 
0.8916666667 0.3443608361 
0.9083333333 0.6332360189 
0.925 1.2021638227 
0.9416666667 1.7605175717 
0.9583333333 2.1798125552 
0.975 2.626464535 
0.9916666667 2.8863018863 
1.0083333333 2.9868480402 
1.025 3.0506918236 
1.0416666667 2.843893477 
1.0583333333 2.6070178182 
1.075 2.4333435748 
1.0916666667 2.1920465248 
1.1083333333 2.0182415464 
1.125 1.7663712268 
1.1416666667 1.5369130551 
1.1583333333 1.4462016417 
1.175 1.3235944761 
1.1916666667 1.1152529788 
1.2083333333 0.9866383396 
1.225 0.9357027251 
1.2416666667 0.8732793434 
1.2583333333 0.8050878233 
1.275 0.7130994718 
1.2916666667 0.678254726 
1.3083333333 0.6302682726 
1.325 0.5959124872 
1.3416666667 0.5700358625 
1.3583333333 0.5806385058 
1.375 0.5593406017 
1.3916666667 0.5252721141 
1.4083333333 0.5414085331 
1.425 0.5170666953 
1.4416666667 0.5426461836 
1.4583333333 0.5539358506 
1.475 0.553611258 
1.4916666667 0.5565494968 
1.5083333333 0.5895859745 
1.525 0.5805497222 
1.5416666667 0.6362331005 
1.5583333333 0.6361436817 
1.575 0.630852518 
1.5916666667 0.6851328638 
1.6083333333 0.7030521116 
1.625 0.7500602029 
1.6416666667 0.8145968105 
1.6583333333 0.8485420341 
1.675 0.8988877666 
1.6916666667 0.9343670873 
1.7083333333 1.0255346416 
1.725 1.0353589411 
1.7416666667 1.1104534217 
1.7583333333 1.1488113097 
1.775 1.2230111518 
1.7916666667 1.2285336487 
1.8083333333 1.2578423762 
1.825 1.3492317352 
1.8416666667 1.348250615 
1.8583333333 1.307082184 
1.875 1.3289618182 
1.8916666667 1.3607512337 
1.9083333333 1.3501919075 
1.925 1.3204736369 
1.9416666667 1.3192227643 
1.9583333333 1.24970492 
1.975 1.2431913847 
1.9916666667 1.2281711821 
2.0083333333 1.2187698532 
2.025 1.1972590572 
2.0416666667 1.1545915625 
2.0583333333 1.1599814068 
2.075 1.0754979032 
2.0916666667 1.0696225969 
2.1083333333 1.0160470952 
2.125 0.9982247433 
2.1416666667 0.9811057686 
2.1583333333 0.9234137756 
2.175 0.9257767444 
2.1916666667 0.8774973665 
2.2083333333 0.8861930154 
2.225 0.8851438894 
2.2416666667 0.8375395547 
2.2583333333 0.8619160163 
2.275 0.8085655166 
2.2916666667 0.8418075588 
2.3083333333 0.8483164357 
2.325 0.81087259 
2.3416666667 0.8371636592 
2.3583333333 0.8312441432 
2.375 0.8496779015 
2.3916666667 0.8411705523 
2.4083333333 0.8516555621 
2.425 0.8369991857 
2.4416666667 0.8542625958 
2.4583333333 0.8616304962 
2.475 0.8473997372 
2.4916666667 0.892744927 
2.5083333333 0.9080689111 
2.525 0.9191689815 
2.5416666667 0.926401244 
2.5583333333 0.9452650051 
2.575 0.9486004027 
2.5916666667 0.9856170347 
2.6083333333 1.009798295 
2.625 1.0115977998 
2.6416666667 1.047107358 
2.6583333333 1.0766732913 
2.675 1.0875203663 
2.6916666667 1.1141388726 
2.7083333333 1.1131393436 
2.725 1.1597776889 
2.7416666667 1.1350263417 
2.7583333333 1.1441317814 
2.775 1.152447951 
2.7916666667 1.1730547295 
2.8083333333 1.1701607607 
2.825 1.1686696032 
2.8416666667 1.1602892913 
2.8583333333 1.1272744765 
2.875 1.1204724596 
2.8916666667 1.1145029258 
2.9083333333 1.0977567677 
2.925 1.0578310471 
2.9416666667 1.0599568543 
2.9583333333 1.0441726056 
2.975 1.0224306887 
2.9916666667 0.998300526 
3.0083333333 1.0141927077 
3.025 0.9858911707 
3.0416666667 0.945793782 
3.0583333333 0.9662631356 
3.075 0.9350962667 
3.0916666667 0.9460652375 
3.1083333333 0.9155381456 
3.125 0.9108142507 
3.1416666667 0.9168276991 
3.1583333333 0.9240488256 
3.175 0.923966514 
3.1916666667 0.9048483783 
3.2083333333 0.9145062144 
3.225 0.9289884089 
3.2416666667 0.9342807746 
3.2583333333 0.9288878638 
3.275 0.9355001094 
3.2916666667 0.9184002565 
3.3083333333 0.9329235862 
3.325 0.9287065747 
3.3416666667 0.9402732726 
3.3583333333 0.9492266372 
3.375 0.9650145011 
3.3916666667 0.9598117167 
3.4083333333 0.974449527 
3.425 0.9737683666 
3.4416666667 0.97612959 
3.4583333333 0.9765099509 
3.475 0.9798543406 
3.4916666667 1.0011184926 
3.5083333333 1.0067312787 
3.525 1.0058255003 
3.5416666667 1.0130025717 
3.5583333333 1.0198029751 
3.575 1.0465782291 
3.5916666667 1.0364983181 
3.6083333333 1.05318335 
3.625 1.0529834128 
3.6416666667 1.0517012507 
3.6583333333 1.0669152784 
3.675 1.0888782981 
3.6916666667 1.0792529648 
3.7083333333 1.0710349221 
3.725 1.0616532046 
3.7416666667 1.0680951367 
3.7583333333 1.0721583779 
3.775 1.0856267848 
3.7916666667 1.0612525583 
3.8083333333 1.0479139629 
3.825 1.0636107244 
3.8416666667 1.0420623788 
3.8583333333 1.0304637481 
3.875 1.034081464 
3.8916666667 1.0143796009 
3.9083333333 1.0324689748 
3.925 1.0083924426 
3.9416666667 0.997134367 
3.9583333333 0.9910797327 
3.975 0.9847734201 
3.9916666667 0.9806659399 
4.0083333333 0.9623654265 
4.025 0.9467370495 
4.0416666667 0.9557064026 
4.0583333333 0.9410096701 
4.075 0.9428579306 
4.0916666667 0.9384182978 
4.1083333333 0.9646028624 
4.125 0.933868344 
4.1416666667 0.9344947486 
4.1583333333 0.9342821608 
4.175 0.9458601231 
4.1916666667 0.9423563672 
4.2083333333 0.9382400767 
4.225 0.9378883193 
4.2416666667 0.9504274735 
4.2583333333 0.9654431887 
4.275 0.9638402292 
4.2916666667 0.971370498 
4.3083333333 0.9684030738 
4.325 0.989355441 
4.3416666667 0.9859051912 
4.3583333333 0.9910081747 
4.375 0.9972516594 
4.3916666667 0.9931481293 
4.4083333333 1.0122797427 
4.425 1.0177537837 
4.4416666667 1.0270007132 
4.4583333333 1.0383559239 
4.475 1.0417368297 
4.4916666667 1.0353898593 
4.5083333333 1.0317652147 
4.525 1.0535601629 
4.5416666667 1.0408488511 
4.5583333333 1.0400817636 
4.575 1.0500992274 
4.5916666667 1.0411792875 
4.6083333333 1.0531782231 
4.625 1.0533518491 
4.6416666667 1.0457426779 
4.6583333333 1.0477072303 
4.675 1.0484679147 
4.6916666667 1.0382931962 
4.7083333333 1.0461957263 
4.725 1.0447350891 
4.7416666667 1.03533677 
4.7583333333 1.0176126922 
4.775 1.0094196575 
4.7916666667 1.0002217565 
4.8083333333 1.0119870174 
4.825 0.9970234367 
4.8416666667 0.9995471816 
4.8583333333 0.9795579232 
4.875 0.9982383971 
4.8916666667 0.9838369117 
4.9083333333 0.9699726064 
4.925 0.9798330239 
4.9416666667 0.962794289 
4.9583333333 0.9676226444 
4.975 0.9482611907 
4.9916666667 0.960791368 
