# Radial distribution function (300 data points):
# "Pair separation distance" g(r)
0.0083333333 0.0 
0.025 0.0 
0.0416666667 0.0 
0.0583333333 0.0 
0.075 0.0 
0.0916666667 0.0 
0.1083333333 0.0 
0.125 0.0 
0.1416666667 0.0 
0.1583333333 0.0 
0.175 0.0 
0.1916666667 0.0 
0.2083333333 0.0 
0.225 0.0 
0.2416666667 0.0 
0.2583333333 0.0 
0.275 0.0 
0.2916666667 0.0 
0.3083333333 0.0 
0.325 0.0 
0.3416666667 0.0 
0.3583333333 0.0 
0.375 0.0 
0.3916666667 0.0 
0.4083333333 0.0 
0.425 0.0 
0.4416666667 0.0 
0.4583333333 0.0 
0.475 0.0 
0.4916666667 0.0 
0.5083333333 0.0 
0.525 0.0 
0.5416666667 0.0 
0.5583333333 0.0 
0.575 0.0 
0.5916666667 0.0 
0.6083333333 0.0 
0.625 0.0 
0.6416666667 0.0 
0.6583333333 0.0 
0.675 0.0 
0.6916666667 0.0 
0.7083333333 0.0 
0.725 0.0 
0.7416666667 0.0 
0.7583333333 0.0 
0.775 0.0 
0.7916666667 0.0 
0.8083333333 0.0 
0.825 0.0 
0.8416666667 0.0035457696 
0.8583333333 0.0289799937 
0.875 0.1033442411 
0.8916666667 0.3143477357 
0.9083333333 0.7321791468 
0.925 1.3181234588 
0.9416666667 1.9545569179 
0.9583333333 2.3288712556 
0.975 2.7480111835 
0.9916666667 2.9310012518 
1.0083333333 2.959672417 
1.025 2.9610359119 
1.0416666667 2.73277676 
1.0583333333 2.4578851861 
1.075 2.3474864322 
1.0916666667 2.0929828838 
1.1083333333 1.8515883691 
1.125 1.694922503 
1.1416666667 1.5407673825 
1.1583333333 1.414375845 
1.175 1.1844123765 
1.1916666667 1.1789311821 
1.2083333333 1.0408303321 
1.225 0.9482568762 
1.2416666667 0.8374357882 
1.2583333333 0.7804989342 
1.275 0.7038284061 
1.2916666667 0.715893723 
1.3083333333 0.6031205123 
1.325 0.6202354459 
1.3416666667 0.624457891 
1.3583333333 0.5677051745 
1.375 0.5407402016 
1.3916666667 0.5693690323 
1.4083333333 0.5369759487 
1.425 0.5554137469 
1.4416666667 0.5208919936 
1.4583333333 0.5751956487 
1.475 0.5576522161 
1.4916666667 0.5819498288 
1.5083333333 0.6216046885 
1.525 0.5978312023 
1.5416666667 0.6351762349 
1.5583333333 0.6242483121 
1.575 0.6941402906 
1.5916666667 0.7406573795 
1.6083333333 0.7486922348 
1.625 0.8185501643 
1.6416666667 0.8714508213 
1.6583333333 0.8987786454 
1.675 0.9199274703 
1.6916666667 0.9944931046 
1.7083333333 1.0113329449 
1.725 1.0332485478 
1.7416666667 1.0794004737 
1.7583333333 1.1492175372 
1.775 1.2166329971 
1.7916666667 1.2062322417 
1.8083333333 1.2178986794 
1.825 1.2477942459 
1.8416666667 1.2904843157 
1.8583333333 1.2685316243 
1.875 1.2868065777 
1.8916666667 1.3017865168 
1.9083333333 1.3215671493 
1.925 1.2811576867 
1.9416666667 1.2765812204 
1.9583333333 1.2533073189 
1.975 1.2637985456 
1.9916666667 1.2234218736 
2.0083333333 1.2231292752 
2.025 1.220536542 
2.0416666667 1.2018960706 
2.0583333333 1.1516810032 
2.075 1.0746228032 
2.0916666667 1.0839760939 
2.1083333333 1.0225457279 
2.125 1.007403182 
2.1416666667 0.9797366564 
2.1583333333 0.9441737349 
2.175 0.9353345198 
2.1916666667 0.8785432513 
2.2083333333 0.8800120703 
2.225 0.8592669399 
2.2416666667 0.8500364147 
2.2583333333 0.83236461 
2.275 0.8153601848 
2.2916666667 0.8119138245 
2.3083333333 0.8252169606 
2.325 0.81900455 
2.3416666667 0.7886058765 
2.3583333333 0.814985089 
2.375 0.8269663853 
2.3916666667 0.8411705523 
2.4083333333 0.8159263051 
2.425 0.85771593 
2.4416666667 0.8728014635 
2.4583333333 0.863085251 
2.475 0.9167007561 
2.4916666667 0.9170207918 
2.5083333333 0.9575745365 
2.525 0.9530517644 
2.5416666667 0.9788940742 
2.5583333333 0.9707867764 
2.575 1.0109186001 
2.5916666667 1.024697657 
2.6083333333 1.0729337643 
2.625 1.0735695569 
2.6416666667 1.0620454657 
2.6583333333 1.0820051168 
2.675 1.088397965 
2.6916666667 1.1070314051 
2.7083333333 1.1109134073 
2.725 1.1322082324 
2.7416666667 1.13302129 
2.7583333333 1.1334019349 
2.775 1.109390173 
2.7916666667 1.1182616799 
2.8083333333 1.1416552114 
2.825 1.1080800803 
2.8416666667 1.113006725 
2.8583333333 1.0849997621 
2.875 1.0903865433 
2.8916666667 1.0799563391 
2.9083333333 1.0413320996 
2.925 1.0472615446 
2.9416666667 1.0452977221 
2.9583333333 1.0335529282 
2.975 1.004266757 
2.9916666667 1.0148593483 
3.0083333333 0.9974005186 
3.025 0.9864401843 
3.0416666667 0.9614054205 
3.0583333333 0.9582064669 
3.075 0.9265953916 
3.0916666667 0.9471164211 
3.1083333333 0.9371169234 
3.125 0.9334495667 
3.1416666667 0.9187364313 
3.1583333333 0.9133465297 
3.175 0.9172386025 
3.1916666667 0.9255616264 
3.2083333333 0.9243894703 
3.225 0.9245203768 
3.2416666667 0.9213727122 
3.2583333333 0.9164664137 
3.275 0.929176789 
3.2916666667 0.9412356535 
3.3083333333 0.9488739402 
3.325 0.9352955633 
3.3416666667 0.9519704521 
3.3583333333 0.9825230666 
3.375 0.9860745754 
3.3916666667 0.977389886 
3.4083333333 0.9858017072 
3.425 1.0127405145 
3.4416666667 0.9968058088 
3.4583333333 1.0143144011 
3.475 1.0216653421 
3.4916666667 1.0254304873 
3.5083333333 1.0299965059 
3.525 1.0310949581 
3.5416666667 1.0362324419 
3.5583333333 1.0649357787 
3.575 1.0640703347 
3.5916666667 1.0399059304 
3.6083333333 1.0446946034 
3.625 1.0540347714 
3.6416666667 1.0553000483 
3.6583333333 1.0653199261 
3.675 1.0528892383 
3.6916666667 1.0441410717 
3.7083333333 1.0327673658 
3.725 1.034227088 
3.7416666667 1.0425275982 
3.7583333333 1.0449498472 
3.775 1.0301908985 
3.7916666667 1.0245612449 
3.8083333333 1.0238399127 
3.825 1.0151087018 
3.8416666667 1.0113408991 
3.8583333333 1.0087813194 
3.875 0.9915070513 
3.8916666667 1.0147113143 
3.9083333333 0.9814087507 
3.925 0.9728472001 
3.9416666667 0.9630208118 
3.9583333333 0.9764908851 
3.975 0.9940734839 
3.9916666667 0.9578854193 
4.0083333333 0.9665866703 
4.025 0.9625521787 
4.0416666667 0.9550913059 
4.0583333333 0.9716649284 
4.075 0.9507995384 
4.0916666667 0.9557477907 
4.1083333333 0.9681746388 
4.125 0.9565286018 
4.1416666667 0.968029074 
4.1583333333 0.9753199763 
4.175 0.9824638362 
4.1916666667 0.965373795 
4.2083333333 0.9773156838 
4.225 0.9765155276 
4.2416666667 0.9756279375 
4.2583333333 1.0013209111 
4.275 1.0020502233 
4.2916666667 0.9953734756 
4.3083333333 0.9964835151 
4.325 0.9970097688 
4.3416666667 0.9962992718 
4.3583333333 1.0292255969 
4.375 1.0144433908 
4.3916666667 1.0387973876 
4.4083333333 1.032767049 
4.425 1.0003069425 
4.4416666667 1.031584401 
4.4583333333 1.0245179182 
4.475 1.0237369218 
4.4916666667 1.0255539046 
4.5083333333 1.032074182 
4.525 1.0285951544 
4.5416666667 1.0253219729 
4.5583333333 1.0058697407 
4.575 1.0259769481 
4.5916666667 1.0316479518 
4.6083333333 1.0192905815 
4.625 1.015832795 
4.6416666667 1.0162457274 
4.6583333333 1.0134434649 
4.675 1.010885124 
4.6916666667 1.0111904173 
4.7083333333 1.0109561648 
4.725 0.9911791252 
4.7416666667 1.0113163313 
4.7583333333 0.9883795557 
4.775 0.9804453197 
4.7916666667 1.0012063882 
4.8083333333 0.9918331077 
4.825 0.9951891855 
4.8416666667 1.0045834935 
4.8583333333 0.9867945943 
4.875 0.9792661072 
4.8916666667 0.9781681971 
4.9083333333 0.9741953185 
4.925 0.9767780036 
4.9416666667 0.9795094676 
4.9583333333 0.9779420454 
4.975 0.9754094616 
4.9916666667 0.9819619453 
