# Radial distribution function (300 data points):
# "Pair separation distance" g(r)
0.0083333333 0.0 
0.025 0.0 
0.0416666667 0.0 
0.0583333333 0.0 
0.075 0.0 
0.0916666667 0.0 
0.1083333333 0.0 
0.125 0.0 
0.1416666667 0.0 
0.1583333333 0.0 
0.175 0.0 
0.1916666667 0.0 
0.2083333333 0.0 
0.225 0.0 
0.2416666667 0.0 
0.2583333333 0.0 
0.275 0.0 
0.2916666667 0.0 
0.3083333333 0.0 
0.325 0.0 
0.3416666667 0.0 
0.3583333333 0.0 
0.375 0.0 
0.3916666667 0.0 
0.4083333333 0.0 
0.425 0.0 
0.4416666667 0.0 
0.4583333333 0.0 
0.475 0.0 
0.4916666667 0.0 
0.5083333333 0.0 
0.525 0.0 
0.5416666667 0.0 
0.5583333333 0.0 
0.575 0.0 
0.5916666667 0.0 
0.6083333333 0.0 
0.625 0.0 
0.6416666667 0.0 
0.6583333333 0.0 
0.675 0.0 
0.6916666667 0.0 
0.7083333333 0.0 
0.725 0.0 
0.7416666667 0.0 
0.7583333333 0.0 
0.775 0.0 
0.7916666667 0.0 
0.8083333333 0.0 
0.825 0.0018452376 
0.8416666667 0.0053186545 
0.8583333333 0.0238658771 
0.875 0.1295903976 
0.8916666667 0.3443608361 
0.9083333333 0.7808896098 
0.925 1.3709658247 
0.9416666667 1.8993194397 
0.9583333333 2.4122894274 
0.975 2.7902882786 
0.9916666667 2.859482267 
1.0083333333 2.9522608834 
1.025 2.9215873107 
1.0416666667 2.7941224475 
1.0583333333 2.4388231203 
1.075 2.3127088554 
1.0916666667 2.0402894577 
1.1083333333 1.8096694717 
1.125 1.6889684427 
1.1416666667 1.5455852918 
1.1583333333 1.3263868778 
1.175 1.2308064097 
1.1916666667 1.1152529788 
1.2083333333 0.9857781492 
1.225 0.9131052532 
1.2416666667 0.8854987371 
1.2583333333 0.7749466043 
1.275 0.7239157152 
1.2916666667 0.7249270823 
1.3083333333 0.6772265607 
1.325 0.5808894833 
1.3416666667 0.6139921162 
1.3583333333 0.5520490366 
1.375 0.5560191017 
1.3916666667 0.5732599368 
1.4083333333 0.5623050028 
1.425 0.5572692494 
1.4416666667 0.5740689025 
1.4583333333 0.5793294984 
1.475 0.5807434052 
1.4916666667 0.5740475032 
1.5083333333 0.6105637526 
1.525 0.6167328211 
1.5416666667 0.6510292191 
1.5583333333 0.6733813607 
1.575 0.6921150819 
1.5916666667 0.750076717 
1.6083333333 0.7603450323 
1.625 0.8375751536 
1.6416666667 0.8444218653 
1.6583333333 0.876857215 
1.675 0.9499202394 
1.6916666667 0.9857155838 
1.7083333333 0.9790563616 
1.725 1.0712356268 
1.7416666667 1.1063130286 
1.7583333333 1.1199691587 
1.775 1.1687968373 
1.7916666667 1.164368197 
1.8083333333 1.1952383129 
1.825 1.2425149714 
1.8416666667 1.2216091126 
1.8583333333 1.2827153208 
1.875 1.3225313578 
1.8916666667 1.2982767123 
1.9083333333 1.2905282549 
1.925 1.285224854 
1.9416666667 1.2922386623 
1.9583333333 1.3129106458 
1.975 1.3014710119 
1.9916666667 1.2303875261 
2.0083333333 1.2309139575 
2.025 1.2153297362 
2.0416666667 1.1557967729 
2.0583333333 1.1641316086 
2.075 1.1093351033 
2.0916666667 1.0526854704 
2.1083333333 1.015764546 
2.125 1.0021186264 
2.1416666667 0.9405800488 
2.1583333333 0.9457913941 
2.175 0.9241837819 
2.1916666667 0.9209015867 
2.2083333333 0.8609541559 
2.225 0.8757571528 
2.2416666667 0.8632830862 
2.2583333333 0.8114323639 
2.275 0.8248241869 
2.2916666667 0.7997171809 
2.3083333333 0.7992889785 
2.325 0.8150547409 
2.3416666667 0.8243370751 
2.3583333333 0.8380187491 
2.375 0.8067041502 
2.3916666667 0.8308507883 
2.4083333333 0.830001467 
2.425 0.8406299553 
2.4416666667 0.8898656485 
2.4583333333 0.8795031983 
2.475 0.9033736371 
2.4916666667 0.934216196 
2.5083333333 0.9330213433 
2.525 0.9762969294 
2.5416666667 0.9577025243 
2.5583333333 0.9746246368 
2.575 1.0402782371 
2.5916666667 1.0344210655 
2.6083333333 1.0317664846 
2.625 1.0409432495 
2.6416666667 1.0856224791 
2.6583333333 1.1027992361 
2.675 1.1159545656 
2.6916666667 1.1084182281 
2.7083333333 1.1258100575 
2.725 1.1360984011 
2.7416666667 1.1512338428 
2.7583333333 1.1124374657 
2.775 1.1139569071 
2.7916666667 1.1021460771 
2.8083333333 1.0959507832 
2.825 1.1134308433 
2.8416666667 1.0714789448 
2.8583333333 1.0785432602 
2.875 1.0754955342 
2.8916666667 1.0765016804 
2.9083333333 1.0477169962 
2.925 1.0396280149 
2.9416666667 1.0486359403 
2.9583333333 1.0413024225 
2.975 1.0188830458 
2.9916666667 1.0203321794 
3.0083333333 0.993237166 
3.025 0.9852049037 
3.0416666667 0.9681930894 
3.0583333333 0.9627719125 
3.075 0.9430658372 
3.0916666667 0.9538177165 
3.1083333333 0.934777056 
3.125 0.9412947615 
3.1416666667 0.9125012395 
3.1583333333 0.9300924751 
3.175 0.9498814324 
3.1916666667 0.9265479715 
3.2083333333 0.9240234238 
3.225 0.9194485566 
3.2416666667 0.9359540419 
3.2583333333 0.9233277861 
3.275 0.9399498533 
3.2916666667 0.9378740976 
3.3083333333 0.927071298 
3.325 0.9106436579 
3.3416666667 0.9506207775 
3.3583333333 0.9658191723 
3.375 0.9782459614 
3.3916666667 0.9752062625 
3.4083333333 0.9840718512 
3.425 0.9897212513 
3.4416666667 1.0084693168 
3.4583333333 1.0124241786 
3.475 1.0256176258 
3.4916666667 1.0224429964 
3.5083333333 1.0287720203 
3.525 1.0260410666 
3.5416666667 1.0581606383 
3.5583333333 1.036070623 
3.575 1.053457147 
3.5916666667 1.0548020644 
3.6083333333 1.0472026422 
3.625 1.058718096 
3.6416666667 1.0538794703 
3.6583333333 1.0639122624 
3.675 1.0558650779 
3.6916666667 1.0456155869 
3.7083333333 1.0577006423 
3.725 1.0545025009 
3.7416666667 1.0154349784 
3.7583333333 1.0355246699 
3.775 1.0365365007 
3.7916666667 1.0177471439 
3.8083333333 1.0277367913 
3.825 1.0008585501 
3.8416666667 1.0000224592 
3.8583333333 1.0118185468 
3.875 0.990419689 
3.8916666667 0.9967158619 
3.9083333333 0.9999088319 
3.925 0.9774941698 
3.9416666667 0.9776524551 
3.9583333333 0.9822622973 
3.975 0.9820708375 
3.9916666667 0.9707339482 
4.0083333333 0.9684627787 
4.025 0.9638701062 
4.0416666667 0.9683158837 
4.0583333333 0.9677758284 
4.075 0.9638842827 
4.0916666667 0.9518467793 
4.1083333333 0.9691419949 
4.125 0.9599239498 
4.1416666667 0.9612929213 
4.1583333333 0.9619554488 
4.175 0.959910761 
4.1916666667 0.9874619477 
4.2083333333 0.9783085305 
4.225 0.9818628278 
4.2416666667 0.9900780651 
4.2583333333 0.9778410889 
4.275 0.9986140727 
4.2916666667 1.0004195561 
4.3083333333 0.9921530374 
4.325 0.9980169172 
4.3416666667 1.0137559968 
4.3583333333 1.0052239978 
4.375 1.0104407358 
4.3916666667 1.0182845255 
4.4083333333 1.0309574447 
4.425 1.0271827751 
4.4416666667 1.0241995707 
4.4583333333 1.0156717045 
4.475 1.023486052 
4.4916666667 1.0378799744 
4.5083333333 1.0341133658 
4.525 1.024117401 
4.5416666667 1.0209379131 
4.5583333333 1.0302896299 
4.575 1.007255179 
4.5916666667 1.0239633123 
4.6083333333 1.0208282406 
4.625 1.023172203 
4.6416666667 1.0224832248 
4.6583333333 1.0216042604 
4.675 1.0106552599 
4.6916666667 1.0062263294 
4.7083333333 1.0128257878 
4.725 1.0013052528 
4.7416666667 0.9886365682 
4.7583333333 0.9900436811 
4.775 0.9893138908 
4.7916666667 0.9983071947 
4.8083333333 0.9932998343 
4.825 0.9786269759 
4.8416666667 0.9814378898 
4.8583333333 0.9837615777 
4.875 0.9856078197 
4.8916666667 0.9744415422 
4.9083333333 0.9816502299 
4.925 0.9805579439 
4.9416666667 0.9790465857 
4.9583333333 0.9923483378 
4.975 0.9816002822 
4.9916666667 0.9863976854 
