# Radial distribution function (300 data points):
# "Pair separation distance" g(r)
0.0083333333 0.0 
0.025 0.0 
0.0416666667 0.0 
0.0583333333 0.0 
0.075 0.0 
0.0916666667 0.0 
0.1083333333 0.0 
0.125 0.0 
0.1416666667 0.0 
0.1583333333 0.0 
0.175 0.0 
0.1916666667 0.0 
0.2083333333 0.0 
0.225 0.0 
0.2416666667 0.0 
0.2583333333 0.0 
0.275 0.0 
0.2916666667 0.0 
0.3083333333 0.0 
0.325 0.0 
0.3416666667 0.0 
0.3583333333 0.0 
0.375 0.0 
0.3916666667 0.0 
0.4083333333 0.0 
0.425 0.0 
0.4416666667 0.0 
0.4583333333 0.0 
0.475 0.0 
0.4916666667 0.0 
0.5083333333 0.0 
0.525 0.0 
0.5416666667 0.0 
0.5583333333 0.0 
0.575 0.0 
0.5916666667 0.0 
0.6083333333 0.0 
0.625 0.0 
0.6416666667 0.0 
0.6583333333 0.0 
0.675 0.0 
0.6916666667 0.0 
0.7083333333 0.0 
0.725 0.0 
0.7416666667 0.0 
0.7583333333 0.0 
0.775 0.0 
0.7916666667 0.0 
0.8083333333 0.0 
0.825 0.0018452376 
0.8416666667 0.0053186545 
0.8583333333 0.0272752882 
0.875 0.1328711671 
0.8916666667 0.4138648581 
0.9083333333 0.7474011665 
0.925 1.3665622942 
0.9416666667 1.9913819033 
0.9583333333 2.3562214759 
0.975 2.7902882786 
0.9916666667 2.9590979958 
1.0083333333 2.8559109466 
1.025 2.9024607162 
1.0416666667 2.5637867528 
1.0583333333 2.5016158075 
1.075 2.2779312786 
1.0916666667 2.0350201151 
1.1083333333 1.8812383209 
1.125 1.6869837559 
1.1416666667 1.5484760373 
1.1583333333 1.3497881989 
1.175 1.2571873305 
1.1916666667 1.0931424915 
1.2083333333 1.0201857635 
1.225 0.9013880456 
1.2416666667 0.8871279897 
1.2583333333 0.8209516228 
1.275 0.728551248 
1.2916666667 0.7068603638 
1.3083333333 0.6691556049 
1.325 0.6309661629 
1.3416666667 0.6049217782 
1.3583333333 0.6391788475 
1.375 0.5440617016 
1.3916666667 0.5453751209 
1.4083333333 0.5331765905 
1.425 0.5486102377 
1.4416666667 0.5644003736 
1.4583333333 0.5633846498 
1.475 0.585361643 
1.4916666667 0.5655807259 
1.5083333333 0.5901380213 
1.525 0.5918906935 
1.5416666667 0.6489154879 
1.5583333333 0.6480390514 
1.575 0.689583571 
1.5916666667 0.747597944 
1.6083333333 0.7851072268 
1.625 0.8076107955 
1.6416666667 0.8211210412 
1.6583333333 0.8992353418 
1.675 0.9472343198 
1.6916666667 0.9857155838 
1.7083333333 1.0397363383 
1.725 1.0543524806 
1.7416666667 1.1009305177 
1.7583333333 1.1301248457 
1.775 1.1672022987 
1.7916666667 1.2210998463 
1.8083333333 1.2263483076 
1.825 1.2410066072 
1.8416666667 1.2501219655 
1.8583333333 1.2619853029 
1.875 1.3207451188 
1.8916666667 1.2716021975 
1.9083333333 1.2729395481 
1.925 1.3174232614 
1.9416666667 1.2979019923 
1.9583333333 1.2903137801 
1.975 1.2325658173 
1.9916666667 1.2430523488 
2.0083333333 1.2019549395 
2.025 1.2217616728 
2.0416666667 1.1428407611 
2.0583333333 1.1282620072 
2.075 1.1026260033 
2.0916666667 1.0509630508 
2.1083333333 1.0414765275 
2.125 1.0121314687 
2.1416666667 0.9835701704 
2.1583333333 0.9385119278 
2.175 0.9409098888 
2.1916666667 0.9177639322 
2.2083333333 0.8558033683 
2.225 0.8777867175 
2.2416666667 0.8385393035 
2.2583333333 0.8350734889 
2.275 0.8318615219 
2.2916666667 0.7963690826 
2.3083333333 0.8329953553 
2.325 0.7929822778 
2.3416666667 0.7968515377 
2.3583333333 0.8235662565 
2.375 0.8153879652 
2.3916666667 0.8383161495 
2.4083333333 0.825454107 
2.425 0.8720254338 
2.4416666667 0.8780681873 
2.4583333333 0.8853222175 
2.475 0.9043988001 
2.4916666667 0.9192460794 
2.5083333333 0.9330213433 
2.525 0.9857525897 
2.5416666667 0.9658680756 
2.5583333333 0.9696354183 
2.575 1.0154646084 
2.5916666667 1.0422745877 
2.6083333333 1.0673955652 
2.625 1.0482340444 
2.6416666667 1.0595257849 
2.6583333333 1.1294583635 
2.675 1.1303471851 
2.6916666667 1.1248867504 
2.7083333333 1.1103997297 
2.725 1.1009177449 
2.7416666667 1.1191530159 
2.7583333333 1.0913079219 
2.775 1.1322238432 
2.7916666667 1.1169724317 
2.8083333333 1.1308262876 
2.825 1.0733001203 
2.8416666667 1.0974532493 
2.8583333333 1.1077512448 
2.875 1.0609084232 
2.8916666667 1.0650862866 
2.9083333333 1.0777111619 
2.925 1.051225108 
2.9416666667 1.0313642896 
2.9583333333 1.010160936 
2.975 1.0096591742 
2.9916666667 0.998019868 
3.0083333333 0.9836614549 
3.025 0.9732638579 
3.0416666667 0.9607266536 
3.0583333333 0.9657260243 
3.075 0.9449254036 
3.0916666667 0.9469850232 
3.1083333333 0.9499861945 
3.125 0.952869639 
3.1416666667 0.9273893506 
3.1583333333 0.9373952183 
3.175 0.915992693 
3.1916666667 0.9180407446 
3.2083333333 0.9201189276 
3.225 0.9161881007 
3.2416666667 0.9272291479 
3.2583333333 0.9501817781 
3.275 0.9428773164 
3.2916666667 0.9240801268 
3.3083333333 0.9434806551 
3.325 0.9523360509 
3.3416666667 0.9561319486 
3.3583333333 0.9936589962 
3.375 0.9619271604 
3.3916666667 0.9818663142 
3.4083333333 0.9914237394 
3.425 0.9786934183 
3.4416666667 1.0243741005 
3.4583333333 1.020090081 
3.475 1.0313380365 
3.4916666667 1.0138925915 
3.5083333333 1.0326495582 
3.525 1.0175505287 
3.5416666667 1.0485482783 
3.5583333333 1.0452955697 
3.575 1.0363581224 
3.5916666667 1.049447245 
3.6083333333 1.0339872072 
3.625 1.0593871423 
3.6416666667 1.0467765803 
3.6583333333 1.0527447966 
3.675 1.0655365565 
3.6916666667 1.0372292817 
3.7083333333 1.0611712083 
3.725 1.0393864565 
3.7416666667 1.0492558978 
3.7583333333 1.0301896638 
3.775 1.0093914244 
3.7916666667 1.0183586658 
3.8083333333 1.0125822633 
3.825 1.022319622 
3.8416666667 1.0027456929 
3.8583333333 1.004141111 
3.875 0.9935144892 
3.8916666667 0.9802960482 
3.9083333333 0.9947288092 
3.925 0.9840162327 
3.9416666667 0.9738530781 
3.9583333333 0.9735250205 
3.975 0.9829452025 
3.9916666667 0.9576489433 
4.0083333333 0.9663521568 
4.025 0.9753438274 
4.0416666667 0.9718526894 
4.0583333333 0.9653356089 
4.075 0.9688761505 
4.0916666667 0.9700014861 
4.1083333333 0.9756902517 
4.125 0.9772697498 
4.1416666667 0.9801834364 
4.1583333333 0.9680566461 
4.175 0.9687734711 
4.1916666667 0.9790269897 
4.2083333333 0.9600117852 
4.225 0.9833403713 
4.2416666667 0.9743015973 
4.2583333333 0.9924553735 
4.275 1.0089225244 
4.2916666667 1.012693806 
4.3083333333 1.0060917625 
4.325 0.9981512037 
4.3416666667 1.009158615 
4.3583333333 1.0096540451 
4.375 1.0130654276 
4.3916666667 1.0170472417 
4.4083333333 1.0241714284 
4.425 1.0103132191 
4.4416666667 1.0227989994 
4.4583333333 1.0111222232 
4.475 1.0274999687 
4.4916666667 1.0300983647 
4.5083333333 1.0197154922 
4.525 1.0018513123 
4.5416666667 1.0223992664 
4.5583333333 1.0148156407 
4.575 1.0119356212 
4.5916666667 1.0314096684 
4.6083333333 1.0143227597 
4.625 1.0174181071 
4.6416666667 1.0061608016 
4.6583333333 1.0032569401 
4.675 1.013586028 
4.6916666667 1.0115327682 
4.7083333333 0.9973022511 
4.725 1.0120501994 
4.7416666667 1.0161762805 
4.7583333333 1.0059083434 
4.775 0.987275772 
4.7916666667 0.9882420701 
4.8083333333 1.0025891027 
4.825 0.9910890945 
4.8416666667 0.9830988012 
4.8583333333 0.989189081 
4.875 0.9868233146 
4.8916666667 0.9915526622 
4.9083333333 0.9844653713 
4.925 1.0014252857 
4.9416666667 0.9799209181 
4.9583333333 0.9782996484 
4.975 0.9775914721 
4.9916666667 0.9898757088 
