# Radial distribution function (300 data points):
# "Pair separation distance" g(r)
0.0083333333 0.0 
0.025 0.0 
0.0416666667 0.0 
0.0583333333 0.0 
0.075 0.0 
0.0916666667 0.0 
0.1083333333 0.0 
0.125 0.0 
0.1416666667 0.0 
0.1583333333 0.0 
0.175 0.0 
0.1916666667 0.0 
0.2083333333 0.0 
0.225 0.0 
0.2416666667 0.0 
0.2583333333 0.0 
0.275 0.0 
0.2916666667 0.0 
0.3083333333 0.0 
0.325 0.0 
0.3416666667 0.0 
0.3583333333 0.0 
0.375 0.0 
0.3916666667 0.0 
0.4083333333 0.0 
0.425 0.0 
0.4416666667 0.0 
0.4583333333 0.0 
0.475 0.0 
0.4916666667 0.0 
0.5083333333 0.0 
0.525 0.0 
0.5416666667 0.0 
0.5583333333 0.0 
0.575 0.0 
0.5916666667 0.0 
0.6083333333 0.0 
0.625 0.0 
0.6416666667 0.0 
0.6583333333 0.0 
0.675 0.0 
0.6916666667 0.0 
0.7083333333 0.0 
0.725 0.0 
0.7416666667 0.0 
0.7583333333 0.0 
0.775 0.0 
0.7916666667 0.0 
0.8083333333 0.0 
0.825 0.0 
0.8416666667 0.0035457696 
0.8583333333 0.0221611716 
0.875 0.1328711671 
0.8916666667 0.3664757522 
0.9083333333 0.7565343783 
0.925 1.3328018938 
0.9416666667 1.8412492704 
0.9583333333 2.3917767622 
0.975 2.7176245214 
0.9916666667 2.9718692431 
1.0083333333 2.8583814578 
1.025 2.8917020068 
1.0416666667 2.7732880631 
1.0583333333 2.5341334491 
1.075 2.295320067 
1.0916666667 2.1730768914 
1.1083333333 1.8904400301 
1.125 1.6711062617 
1.1416666667 1.498369781 
1.1583333333 1.3507242517 
1.175 1.2162514189 
1.1916666667 1.1240971737 
1.2083333333 0.9943800528 
1.225 0.9306810647 
1.2416666667 0.8643184546 
1.2583333333 0.786051264 
1.275 0.740912669 
1.2916666667 0.6925575449 
1.3083333333 0.6654869886 
1.325 0.6338276875 
1.3416666667 0.6084103697 
1.3583333333 0.5935718371 
1.375 0.5746195017 
1.3916666667 0.5538054141 
1.4083333333 0.5433082122 
1.425 0.5442807319 
1.4416666667 0.5601703922 
1.4583333333 0.5651562996 
1.475 0.5259018311 
1.4916666667 0.568402985 
1.5083333333 0.5906900681 
1.525 0.5945909247 
1.5416666667 0.6473301894 
1.5583333333 0.6744157406 
1.575 0.7057852408 
1.5916666667 0.7436319071 
1.6083333333 0.8035574894 
1.625 0.7519627018 
1.6416666667 0.8514121126 
1.6583333333 0.883707662 
1.675 0.9436530936 
1.6916666667 0.9887877161 
1.7083333333 1.0397363383 
1.725 1.0408459636 
1.7416666667 1.0756741199 
1.7583333333 1.1325622106 
1.775 1.1345142562 
1.7916666667 1.2230561101 
1.8083333333 1.2428634899 
1.825 1.2526964294 
1.8416666667 1.2641932435 
1.8583333333 1.2765326839 
1.875 1.3068124546 
1.8916666667 1.2968727904 
1.9083333333 1.2822512164 
1.925 1.2804798255 
1.9416666667 1.3138925713 
1.9583333333 1.2952261422 
1.975 1.2873035887 
1.9916666667 1.2417858665 
2.0083333333 1.2330936685 
2.025 1.1699998973 
2.0416666667 1.197075229 
2.0583333333 1.134190867 
2.075 1.0965003033 
2.0916666667 1.0397673231 
2.1083333333 1.0392161335 
2.125 1.0079594511 
2.1416666667 0.9619381984 
2.1583333333 0.9722131605 
2.175 0.8949794682 
2.1916666667 0.8861259163 
2.2083333333 0.8694529556 
2.225 0.8645945472 
2.2416666667 0.8695315162 
2.2583333333 0.8190664772 
2.275 0.8393841902 
2.2916666667 0.8207623698 
2.3083333333 0.8080102088 
2.325 0.8066904391 
2.3416666667 0.8014324606 
2.3583333333 0.8181465718 
2.375 0.8104894029 
2.3916666667 0.8282159549 
2.4083333333 0.8466751202 
2.425 0.8468236211 
2.4416666667 0.875118822 
2.4583333333 0.8801266646 
2.475 0.8808200511 
2.4916666667 0.9447357374 
2.5083333333 0.9535821474 
2.525 0.928427649 
2.5416666667 0.9703396871 
2.5583333333 0.9799976413 
2.575 1.0052360897 
2.5916666667 1.057981632 
2.6083333333 1.0480118685 
2.625 1.0781263037 
2.6416666667 1.0915617267 
2.6583333333 1.0864483047 
2.675 1.1131462497 
2.6916666667 1.1198595172 
2.7083333333 1.1240977989 
2.725 1.1271340993 
2.7416666667 1.1331883777 
2.7583333333 1.1289449218 
2.775 1.1384215536 
2.7916666667 1.1148774034 
2.8083333333 1.1056649648 
2.825 1.0970638034 
2.8416666667 1.0868768858 
2.8583333333 1.0797730701 
2.875 1.0581733399 
2.8916666667 1.0410538785 
2.9083333333 1.0581110141 
2.925 1.0526930945 
2.9416666667 1.0352830675 
2.9583333333 1.0160448114 
2.975 1.0259783316 
2.9916666667 0.999282829 
3.0083333333 0.9996209734 
3.025 0.9830088493 
3.0416666667 0.9797321265 
3.0583333333 0.9588778559 
3.075 0.954356062 
3.0916666667 0.950138574 
3.1083333333 0.9273674756 
3.125 0.9499116148 
3.1416666667 0.9224266469 
3.1583333333 0.9381506745 
3.175 0.9067729624 
3.1916666667 0.9286439549 
3.2083333333 0.9342727263 
3.225 0.9334564411 
3.2416666667 0.9035643669 
3.2583333333 0.9261669747 
3.275 0.9542358732 
3.2916666667 0.9411197378 
3.3083333333 0.9442839103 
3.325 0.9616515175 
3.3416666667 0.9424102573 
3.3583333333 0.9521219789 
3.375 0.957737198 
3.3916666667 0.9853601118 
3.4083333333 0.9955321474 
3.425 0.9755884944 
3.4416666667 0.9716762506 
3.4583333333 1.0247106249 
3.475 1.0330021559 
3.4916666667 1.0355261461 
3.5083333333 1.034996489 
3.525 1.023413043 
3.5416666667 1.0518525271 
3.5583333333 1.0669196382 
3.575 1.0523761742 
3.5916666667 1.0482789208 
3.6083333333 1.0454663077 
3.625 1.0657908719 
3.6416666667 1.0521747767 
3.6583333333 1.0471141416 
3.675 1.0509363436 
3.6916666667 1.0537254205 
3.7083333333 1.0359639397 
3.725 1.0478043734 
3.7416666667 1.0336462427 
3.7583333333 1.0381921729 
3.775 1.0256960969 
3.7916666667 1.0186207466 
3.8083333333 1.021068799 
3.825 1.0220620891 
3.8416666667 0.9862360888 
3.8583333333 0.9932577129 
3.875 0.9852338077 
3.8916666667 0.9979597872 
3.9083333333 0.9916865736 
3.925 0.9920057597 
3.9416666667 0.9787841844 
3.9583333333 0.9827432483 
3.975 0.9694322893 
3.9916666667 0.9515793928 
4.0083333333 0.9886309438 
4.025 0.958908497 
4.0416666667 0.9726984472 
4.0583333333 0.9637342148 
4.075 0.9661533135 
4.0916666667 0.9614492688 
4.1083333333 0.9612543221 
4.125 0.9646479124 
4.1416666667 0.9672968835 
4.1583333333 0.9780074085 
4.175 0.9718718169 
4.1916666667 0.9785266108 
4.2083333333 0.9785212833 
4.225 0.9903059335 
4.2416666667 0.9877046142 
4.2583333333 0.9907238232 
4.275 1.0017753312 
4.2916666667 0.9930550062 
4.3083333333 0.991544064 
4.325 1.0067455367 
4.3416666667 1.0187531509 
4.3583333333 1.0165966564 
4.375 1.0050601176 
4.3916666667 1.0205637324 
4.4083333333 1.0124090002 
4.425 1.0159577854 
4.4416666667 1.023690272 
4.4583333333 1.0184519431 
4.475 1.040796068 
4.4916666667 1.0127920648 
4.5083333333 1.0291080964 
4.525 1.0231359756 
4.5416666667 1.0259917598 
4.5583333333 1.0094360117 
4.575 1.0146958821 
4.5916666667 1.0191380736 
4.6083333333 1.0309413065 
4.625 1.0187685582 
4.6416666667 1.0170035542 
4.6583333333 1.0063244731 
4.675 1.0128964355 
4.6916666667 1.0093645459 
4.7083333333 1.0077834712 
4.725 0.9969735204 
4.7416666667 0.9947813316 
4.7583333333 0.9963673577 
4.775 0.9910765881 
4.7916666667 0.9870386313 
4.8083333333 0.9900404419 
4.825 0.9874745406 
4.8416666667 0.9852954905 
4.8583333333 0.9883909188 
4.875 0.9839166963 
4.8916666667 0.9905553883 
4.9083333333 0.9871762482 
4.925 0.9753281635 
4.9416666667 0.996841822 
4.9583333333 0.9715051913 
4.975 0.9863195143 
4.9916666667 0.9930008892 
