# Radial distribution function (300 data points):
# "Pair separation distance" g(r)
0.0083333333 0.0 
0.025 0.0 
0.0416666667 0.0 
0.0583333333 0.0 
0.075 0.0 
0.0916666667 0.0 
0.1083333333 0.0 
0.125 0.0 
0.1416666667 0.0 
0.1583333333 0.0 
0.175 0.0 
0.1916666667 0.0 
0.2083333333 0.0 
0.225 0.0 
0.2416666667 0.0 
0.2583333333 0.0 
0.275 0.0 
0.2916666667 0.0 
0.3083333333 0.0 
0.325 0.0 
0.3416666667 0.0 
0.3583333333 0.0 
0.375 0.0 
0.3916666667 0.0 
0.4083333333 0.0 
0.425 0.0 
0.4416666667 0.0 
0.4583333333 0.0 
0.475 0.0 
0.4916666667 0.0 
0.5083333333 0.0 
0.525 0.0 
0.5416666667 0.0 
0.5583333333 0.0 
0.575 0.0 
0.5916666667 0.0 
0.6083333333 0.0 
0.625 0.0 
0.6416666667 0.0 
0.6583333333 0.0 
0.675 0.0 
0.6916666667 0.0 
0.7083333333 0.0 
0.725 0.0 
0.7416666667 0.0 
0.7583333333 0.0 
0.775 0.0 
0.7916666667 0.0 
0.8083333333 0.0 
0.825 0.0036904752 
0.8416666667 0.0 
0.8583333333 0.0289799937 
0.875 0.126309628 
0.8916666667 0.4012277631 
0.9083333333 0.7869784177 
0.925 1.3093163979 
0.9416666667 1.9432261531 
0.9583333333 2.4095544054 
0.975 2.6608146748 
0.9916666667 2.9246156281 
1.0083333333 2.9992005962 
1.025 2.8809432974 
1.0416666667 2.6725885382 
1.0583333333 2.5274056612 
1.075 2.2877124721 
1.0916666667 2.0729593819 
1.1083333333 1.8055798232 
1.125 1.6909531294 
1.1416666667 1.5137870906 
1.1583333333 1.3675732029 
1.175 1.275381069 
1.1916666667 1.1170218177 
1.2083333333 1.0270672864 
1.225 0.9156160834 
1.2416666667 0.8667623333 
1.2583333333 0.785258074 
1.275 0.6930121628 
1.2916666667 0.6737380464 
1.3083333333 0.6948359187 
1.325 0.6452737857 
1.3416666667 0.5686404258 
1.3583333333 0.6037823618 
1.375 0.5693051017 
1.3916666667 0.5836356823 
1.4083333333 0.5496404757 
1.425 0.5727317702 
1.4416666667 0.5625875244 
1.4583333333 0.5527547507 
1.475 0.5616931742 
1.4916666667 0.577998666 
1.5083333333 0.6017310039 
1.525 0.601611526 
1.5416666667 0.5939584759 
1.5583333333 0.662520371 
1.575 0.6875583623 
1.5916666667 0.7242974776 
1.6083333333 0.7744254958 
1.625 0.8185501643 
1.6416666667 0.8225190907 
1.6583333333 0.910196057 
1.675 0.9248516563 
1.6916666667 0.9861544599 
1.7083333333 1.0350024394 
1.725 1.0902291663 
1.7416666667 1.0976182032 
1.7583333333 1.0992515573 
1.775 1.1998903412 
1.7916666667 1.2203173408 
1.8083333333 1.2355660838 
1.825 1.208953869 
1.8416666667 1.2397536553 
1.8583333333 1.2765326839 
1.875 1.3146719062 
1.8916666667 1.2902041617 
1.9083333333 1.3094964682 
1.925 1.2920034661 
1.9416666667 1.296236307 
1.9583333333 1.2912962525 
1.975 1.2560708603 
1.9916666667 1.2680653736 
2.0083333333 1.2112965582 
2.025 1.2009344495 
2.0416666667 1.1750801393 
2.0583333333 1.1294477792 
2.075 1.0915414033 
2.0916666667 1.0701967368 
2.1083333333 1.0459973155 
2.125 1.0165816208 
2.1416666667 0.9586523293 
2.1583333333 0.9727523802 
2.175 0.8971034183 
2.1916666667 0.8808964922 
2.2083333333 0.8774366764 
2.225 0.83973238 
2.2416666667 0.8502863519 
2.2583333333 0.8202977858 
2.275 0.8153601848 
2.2916666667 0.8329590134 
2.3083333333 0.8143743499 
2.325 0.8259748015 
2.3416666667 0.7991419992 
2.3583333333 0.8274051998 
2.375 0.8033642214 
2.3916666667 0.8317290661 
2.4083333333 0.8109458632 
2.425 0.8429792768 
2.4416666667 0.8677454087 
2.4583333333 0.893219458 
2.475 0.8828703771 
2.4916666667 0.9099403312 
2.5083333333 0.9332209627 
2.525 0.9627044177 
2.5416666667 1.0018353852 
2.5583333333 0.9959247618 
2.575 1.0205788678 
2.5916666667 1.0377868607 
2.6083333333 1.076625897 
2.625 1.0724759376 
2.6416666667 1.0589858533 
2.6583333333 1.0939128603 
2.675 1.1185873619 
2.6916666667 1.1058179351 
2.7083333333 1.1218718626 
2.725 1.1080215313 
2.7416666667 1.1398718833 
2.7583333333 1.1304305928 
2.775 1.1110211495 
2.7916666667 1.1047245736 
2.8083333333 1.1295522966 
2.825 1.1139029695 
2.8416666667 1.1195391849 
2.8583333333 1.0825401423 
2.875 1.0720007055 
2.8916666667 1.046911778 
2.9083333333 1.0615261913 
2.925 1.0286181164 
2.9416666667 1.0547318171 
2.9583333333 1.0177669212 
2.975 1.0329317118 
2.9916666667 1.0099478332 
3.0083333333 1.0139151508 
3.025 0.9824598357 
3.0416666667 0.971315417 
3.0583333333 0.9505526316 
3.075 0.9667088962 
3.0916666667 0.9438314724 
3.1083333333 0.9434865627 
3.125 0.9313918107 
3.1416666667 0.9294253316 
3.1583333333 0.9137242578 
3.175 0.9101369182 
3.1916666667 0.9012728771 
3.2083333333 0.9019386173 
3.225 0.9193277989 
3.2416666667 0.9230459795 
3.2583333333 0.9133906261 
3.275 0.9294109861 
3.2916666667 0.9423948107 
3.3083333333 0.9518574597 
3.325 0.9405213128 
3.3416666667 0.9517455063 
3.3583333333 0.9629238306 
3.375 0.9679915797 
3.3916666667 0.9789184224 
3.4083333333 0.9883964913 
3.425 0.9976441605 
3.4416666667 0.9777200684 
3.4583333333 1.0179898337 
3.475 1.0097044835 
3.4916666667 1.0370714 
3.5083333333 1.039996472 
3.525 1.0510072909 
3.5416666667 1.0636677196 
3.5583333333 1.0583890423 
3.575 1.0681976855 
3.5916666667 1.0595727217 
3.6083333333 1.0555949257 
3.625 1.0582402057 
3.6416666667 1.0532165339 
3.6583333333 1.0420465521 
3.675 1.0426597898 
3.6916666667 1.0459842157 
3.7083333333 1.0526774548 
3.725 1.0538688943 
3.7416666667 1.0471925526 
3.7583333333 1.0398815915 
3.775 1.0162658269 
3.7916666667 1.0246486052 
3.8083333333 1.033365616 
3.825 0.9994850415 
3.8416666667 0.9961078108 
3.8583333333 1.0096249937 
3.875 0.9773713425 
3.8916666667 1.0021062048 
3.9083333333 0.980175412 
3.925 0.975537551 
3.9416666667 0.9928499631 
3.9583333333 0.9625433056 
3.975 0.9788913285 
3.9916666667 0.9623784631 
4.0083333333 0.9828462763 
4.025 0.9591410724 
4.0416666667 0.9653172876 
4.0583333333 0.9666319755 
4.075 0.9529929349 
4.0916666667 0.9642249885 
4.1083333333 0.9836523365 
4.125 0.9547571158 
4.1416666667 0.9577784068 
4.1583333333 0.9650060475 
4.175 0.9527053057 
4.1916666667 0.9706635144 
4.2083333333 0.9794432123 
4.225 0.980596362 
4.2416666667 0.9847028969 
4.2583333333 0.9871914606 
4.275 0.9920853867 
4.2916666667 1.0000786047 
4.3083333333 1.0087306473 
4.325 1.0091626928 
4.3416666667 1.0241500774 
4.3583333333 1.0160015754 
4.375 1.0162150578 
4.3916666667 1.0063024092 
4.4083333333 1.013636946 
4.425 1.0173047841 
4.4416666667 1.0258547913 
4.4583333333 1.0302679571 
4.475 1.0082457119 
4.4916666667 1.0193908698 
4.5083333333 1.0298496178 
4.525 1.04098565 
4.5416666667 1.0312282756 
4.5583333333 1.0388728582 
4.575 1.0330576171 
4.5916666667 1.0238441706 
4.6083333333 1.0233121515 
4.625 1.0326840759 
4.6416666667 1.0157210781 
4.6583333333 1.0204467007 
4.675 1.0123792411 
4.6916666667 1.0152415695 
4.7083333333 0.9949227309 
4.725 1.0018678155 
4.7416666667 0.9983006052 
4.7583333333 0.9848294215 
4.775 0.9937757185 
4.7916666667 0.975277752 
4.8083333333 0.9791214774 
4.825 0.984075781 
4.8416666667 0.981652201 
4.8583333333 0.9720019872 
4.875 0.9833882203 
4.8916666667 0.9872486381 
4.9083333333 0.9824322137 
4.925 0.9851663643 
4.9416666667 0.9766293137 
4.9583333333 0.9733442925 
4.975 0.9911402353 
4.9916666667 0.9770725501 
