# Radial distribution function (300 data points):
# "Pair separation distance" g(r)
0.0083333333 0.0 
0.025 0.0 
0.0416666667 0.0 
0.0583333333 0.0 
0.075 0.0 
0.0916666667 0.0 
0.1083333333 0.0 
0.125 0.0 
0.1416666667 0.0 
0.1583333333 0.0 
0.175 0.0 
0.1916666667 0.0 
0.2083333333 0.0 
0.225 0.0 
0.2416666667 0.0 
0.2583333333 0.0 
0.275 0.0 
0.2916666667 0.0 
0.3083333333 0.0 
0.325 0.0 
0.3416666667 0.0 
0.3583333333 0.0 
0.375 0.0 
0.3916666667 0.0 
0.4083333333 0.0 
0.425 0.0 
0.4416666667 0.0 
0.4583333333 0.0 
0.475 0.0 
0.4916666667 0.0 
0.5083333333 0.0 
0.525 0.0 
0.5416666667 0.0 
0.5583333333 0.0 
0.575 0.0 
0.5916666667 0.0 
0.6083333333 0.0 
0.625 0.0 
0.6416666667 0.0 
0.6583333333 0.0 
0.675 0.0 
0.6916666667 0.0 
0.7083333333 0.0 
0.725 0.0 
0.7416666667 0.0 
0.7583333333 0.0 
0.775 0.0 
0.7916666667 0.0 
0.8083333333 0.0 
0.825 0.0 
0.8416666667 0.0035457696 
0.8583333333 0.0340941102 
0.875 0.1164673193 
0.8916666667 0.356997931 
0.9083333333 0.7443567626 
0.925 1.3239948328 
0.9416666667 1.8143387042 
0.9583333333 2.4615198239 
0.975 2.6845955408 
0.9916666667 2.9616522453 
1.0083333333 3.064669143 
1.025 2.8355176354 
1.0416666667 2.6725885382 
1.0583333333 2.4690981659 
1.075 2.4203019836 
1.0916666667 2.0666361707 
1.1083333333 1.9231572182 
1.125 1.6701139183 
1.1416666667 1.4868067988 
1.1583333333 1.3891024183 
1.175 1.2007867412 
1.1916666667 1.1028711059 
1.2083333333 0.9685743421 
1.225 0.9331918949 
1.2416666667 0.8390650407 
1.2583333333 0.785258074 
1.275 0.7455482018 
1.2916666667 0.7053548039 
1.3083333333 0.6515462469 
1.325 0.6509968348 
1.3416666667 0.6307373558 
1.3583333333 0.5928911355 
1.375 0.5639907017 
1.3916666667 0.5849326505 
1.4083333333 0.585734378 
1.425 0.5319107153 
1.4416666667 0.5644003736 
1.4583333333 0.5332666025 
1.475 0.5807434052 
1.4916666667 0.5441315567 
1.5083333333 0.5978666764 
1.525 0.6091721736 
1.5416666667 0.6325340708 
1.5583333333 0.6702782208 
1.575 0.6971781037 
1.5916666667 0.7019885203 
1.6083333333 0.7773386952 
1.625 0.8104645439 
1.6416666667 0.8588683763 
1.6583333333 0.8992353418 
1.675 0.8926206208 
1.6916666667 0.9769380631 
1.7083333333 1.0022955016 
1.725 1.0627940537 
1.7416666667 1.116249972 
1.7583333333 1.1455614899 
1.775 1.1791613386 
1.7916666667 1.2046672307 
1.8083333333 1.2071446072 
1.825 1.267780071 
1.8416666667 1.2134625832 
1.8583333333 1.2543479278 
1.875 1.3021682332 
1.8916666667 1.2793237676 
1.9083333333 1.310531098 
1.925 1.3004767312 
1.9416666667 1.2932380735 
1.9583333333 1.3135656274 
1.975 1.2570368209 
1.9916666667 1.2427357282 
2.0083333333 1.2072485234 
2.025 1.2046098419 
2.0416666667 1.1922543874 
2.0583333333 1.1516810032 
2.075 1.1107936033 
2.0916666667 1.049814771 
2.1083333333 1.0530610467 
2.125 1.0154690827 
2.1416666667 0.9583785068 
2.1583333333 0.9557669589 
2.175 0.9520606268 
2.1916666667 0.8910938692 
2.2083333333 0.8928890394 
2.225 0.8790551954 
2.2416666667 0.81654483 
2.2583333333 0.8215290944 
2.275 0.8219121863 
2.2916666667 0.8202840701 
2.3083333333 0.8190885285 
2.325 0.7941439864 
2.3416666667 0.8234208905 
2.3583333333 0.8086621235 
2.375 0.8287476807 
2.3916666667 0.8227267187 
2.4083333333 0.8429939241 
2.425 0.8551530338 
2.4416666667 0.8656387192 
2.4583333333 0.863085251 
2.475 0.9080893869 
2.4916666667 0.9273380343 
2.5083333333 0.9326221044 
2.525 0.9347314225 
2.5416666667 0.9633406431 
2.5583333333 1.0011058732 
2.575 0.9989853282 
2.5916666667 1.0407786787 
2.6083333333 1.0797642098 
2.625 1.0436772976 
2.6416666667 1.0575460357 
2.6583333333 1.0972896831 
2.675 1.0780422998 
2.6916666667 1.1089382867 
2.7083333333 1.1153652798 
2.725 1.1186772108 
2.7416666667 1.1213251552 
2.7583333333 1.1152437332 
2.775 1.1203177152 
2.7916666667 1.1277698856 
2.8083333333 1.1281190567 
2.825 1.1135882187 
2.8416666667 1.1067853347 
2.8583333333 1.0874593818 
2.875 1.0686578259 
2.8916666667 1.0557737285 
2.9083333333 1.0566261544 
2.925 1.0573906512 
2.9416666667 1.0560380764 
2.9583333333 1.0381452211 
2.975 1.0271135774 
2.9916666667 1.0159819804 
3.0083333333 0.9953188423 
3.025 0.9882244785 
3.0416666667 0.9535317246 
3.0583333333 0.9764682493 
3.075 0.9722875955 
3.0916666667 0.9409407175 
3.1083333333 0.9482962903 
3.125 0.9388511762 
3.1416666667 0.9154279622 
3.1583333333 0.9319811156 
3.175 0.9288255612 
3.1916666667 0.9185339172 
3.2083333333 0.9115778423 
3.225 0.9231920429 
3.2416666667 0.9344002937 
3.2583333333 0.9339747433 
3.275 0.9151249662 
3.2916666667 0.933121553 
3.3083333333 0.9671193093 
3.325 0.9359771828 
3.3416666667 0.9370115591 
3.3583333333 0.9442154689 
3.375 0.9722918043 
3.3916666667 0.9734593636 
3.4083333333 0.9898019993 
3.425 0.9856527304 
3.4416666667 1.0049702644 
3.4583333333 1.0063334616 
3.475 1.0053361699 
3.4916666667 1.0308903844 
3.5083333333 1.0152006378 
3.525 1.0320046586 
3.5416666667 1.0319269056 
3.5583333333 1.0428157453 
3.575 1.0639720644 
3.5916666667 1.0518812538 
3.6083333333 1.0395820629 
3.625 1.0481089321 
3.6416666667 1.0583306147 
3.6583333333 1.0564985666 
3.675 1.0539121832 
3.6916666667 1.0464450017 
3.7083333333 1.0536820923 
3.725 1.0569464123 
3.7416666667 1.062174233 
3.7583333333 1.0407707591 
3.775 1.0232283627 
3.7916666667 1.0325110295 
3.8083333333 1.0286893616 
3.825 1.0225771549 
3.8416666667 1.0272547958 
3.8583333333 0.9902204856 
3.875 0.9897505431 
3.8916666667 0.9706763594 
3.9083333333 0.9829709798 
3.925 0.986951161 
3.9416666667 0.9900206398 
3.9583333333 0.9792162742 
3.975 0.9844554692 
3.9916666667 0.9697880442 
4.0083333333 0.9667430127 
4.025 0.9562726421 
4.0416666667 0.973390431 
4.0583333333 0.965259352 
4.075 0.9673634633 
4.0916666667 0.9625745606 
4.1083333333 0.9635610943 
4.125 0.9523951346 
4.1416666667 0.978060084 
4.1583333333 0.9686377125 
4.175 0.9737452353 
4.1916666667 0.9806710917 
4.2083333333 0.9867477269 
4.225 0.978626304 
4.2416666667 0.9791183065 
4.2583333333 0.9921090634 
4.275 0.9722244365 
4.2916666667 0.9929868159 
4.3083333333 0.9889051791 
4.325 1.0176898826 
4.3416666667 1.0099581597 
4.3583333333 1.0043644364 
4.375 0.9964642518 
4.3916666667 1.0126841885 
4.4083333333 1.0111810544 
4.425 1.0210250665 
4.4416666667 1.0243268953 
4.4583333333 1.0212321817 
4.475 1.0153955011 
4.4916666667 1.0090568921 
4.5083333333 1.0350402675 
4.525 1.032520856 
4.5416666667 1.0219730383 
4.5583333333 1.029866513 
4.575 1.0293372656 
4.5916666667 1.0232484622 
4.6083333333 1.0307638843 
4.625 1.0150694965 
4.6416666667 1.0230661685 
4.6583333333 1.0121701493 
4.675 1.0066901031 
4.6916666667 1.0158692128 
4.7083333333 1.0057438824 
4.725 1.0024303781 
4.7416666667 1.0131038988 
4.7583333333 1.000971438 
4.775 0.9871105191 
4.7916666667 0.9997294406 
4.8083333333 0.9933541575 
4.825 0.9976168709 
4.8416666667 0.9939750918 
4.8583333333 0.9978092333 
4.875 0.9759895557 
4.8916666667 0.9864088285 
4.9083333333 0.9790436175 
4.925 0.9794187838 
4.9416666667 0.9729262588 
4.9583333333 0.9676737305 
4.975 0.9759676503 
4.9916666667 0.987758651 
