# Radial distribution function (300 data points):
# "Pair separation distance" g(r)
0.0083333333 0.0 
0.025 0.0 
0.0416666667 0.0 
0.0583333333 0.0 
0.075 0.0 
0.0916666667 0.0 
0.1083333333 0.0 
0.125 0.0 
0.1416666667 0.0 
0.1583333333 0.0 
0.175 0.0 
0.1916666667 0.0 
0.2083333333 0.0 
0.225 0.0 
0.2416666667 0.0 
0.2583333333 0.0 
0.275 0.0 
0.2916666667 0.0 
0.3083333333 0.0 
0.325 0.0 
0.3416666667 0.0 
0.3583333333 0.0 
0.375 0.0 
0.3916666667 0.0 
0.4083333333 0.0 
0.425 0.0 
0.4416666667 0.0 
0.4583333333 0.0 
0.475 0.0 
0.4916666667 0.0 
0.5083333333 0.0 
0.525 0.0 
0.5416666667 0.0 
0.5583333333 0.0 
0.575 0.0 
0.5916666667 0.0 
0.6083333333 0.0 
0.625 0.0 
0.6416666667 0.0 
0.6583333333 0.0 
0.675 0.0 
0.6916666667 0.0 
0.7083333333 0.0 
0.725 0.0 
0.7416666667 0.0 
0.7583333333 0.0 
0.775 0.0 
0.7916666667 0.0 
0.8083333333 0.0 
0.825 0.0018452376 
0.8416666667 0.0035457696 
0.8583333333 0.0375035212 
0.875 0.1361519367 
0.8916666667 0.3696350259 
0.9083333333 0.7595787823 
0.925 1.2667489365 
0.9416666667 1.9035684765 
0.9583333333 2.3835716962 
0.975 2.7070552476 
0.9916666667 2.8530966433 
1.0083333333 3.0350230086 
1.025 2.9574496754 
1.0416666667 2.7721305973 
1.0583333333 2.5924409444 
1.075 2.1746853476 
1.0916666667 2.0666361707 
1.1083333333 1.9671209399 
1.125 1.6582057977 
1.1416666667 1.4357369606 
1.1583333333 1.325450825 
1.175 1.1998770543 
1.1916666667 1.1117153008 
1.2083333333 1.0674962331 
1.225 0.9122683098 
1.2416666667 0.8472113033 
1.2583333333 0.8042946334 
1.275 0.7779969319 
1.2916666667 0.6933103248 
1.3083333333 0.6420078446 
1.325 0.6281046384 
1.3416666667 0.6195738628 
1.3583333333 0.5928911355 
1.375 0.5912270018 
1.3916666667 0.5862296187 
1.4083333333 0.5395088541 
1.425 0.5510842411 
1.4416666667 0.5257262581 
1.4583333333 0.5580697003 
1.475 0.566311412 
1.4916666667 0.5977544798 
1.5083333333 0.5735766175 
1.525 0.6048518035 
1.5416666667 0.6409889957 
1.5583333333 0.6661407009 
1.575 0.7138860757 
1.5916666667 0.7495809624 
1.6083333333 0.7860782932 
1.625 0.8171232901 
1.6416666667 0.8532761785 
1.6583333333 0.8846210549 
1.675 0.896201847 
1.6916666667 0.9922987244 
1.7083333333 1.0216614516 
1.725 1.0421121996 
1.7416666667 1.0731898841 
1.7583333333 1.1305310732 
1.775 1.1943094559 
1.7916666667 1.1584994056 
1.8083333333 1.1748823905 
1.825 1.2372356969 
1.8416666667 1.245678404 
1.8583333333 1.2699863624 
1.875 1.2810906129 
1.8916666667 1.2744100412 
1.9083333333 1.2981155402 
1.925 1.3516552525 
1.9416666667 1.3148919825 
1.9583333333 1.2942436698 
1.975 1.3063008152 
1.9916666667 1.2591999977 
2.0083333333 1.2312253448 
2.025 1.1948087956 
2.0416666667 1.1636306405 
2.0583333333 1.1469379154 
2.075 1.0900829033 
2.0916666667 1.0386190434 
2.1083333333 1.0406288798 
2.125 1.0252037905 
2.1416666667 0.9633073106 
2.1583333333 0.9587326674 
2.175 0.9196703879 
2.1916666667 0.8631164502 
2.2083333333 0.8977822877 
2.225 0.8516560724 
2.2416666667 0.8415385499 
2.2583333333 0.8331033952 
2.275 0.8469068586 
2.2916666667 0.8391769102 
2.3083333333 0.8110744249 
2.325 0.7799711417 
2.3416666667 0.7966224916 
2.3583333333 0.8052748206 
2.375 0.8416620723 
2.3916666667 0.8034046074 
2.4083333333 0.8425608422 
2.425 0.8654046186 
2.4416666667 0.8869162832 
2.4583333333 0.9029870975 
2.475 0.8882012247 
2.4916666667 0.9060966527 
2.5083333333 0.9493901388 
2.525 0.9788578374 
2.5416666667 0.9742280449 
2.5583333333 0.9792300692 
2.575 1.0213365358 
2.5916666667 1.0089906127 
2.6083333333 1.0529962477 
2.625 1.0639092536 
2.6416666667 1.0915617267 
2.6583333333 1.0802278416 
2.675 1.089802123 
2.6916666667 1.1378882154 
2.7083333333 1.1177624419 
2.725 1.1110660111 
2.7416666667 1.1143074743 
2.7583333333 1.1046789613 
2.775 1.1077591966 
2.7916666667 1.1213236445 
2.8083333333 1.1150606486 
2.825 1.1090243326 
2.8416666667 1.0887433029 
2.8583333333 1.1109794957 
2.875 1.0797501082 
2.8916666667 1.0709441861 
2.9083333333 1.0751869005 
2.925 1.0422703906 
2.9416666667 1.0280260713 
2.9583333333 1.0016938959 
2.975 1.0238497459 
2.9916666667 1.0012474351 
3.0083333333 0.9998985302 
3.025 0.9831461027 
3.0416666667 0.9829902075 
3.0583333333 0.9710971368 
3.075 0.9724204217 
3.0916666667 0.9546061042 
3.1083333333 0.9371169234 
3.125 0.913772275 
3.1416666667 0.9394779879 
3.1583333333 0.9248042818 
3.175 0.9103861001 
3.1916666667 0.9117527943 
3.2083333333 0.9218271447 
3.225 0.9303167428 
3.2416666667 0.9318903927 
3.2583333333 0.9359858352 
3.275 0.9419405282 
3.2916666667 0.9298759128 
3.3083333333 0.9235140248 
3.325 0.9275705422 
3.3416666667 0.9565818402 
3.3583333333 0.9524560568 
3.375 0.9721815421 
3.3916666667 0.9801194154 
3.4083333333 0.9948834514 
3.425 0.9989289566 
3.4416666667 1.0084693168 
3.4583333333 1.0149444753 
3.475 1.0032560205 
3.4916666667 1.0367623492 
3.5083333333 1.0292822227 
3.525 1.0323078921 
3.5416666667 1.0636677196 
3.5583333333 1.0381536755 
3.575 1.0581741193 
3.5916666667 1.0573334336 
3.6083333333 1.0696785279 
3.625 1.0541303494 
3.6416666667 1.0451665919 
3.6583333333 1.0619415331 
3.675 1.0520522834 
3.6916666667 1.0333586794 
3.7083333333 1.0406218046 
3.725 1.0461750992 
3.7416666667 1.0265591004 
3.7583333333 1.0346355022 
3.775 1.0278112976 
3.7916666667 1.0090984771 
3.8083333333 1.017345115 
3.825 1.0208602691 
3.8416666667 1.0149151433 
3.8583333333 1.0022006602 
3.875 0.9963583596 
3.8916666667 0.9958865784 
3.9083333333 0.9981821577 
3.925 0.9801845208 
3.9416666667 0.9800775894 
3.9583333333 0.9622226715 
3.975 0.9718964088 
3.9916666667 0.9645067471 
4.0083333333 0.9779214918 
4.025 0.9717001456 
4.0416666667 0.9578592408 
4.0583333333 0.9518381444 
4.075 0.9729604059 
4.0916666667 0.9673758054 
4.1083333333 0.9580546057 
4.125 0.9617692477 
4.1416666667 0.950822597 
4.1583333333 0.9761189426 
4.175 0.9756907082 
4.1916666667 0.9781691973 
4.2083333333 0.977102931 
4.225 0.9903059335 
4.2416666667 0.990427102 
4.2583333333 1.0013209111 
4.275 1.0017753312 
4.2916666667 0.9909411076 
4.3083333333 1.0069713907 
4.325 1.0144670077 
4.3416666667 1.0041614609 
4.3583333333 1.0138196118 
4.375 1.0247453063 
4.3916666667 1.0083211353 
4.4083333333 1.0235251411 
4.425 1.0362910525 
4.4416666667 1.0142045848 
4.4583333333 1.0181991942 
4.475 1.0229843124 
4.4916666667 1.0240598356 
4.5083333333 1.013906908 
4.525 1.0305580052 
4.5416666667 1.019659229 
4.5583333333 1.0215250657 
4.575 1.0149359047 
4.5916666667 1.0105003006 
4.6083333333 1.0128442413 
4.625 1.0200015787 
4.6416666667 1.018868974 
4.6583333333 1.0093341282 
4.675 1.0095634051 
4.6916666667 1.0024604695 
4.7083333333 1.0130524088 
4.725 1.0025428906 
4.7416666667 0.9878545074 
4.7583333333 0.9956462367 
4.775 0.9888181322 
4.7916666667 0.9971037559 
4.8083333333 0.9896601795 
4.825 0.9876363863 
4.8416666667 0.9857776905 
4.8583333333 0.9843468967 
4.875 0.9978156163 
4.8916666667 0.9894006501 
4.9083333333 0.9921288118 
4.925 0.9943832051 
4.9416666667 0.9766293137 
4.9583333333 0.9842767272 
4.975 0.988044825 
4.9916666667 0.9851879381 
