# Radial distribution function (300 data points):
# "Pair separation distance" g(r)
0.0083333333 0.0 
0.025 0.0 
0.0416666667 0.0 
0.0583333333 0.0 
0.075 0.0 
0.0916666667 0.0 
0.1083333333 0.0 
0.125 0.0 
0.1416666667 0.0 
0.1583333333 0.0 
0.175 0.0 
0.1916666667 0.0 
0.2083333333 0.0 
0.225 0.0 
0.2416666667 0.0 
0.2583333333 0.0 
0.275 0.0 
0.2916666667 0.0 
0.3083333333 0.0 
0.325 0.0 
0.3416666667 0.0 
0.3583333333 0.0 
0.375 0.0 
0.3916666667 0.0 
0.4083333333 0.0 
0.425 0.0 
0.4416666667 0.0 
0.4583333333 0.0 
0.475 0.0 
0.4916666667 0.0 
0.5083333333 0.0 
0.525 0.0 
0.5416666667 0.0 
0.5583333333 0.0 
0.575 0.0 
0.5916666667 0.0 
0.6083333333 0.0 
0.625 0.0 
0.6416666667 0.0 
0.6583333333 0.0 
0.675 0.0 
0.6916666667 0.0 
0.7083333333 0.0 
0.725 0.0 
0.7416666667 0.0 
0.7583333333 0.0 
0.775 0.0 
0.7916666667 0.0 
0.8083333333 0.0 
0.825 0.0 
0.8416666667 0.0 
0.8583333333 0.0017047055 
0.875 0.0196846174 
0.8916666667 0.0616058376 
0.9083333333 0.2359413051 
0.925 0.5636519022 
0.9416666667 1.0282669003 
0.9583333333 1.4728093613 
0.975 2.0319428847 
0.9916666667 2.666636433 
1.0083333333 3.0980210442 
1.025 3.3100962616 
1.0416666667 3.3589657592 
1.0583333333 3.3078290597 
1.075 3.2082314573 
1.0916666667 2.9002461713 
1.1083333333 2.6327112371 
1.125 2.3191064927 
1.1416666667 2.0379756185 
1.1583333333 1.8599369981 
1.175 1.5519258943 
1.1916666667 1.3204383008 
1.2083333333 1.0967427053 
1.225 0.941561329 
1.2416666667 0.7201296078 
1.2583333333 0.6250336993 
1.275 0.5014101378 
1.2916666667 0.4712402425 
1.3083333333 0.4372990576 
1.325 0.3784366215 
1.3416666667 0.3746747346 
1.3583333333 0.3389894207 
1.375 0.330821401 
1.3916666667 0.3884419708 
1.4083333333 0.4153964886 
1.425 0.4533611097 
1.4416666667 0.4453566117 
1.4583333333 0.5066918548 
1.475 0.5836298038 
1.4916666667 0.5796920215 
1.5083333333 0.5923462085 
1.525 0.6183529599 
1.5416666667 0.6256644443 
1.5583333333 0.6294202119 
1.575 0.5943987609 
1.5916666667 0.5993673172 
1.6083333333 0.5549644776 
1.625 0.5821646723 
1.6416666667 0.6263261518 
1.6583333333 0.6128866576 
1.675 0.6513355082 
1.6916666667 0.7153679438 
1.7083333333 0.8262805337 
1.725 0.8956509062 
1.7416666667 1.0177086169 
1.7583333333 1.1910589675 
1.775 1.2006876105 
1.7916666667 1.4030323771 
1.8083333333 1.53322344 
1.825 1.6154580083 
1.8416666667 1.6752226812 
1.8583333333 1.6867688284 
1.875 1.7015712742 
1.8916666667 1.6538199157 
1.9083333333 1.6512691835 
1.925 1.545184628 
1.9416666667 1.4491462183 
1.9583333333 1.3810287337 
1.975 1.2831177591 
1.9916666667 1.1635805863 
2.0083333333 1.1309586374 
2.025 1.0588192787 
2.0416666667 1.0223197212 
2.0583333333 0.9622539347 
2.075 0.9092289027 
2.0916666667 0.9326902355 
2.1083333333 0.8787281608 
2.125 0.8586012211 
2.1416666667 0.8535045159 
2.1583333333 0.8406435481 
2.175 0.8426771973 
2.1916666667 0.8189278164 
2.2083333333 0.821293091 
2.225 0.8267939053 
2.2416666667 0.8295415643 
2.2583333333 0.8537893796 
2.275 0.8291921879 
2.2916666667 0.8762451408 
2.3083333333 0.8968724751 
2.325 0.9347107248 
2.3416666667 0.9345082708 
2.3583333333 0.9890924605 
2.375 1.0028693052 
2.3916666667 1.0271458741 
2.4083333333 1.0430777632 
2.425 1.0108489783 
2.4416666667 1.0329098662 
2.4583333333 0.9975461606 
2.475 0.9609877978 
2.4916666667 0.9536368878 
2.5083333333 0.8809206649 
2.525 0.8644049488 
2.5416666667 0.8175272258 
2.5583333333 0.7911749119 
2.575 0.7387263519 
2.5916666667 0.7524422212 
2.6083333333 0.7112893658 
2.625 0.7181433029 
2.6416666667 0.7253081218 
2.6583333333 0.7521428473 
2.675 0.8017742145 
2.6916666667 0.8314003475 
2.7083333333 0.9193116652 
2.725 0.9845509592 
2.7416666667 1.0760444046 
2.7583333333 1.1324114875 
2.775 1.2083904428 
2.7916666667 1.2770003678 
2.8083333333 1.3575966909 
2.825 1.3738871042 
2.8416666667 1.4704255979 
2.8583333333 1.4487160326 
2.875 1.4266498404 
2.8916666667 1.4530594749 
2.9083333333 1.3694860907 
2.925 1.3346932945 
2.9416666667 1.277811878 
2.9583333333 1.1892603604 
2.975 1.1077160244 
2.9916666667 1.047976993 
3.0083333333 0.9606242368 
3.025 0.9110880678 
3.0416666667 0.8631199751 
3.0583333333 0.8283598226 
3.075 0.7877920395 
3.0916666667 0.7734083317 
3.1083333333 0.7989347498 
3.125 0.7945510366 
3.1416666667 0.8082844615 
3.1583333333 0.8513991224 
3.175 0.8449758493 
3.1916666667 0.8912861325 
3.2083333333 0.9275618735 
3.225 0.9544682678 
3.2416666667 0.9933232081 
3.2583333333 1.0187955021 
3.275 1.0235581995 
3.2916666667 1.046487128 
3.3083333333 1.0430843049 
3.325 1.0186803493 
3.3416666667 1.0268773899 
3.3583333333 0.9969997751 
3.375 0.9941237137 
3.3916666667 0.9927844318 
3.4083333333 0.9612593748 
3.425 0.955031757 
3.4416666667 0.9249161866 
3.4583333333 0.9216934981 
3.475 0.9182819205 
3.4916666667 0.8869757379 
3.5083333333 0.8808133385 
3.525 0.8767491096 
3.5416666667 0.8676156256 
3.5583333333 0.8799408805 
3.575 0.8624197689 
3.5916666667 0.8768273391 
3.6083333333 0.880032213 
3.625 0.882854478 
3.6416666667 0.8923123984 
3.6583333333 0.9004355789 
3.675 0.922882247 
3.6916666667 0.9502328853 
3.7083333333 0.978790932 
3.725 1.0184774369 
3.7416666667 1.0526649029 
3.7583333333 1.0913643996 
3.775 1.1514624081 
3.7916666667 1.1968356971 
3.8083333333 1.2255250312 
3.825 1.2550434859 
3.8416666667 1.2909829552 
3.8583333333 1.3035611079 
3.875 1.3137844824 
3.8916666667 1.3095216054 
3.9083333333 1.2878523176 
3.925 1.2656878221 
3.9416666667 1.272225429 
3.9583333333 1.2224973312 
3.975 1.1566258807 
3.9916666667 1.1030028532 
4.0083333333 1.0678183515 
4.025 1.0130985721 
4.0416666667 0.9617804819 
4.0583333333 0.9137859705 
4.075 0.8908971254 
4.0916666667 0.8482449191 
4.1083333333 0.8465110054 
4.125 0.8402010243 
4.1416666667 0.8293521913 
4.1583333333 0.8194489107 
4.175 0.8186117817 
4.1916666667 0.8265544014 
4.2083333333 0.8160490221 
4.225 0.8269318392 
4.2416666667 0.8369904816 
4.2583333333 0.8422260689 
4.275 0.8514093832 
4.2916666667 0.8394223117 
4.3083333333 0.8387593979 
4.325 0.8322402912 
4.3416666667 0.8295942107 
4.3583333333 0.8738433438 
4.375 0.8744816992 
4.3916666667 0.8853742027 
4.4083333333 0.9082921218 
4.425 0.9201925872 
4.4416666667 0.932716802 
4.4583333333 0.9569075708 
4.475 0.9498557667 
4.4916666667 0.9949877418 
4.5083333333 1.0231759253 
4.525 1.0377346784 
4.5416666667 1.0655091872 
4.5583333333 1.0952682953 
4.575 1.1134652151 
4.5916666667 1.126603884 
4.6083333333 1.1384000234 
4.625 1.158452173 
4.6416666667 1.1731741676 
4.6583333333 1.1774696659 
4.675 1.2011551852 
4.6916666667 1.1881858283 
4.7083333333 1.1975218816 
4.725 1.2129413201 
4.7416666667 1.1973350776 
4.7583333333 1.2015540216 
4.775 1.1670709022 
4.7916666667 1.1648740664 
4.8083333333 1.1343772021 
4.825 1.1015757564 
4.8416666667 1.0907901517 
4.8583333333 1.0650677055 
4.875 1.0437401844 
4.8916666667 1.0291341404 
4.9083333333 0.987749703 
4.925 0.9743961234 
4.9416666667 0.9626914263 
4.9583333333 0.9530120073 
4.975 0.9386197488 
4.9916666667 0.920164022 
