# Radial distribution function (300 data points):
# "Pair separation distance" g(r)
0.0083333333 0.0 
0.025 0.0 
0.0416666667 0.0 
0.0583333333 0.0 
0.075 0.0 
0.0916666667 0.0 
0.1083333333 0.0 
0.125 0.0 
0.1416666667 0.0 
0.1583333333 0.0 
0.175 0.0 
0.1916666667 0.0 
0.2083333333 0.0 
0.225 0.0 
0.2416666667 0.0 
0.2583333333 0.0 
0.275 0.0 
0.2916666667 0.0 
0.3083333333 0.0 
0.325 0.0 
0.3416666667 0.0 
0.3583333333 0.0 
0.375 0.0 
0.3916666667 0.0 
0.4083333333 0.0 
0.425 0.0 
0.4416666667 0.0 
0.4583333333 0.0 
0.475 0.0 
0.4916666667 0.0 
0.5083333333 0.0 
0.525 0.0 
0.5416666667 0.0 
0.5583333333 0.0 
0.575 0.0 
0.5916666667 0.0 
0.6083333333 0.0 
0.625 0.0 
0.6416666667 0.0 
0.6583333333 0.0 
0.675 0.0 
0.6916666667 0.0 
0.7083333333 0.0 
0.725 0.0 
0.7416666667 0.0 
0.7583333333 0.0 
0.775 0.0 
0.7916666667 0.0 
0.8083333333 0.0 
0.825 0.0 
0.8416666667 0.0 
0.8583333333 0.0017047055 
0.875 0.0262461565 
0.8916666667 0.0726632957 
0.9083333333 0.2679075464 
0.925 0.5489734673 
0.9416666667 1.0268505547 
0.9583333333 1.5575950441 
0.975 2.1138547565 
0.9916666667 2.5325383365 
1.0083333333 2.9584371614 
1.025 3.3077054373 
1.0416666667 3.3554933618 
1.0583333333 3.2954947819 
1.075 3.1386763038 
1.0916666667 2.9740169678 
1.1083333333 2.68689908 
1.125 2.4729197175 
1.1416666667 2.0649559104 
1.1583333333 1.747610657 
1.175 1.5391902773 
1.1916666667 1.2806394237 
1.2083333333 1.0752379463 
1.225 0.9181269137 
1.2416666667 0.7795973242 
1.2583333333 0.6535885384 
1.275 0.5021827266 
1.2916666667 0.4682291227 
1.3083333333 0.4284943786 
1.325 0.3791520027 
1.3416666667 0.36002265 
1.3583333333 0.3560069619 
1.375 0.322849801 
1.3916666667 0.368987448 
1.4083333333 0.409064225 
1.425 0.4119215539 
1.4416666667 0.4604636881 
1.4583333333 0.5332666025 
1.475 0.5697750904 
1.4916666667 0.5689674368 
1.5083333333 0.6006269103 
1.525 0.6404948563 
1.5416666667 0.6695243674 
1.5583333333 0.625799882 
1.575 0.5533882842 
1.5916666667 0.6365489125 
1.6083333333 0.5758424063 
1.625 0.584542796 
1.6416666667 0.5965010969 
1.6583333333 0.6165402293 
1.675 0.6446207091 
1.6916666667 0.7022016626 
1.7083333333 0.7858272159 
1.725 0.8711703442 
1.7416666667 0.9899679833 
1.7583333333 1.1382493953 
1.775 1.2760295622 
1.7916666667 1.3948160693 
1.8083333333 1.5259260338 
1.825 1.6497732928 
1.8416666667 1.6393038925 
1.8583333333 1.7351388703 
1.875 1.7419402757 
1.8916666667 1.6941826683 
1.9083333333 1.6133327569 
1.925 1.5448456974 
1.9416666667 1.5044469706 
1.9583333333 1.4147602868 
1.975 1.3030809463 
1.9916666667 1.1961925048 
2.0083333333 1.1128981745 
2.025 1.0422800132 
2.0416666667 0.9819451728 
2.0583333333 0.955435746 
2.075 0.9083538027 
2.0916666667 0.9094375703 
2.1083333333 0.8544289255 
2.125 0.8552636071 
2.1416666667 0.8228364037 
2.1583333333 0.8584377989 
2.175 0.7986052329 
2.1916666667 0.8335702039 
2.2083333333 0.8274740362 
2.225 0.8204515157 
2.2416666667 0.817794516 
2.2583333333 0.8392599381 
2.275 0.8393841902 
2.2916666667 0.8850936861 
2.3083333333 0.8841441929 
2.325 0.9395899008 
2.3416666667 0.9429829781 
2.3583333333 0.9768981699 
2.375 1.0042052767 
2.3916666667 1.0251697491 
2.4083333333 1.0500070737 
2.425 1.048865272 
2.4416666667 1.0324885283 
2.4583333333 0.9913114971 
2.475 0.9929728835 
2.4916666667 0.9463541284 
2.5083333333 0.9078692917 
2.525 0.8673598426 
2.5416666667 0.8297755529 
2.5583333333 0.7773586146 
2.575 0.753500879 
2.5916666667 0.725702848 
2.6083333333 0.7181198113 
2.625 0.7083007297 
2.6416666667 0.7188289425 
2.6583333333 0.732415093 
2.675 0.7473630923 
2.6916666667 0.8501224571 
2.7083333333 0.9040725633 
2.725 0.9681445955 
2.7416666667 1.0449661035 
2.7583333333 1.1251482069 
2.775 1.2242109143 
2.7916666667 1.3027853323 
2.8083333333 1.3553672066 
2.825 1.4212570948 
2.8416666667 1.4682481113 
2.8583333333 1.4453340554 
2.875 1.474057951 
2.8916666667 1.4395412453 
2.9083333333 1.3944317335 
2.925 1.3459967903 
2.9416666667 1.2814403761 
2.9583333333 1.1863901773 
2.975 1.1217646904 
2.9916666667 1.0607469323 
3.0083333333 0.9686733853 
3.025 0.916303697 
3.0416666667 0.833254232 
3.0583333333 0.7891507015 
3.075 0.7753063791 
3.0916666667 0.7657872506 
3.1083333333 0.7864554566 
3.125 0.769600745 
3.1416666667 0.7903423788 
3.1583333333 0.8306240772 
3.175 0.8626677647 
3.1916666667 0.8848748891 
3.2083333333 0.950134742 
3.225 0.9803103996 
3.2416666667 0.9940403227 
3.2583333333 1.0328731455 
3.275 1.0456898206 
3.2916666667 1.0425459935 
3.3083333333 1.0233471761 
3.325 1.0291318484 
3.3416666667 1.0387995151 
3.3583333333 1.0118105614 
3.375 0.9920287325 
3.3916666667 0.9892906341 
3.4083333333 0.9515289346 
3.425 0.9539610936 
3.4416666667 0.9282031752 
3.4583333333 0.9262090297 
3.475 0.8913439867 
3.4916666667 0.8933627874 
3.5083333333 0.8833643503 
3.525 0.874727553 
3.5416666667 0.8720212906 
3.5583333333 0.8694264251 
3.575 0.8656626873 
3.5916666667 0.8757563753 
3.6083333333 0.8590997358 
3.625 0.8688045041 
3.6416666667 0.8879559592 
3.6583333333 0.9013740214 
3.675 0.9330187006 
3.6916666667 0.9447956105 
3.7083333333 0.9628080625 
3.725 1.0111457028 
3.7416666667 1.0697996393 
3.7583333333 1.0963437386 
3.775 1.1247579986 
3.7916666667 1.2012910708 
3.8083333333 1.2269105881 
3.825 1.266117399 
3.8416666667 1.2899617426 
3.8583333333 1.316638059 
3.875 1.3128644067 
3.8916666667 1.341946591 
3.9083333333 1.3002679276 
3.925 1.2904716609 
3.9416666667 1.2487824646 
3.9583333333 1.242857591 
3.975 1.1648131164 
3.9916666667 1.127754007 
4.0083333333 1.066723955 
4.025 1.0144940247 
4.0416666667 0.9506318553 
4.0583333333 0.9183613822 
4.075 0.8728961477 
4.0916666667 0.8589727004 
4.1083333333 0.8447251172 
4.125 0.8125215563 
4.1416666667 0.8177103622 
4.1583333333 0.804849617 
4.175 0.820341091 
4.1916666667 0.8230517494 
4.2083333333 0.8325019093 
4.225 0.8405111674 
4.2416666667 0.8395733547 
4.2583333333 0.8356461778 
4.275 0.8308612029 
4.2916666667 0.8417407812 
4.3083333333 0.8359175219 
4.325 0.8355303093 
4.3416666667 0.8500492282 
4.3583333333 0.8410477703 
4.375 0.8631299071 
4.3916666667 0.8765829761 
4.4083333333 0.8967235798 
4.425 0.9053756008 
4.4416666667 0.931761867 
4.4583333333 0.9521685278 
4.475 0.9719950263 
4.4916666667 1.000465995 
4.5083333333 1.035658202 
4.525 1.0355264712 
4.5416666667 1.0552188247 
4.5583333333 1.0793711892 
4.575 1.111485028 
4.5916666667 1.1148684269 
4.6083333333 1.1465614449 
4.625 1.1693144969 
4.6416666667 1.1775462452 
4.6583333333 1.2023571982 
4.675 1.205062876 
4.6916666667 1.215973309 
4.7083333333 1.2144617994 
4.725 1.2147415205 
4.7416666667 1.1824759225 
4.7583333333 1.1893504352 
4.775 1.1748377875 
4.7916666667 1.15940389 
4.8083333333 1.1330734451 
4.825 1.1123654695 
4.8416666667 1.0945405968 
4.8583333333 1.0751245498 
4.875 1.0477037547 
4.8916666667 1.0186365208 
4.9083333333 0.9909297701 
4.925 0.9801437039 
4.9416666667 0.9658287368 
4.9583333333 0.9429991232 
4.975 0.9279126737 
4.9916666667 0.920920114 
