# Radial distribution function (300 data points):
# "Pair separation distance" g(r)
0.0083333333 0.0 
0.025 0.0 
0.0416666667 0.0 
0.0583333333 0.0 
0.075 0.0 
0.0916666667 0.0 
0.1083333333 0.0 
0.125 0.0 
0.1416666667 0.0 
0.1583333333 0.0 
0.175 0.0 
0.1916666667 0.0 
0.2083333333 0.0 
0.225 0.0 
0.2416666667 0.0 
0.2583333333 0.0 
0.275 0.0 
0.2916666667 0.0 
0.3083333333 0.0 
0.325 0.0 
0.3416666667 0.0 
0.3583333333 0.0 
0.375 0.0 
0.3916666667 0.0 
0.4083333333 0.0 
0.425 0.0 
0.4416666667 0.0 
0.4583333333 0.0 
0.475 0.0 
0.4916666667 0.0 
0.5083333333 0.0 
0.525 0.0 
0.5416666667 0.0 
0.5583333333 0.0 
0.575 0.0 
0.5916666667 0.0 
0.6083333333 0.0 
0.625 0.0 
0.6416666667 0.0 
0.6583333333 0.0 
0.675 0.0 
0.6916666667 0.0 
0.7083333333 0.0 
0.725 0.0 
0.7416666667 0.0 
0.7583333333 0.0 
0.775 0.0 
0.7916666667 0.0 
0.8083333333 0.0 
0.825 0.0 
0.8416666667 0.0 
0.8583333333 0.006818822 
0.875 0.0180442326 
0.8916666667 0.0758225694 
0.9083333333 0.2724741524 
0.925 0.5357628758 
0.9416666667 0.970196731 
0.9583333333 1.5753726873 
0.975 2.1138547565 
0.9916666667 2.6883475534 
1.0083333333 3.0140236634 
1.025 3.3423723898 
1.0416666667 3.3138245929 
1.0583333333 3.2158826248 
1.075 3.1919294682 
1.0916666667 2.9308083584 
1.1083333333 2.6439577705 
1.125 2.3022366551 
1.1416666667 2.047611437 
1.1583333333 1.8075180389 
1.175 1.5337321558 
1.1916666667 1.2815238432 
1.2083333333 1.110505751 
1.225 0.9357027251 
1.2416666667 0.8129970006 
1.2583333333 0.6448634486 
1.275 0.541584756 
1.2916666667 0.4757569221 
1.3083333333 0.4240920391 
1.325 0.3848750518 
1.3416666667 0.3432774104 
1.3583333333 0.351922752 
1.375 0.3852940012 
1.3916666667 0.3657450276 
1.4083333333 0.3666380593 
1.425 0.4397540914 
1.4416666667 0.5082020494 
1.4583333333 0.5090540546 
1.475 0.5299427892 
1.4916666667 0.5661451777 
1.5083333333 0.5857216469 
1.525 0.6242934687 
1.5416666667 0.5855035509 
1.5583333333 0.6195936022 
1.575 0.6116130351 
1.5916666667 0.6043248632 
1.6083333333 0.6015756673 
1.625 0.5607615594 
1.6416666667 0.6016272782 
1.6583333333 0.6471388925 
1.675 0.6683463324 
1.6916666667 0.7285342249 
1.7083333333 0.8206859259 
1.725 0.8901638837 
1.7416666667 0.9808591186 
1.7583333333 1.1155006565 
1.775 1.2644691569 
1.7916666667 1.4065536519 
1.8083333333 1.4733078947 
1.825 1.6067849144 
1.8416666667 1.657818732 
1.8583333333 1.7347751858 
1.875 1.6908538402 
1.8916666667 1.688566981 
1.9083333333 1.6391985023 
1.925 1.57433266 
1.9416666667 1.4987836405 
1.9583333333 1.3810287337 
1.975 1.2757120606 
1.9916666667 1.2180393239 
2.0083333333 1.1487077129 
2.025 1.0692328904 
2.0416666667 0.9927920664 
2.0583333333 0.9595859478 
2.075 0.9270226028 
2.0916666667 0.8968064929 
2.1083333333 0.8614926566 
2.125 0.8588793556 
2.1416666667 0.8455636655 
2.1583333333 0.8444180861 
2.175 0.8134728836 
2.1916666667 0.8335702039 
2.2083333333 0.8372605327 
2.225 0.8267939053 
2.2416666667 0.8252926319 
2.2583333333 0.8321183483 
2.275 0.8524881932 
2.2916666667 0.8824630375 
2.3083333333 0.9121935555 
2.325 0.9040416182 
2.3416666667 0.9223688251 
2.3583333333 0.995415426 
2.375 0.9999747001 
2.3916666667 1.0214370685 
2.4083333333 1.0142778167 
2.425 1.0189648163 
2.4416666667 1.0065762473 
2.4583333333 0.9919349634 
2.475 0.9269523861 
2.4916666667 0.9449380363 
2.5083333333 0.9002837523 
2.525 0.8575101965 
2.5416666667 0.8256927772 
2.5583333333 0.7938614141 
2.575 0.7646764828 
2.5916666667 0.7247679049 
2.6083333333 0.7561487781 
2.625 0.7343653217 
2.6416666667 0.7433058419 
2.6583333333 0.7690269613 
2.675 0.8093215637 
2.6916666667 0.8518559857 
2.7083333333 0.889347139 
2.725 0.9657766667 
2.7416666667 1.0476395057 
2.7583333333 1.1442968559 
2.775 1.190449702 
2.7916666667 1.3158389706 
2.8083333333 1.3550487088 
2.825 1.3982802887 
2.8416666667 1.4343415341 
2.8583333333 1.4500995687 
2.875 1.4527850809 
2.8916666667 1.4210663316 
2.9083333333 1.3821073981 
2.925 1.3247109866 
2.9416666667 1.2712805815 
2.9583333333 1.1929915984 
2.975 1.1034588529 
2.9916666667 1.0513448891 
3.0083333333 0.989628927 
3.025 0.9264604486 
3.0416666667 0.8651562757 
3.0583333333 0.8258085442 
3.075 0.8069190086 
3.0916666667 0.7860225348 
3.1083333333 0.7739761634 
3.125 0.779889525 
3.1416666667 0.8202458499 
3.1583333333 0.8321349896 
3.175 0.8566873989 
3.1916666667 0.9001632389 
3.2083333333 0.9375671449 
3.225 0.9446869002 
3.2416666667 0.9804151457 
3.2583333333 0.9869729301 
3.275 0.9994359035 
3.2916666667 1.0268973712 
3.3083333333 1.0291994643 
3.325 1.043445858 
3.3416666667 1.0265399712 
3.3583333333 0.9990042424 
3.375 1.0053704549 
3.3916666667 0.9893998153 
3.4083333333 0.9768280791 
3.425 0.9327619582 
3.4416666667 0.9314901639 
3.4583333333 0.9340849568 
3.475 0.8851035388 
3.4916666667 0.8909933981 
3.5083333333 0.8875480096 
3.525 0.8762437204 
3.5416666667 0.8801317194 
3.5583333333 0.8821231259 
3.575 0.8819755499 
3.5916666667 0.8789692669 
3.6083333333 0.8758843028 
3.625 0.8815163852 
3.6416666667 0.9104010917 
3.6583333333 0.9070985206 
3.675 0.930414841 
3.6916666667 0.979170246 
3.7083333333 0.9740417365 
3.725 1.0095164286 
3.7416666667 1.0490764765 
3.7583333333 1.1071915842 
3.775 1.1469676065 
3.7916666667 1.182246532 
3.8083333333 1.2149601603 
3.825 1.2464590571 
3.8416666667 1.2729415322 
3.8583333333 1.2953774675 
3.875 1.3151227743 
3.8916666667 1.3178144406 
3.9083333333 1.2936078984 
3.925 1.2712315755 
3.9416666667 1.2522584904 
3.9583333333 1.2038204 
3.975 1.1627464355 
3.9916666667 1.108441801 
4.0083333333 1.0668802974 
4.025 1.0213162373 
4.0416666667 0.9645484168 
4.0583333333 0.9372730839 
4.075 0.8844682048 
4.0916666667 0.870075579 
4.1083333333 0.8398139247 
4.125 0.826619632 
4.1416666667 0.8210784385 
4.1583333333 0.8249690416 
4.175 0.8138561812 
4.1916666667 0.8270547803 
4.2083333333 0.8193112325 
4.225 0.81701119 
4.2416666667 0.8323831946 
4.2583333333 0.8300359548 
4.275 0.8285246205 
4.2916666667 0.8452184853 
4.3083333333 0.8482999816 
4.325 0.83929033 
4.3416666667 0.8591107343 
4.3583333333 0.8510980267 
4.375 0.8689698464 
4.3916666667 0.8839415584 
4.4083333333 0.905900859 
4.425 0.913585879 
4.4416666667 0.9352632952 
4.4583333333 0.9670807166 
4.475 0.9849775382 
4.4916666667 1.0071893058 
4.5083333333 1.0146484294 
4.525 1.0580379163 
4.5416666667 1.0775044618 
4.5583333333 1.0785854007 
4.575 1.1039843192 
4.5916666667 1.1253528962 
4.6083333333 1.1533034888 
4.625 1.1621512346 
4.6416666667 1.172124869 
4.6583333333 1.1853410715 
4.675 1.1834556446 
4.6916666667 1.1888705301 
4.7083333333 1.1957089138 
4.725 1.1960644407 
4.7416666667 1.1962178479 
4.7583333333 1.180696983 
4.775 1.1611217987 
4.7916666667 1.1539884153 
4.8083333333 1.1180259169 
4.825 1.0955335171 
4.8416666667 1.0975945306 
4.8583333333 1.0677282463 
4.875 1.0409921089 
4.8916666667 1.0176392469 
4.9083333333 1.0043798901 
4.925 0.9851663643 
4.9416666667 0.9622285445 
4.9583333333 0.9611857903 
4.975 0.9374526268 
4.9916666667 0.9104356376 
