# Radial distribution function (300 data points):
# "Pair separation distance" g(r)
0.0083333333 0.0 
0.025 0.0 
0.0416666667 0.0 
0.0583333333 0.0 
0.075 0.0 
0.0916666667 0.0 
0.1083333333 0.0 
0.125 0.0 
0.1416666667 0.0 
0.1583333333 0.0 
0.175 0.0 
0.1916666667 0.0 
0.2083333333 0.0 
0.225 0.0 
0.2416666667 0.0 
0.2583333333 0.0 
0.275 0.0 
0.2916666667 0.0 
0.3083333333 0.0 
0.325 0.0 
0.3416666667 0.0 
0.3583333333 0.0 
0.375 0.0 
0.3916666667 0.0 
0.4083333333 0.0 
0.425 0.0 
0.4416666667 0.0 
0.4583333333 0.0 
0.475 0.0 
0.4916666667 0.0 
0.5083333333 0.0 
0.525 0.0 
0.5416666667 0.0 
0.5583333333 0.0 
0.575 0.0 
0.5916666667 0.0 
0.6083333333 0.0 
0.625 0.0 
0.6416666667 0.0 
0.6583333333 0.0 
0.675 0.0 
0.6916666667 0.0 
0.7083333333 0.0 
0.725 0.0 
0.7416666667 0.0 
0.7583333333 0.0 
0.775 0.0 
0.7916666667 0.0 
0.8083333333 0.0 
0.825 0.0 
0.8416666667 0.0 
0.8583333333 0.0017047055 
0.875 0.029526926 
0.8916666667 0.0837207537 
0.9083333333 0.2465967189 
0.925 0.5210844409 
0.9416666667 0.9645313486 
0.9583333333 1.5945178415 
0.975 2.1006431643 
0.9916666667 2.7432639167 
1.0083333333 2.9460846054 
1.025 3.206095404 
1.0416666667 3.4226263783 
1.0583333333 3.286524398 
1.075 3.0930307343 
1.0916666667 2.9371315695 
1.1083333333 2.6961007892 
1.125 2.3776547524 
1.1416666667 2.0495386007 
1.1583333333 1.8309193599 
1.175 1.507351235 
1.1916666667 1.3062875889 
1.2083333333 1.0976028956 
1.225 0.8704211397 
1.2416666667 0.7624901729 
1.2583333333 0.695627607 
1.275 0.5400395783 
1.2916666667 0.4938236407 
1.3083333333 0.394743109 
1.325 0.354829044 
1.3416666667 0.348859157 
1.3583333333 0.3274174927 
1.375 0.3666936011 
1.3916666667 0.4150298185 
1.4083333333 0.4229952048 
1.425 0.4280025756 
1.4416666667 0.4834264442 
1.4583333333 0.4883848065 
1.475 0.5622704539 
1.4916666667 0.6045279016 
1.5083333333 0.5940023488 
1.525 0.5821698609 
1.5416666667 0.6325340708 
1.5583333333 0.6211451722 
1.575 0.5726277671 
1.5916666667 0.6439852316 
1.6083333333 0.566617275 
1.625 0.584542796 
1.6416666667 0.6142097232 
1.6583333333 0.5877683519 
1.675 0.6795376642 
1.6916666667 0.7263398447 
1.7083333333 0.7806629626 
1.725 0.915488603 
1.7416666667 1.0106699487 
1.7583333333 1.1240314335 
1.775 1.3051298927 
1.7916666667 1.3686021347 
1.8083333333 1.5247738118 
1.825 1.5392856186 
1.8416666667 1.6341197374 
1.8583333333 1.7202278048 
1.875 1.6901393446 
1.8916666667 1.7050630625 
1.9083333333 1.6188507826 
1.925 1.5851784394 
1.9416666667 1.4571415078 
1.9583333333 1.4429244962 
1.975 1.2930993527 
1.9916666667 1.2193058062 
2.0083333333 1.1216170187 
2.025 1.0854658733 
2.0416666667 0.9665787402 
2.0583333333 0.9637361496 
2.075 0.9098123027 
2.0916666667 0.8956582132 
2.1083333333 0.8761852175 
2.125 0.8441382268 
2.1416666667 0.8518615814 
2.1583333333 0.8503495031 
2.175 0.8278095466 
2.1916666667 0.8231113557 
2.2083333333 0.8241260242 
2.225 0.8199441245 
2.2416666667 0.8350401827 
2.2583333333 0.8424613405 
2.275 0.8634081957 
2.2916666667 0.9137916711 
2.3083333333 0.8721230375 
2.325 0.9021828845 
2.3416666667 0.9526029162 
2.3583333333 0.9694461034 
2.375 1.000420024 
2.3916666667 1.0427353048 
2.4083333333 1.0214236681 
2.425 1.0078589327 
2.4416666667 1.0158456812 
2.4583333333 0.9811282134 
2.475 0.969599167 
2.4916666667 0.918234585 
2.5083333333 0.9042761414 
2.525 0.8626320125 
2.5416666667 0.8340527465 
2.5583333333 0.7763991495 
2.575 0.7665706529 
2.5916666667 0.7367351768 
2.6083333333 0.7219965506 
2.625 0.7365525602 
2.6416666667 0.7197288286 
2.6583333333 0.7665387761 
2.675 0.81195436 
2.6916666667 0.8522026914 
2.7083333333 0.9270168291 
2.725 0.9676371822 
2.7416666667 1.0538217484 
2.7583333333 1.1400049173 
2.775 1.2139357627 
2.7916666667 1.2678144742 
2.8083333333 1.3461307716 
2.825 1.4045753041 
2.8416666667 1.4268758658 
2.8583333333 1.4385701011 
2.875 1.4453395763 
2.8916666667 1.4201651163 
2.9083333333 1.3929468738 
2.925 1.363172232 
2.9416666667 1.2659104044 
2.9583333333 1.1901214153 
2.975 1.1116893845 
2.9916666667 1.049239954 
3.0083333333 0.9924044954 
3.025 0.9222055932 
3.0416666667 0.8563323062 
3.0583333333 0.8153348748 
3.075 0.7855339945 
3.0916666667 0.7847085553 
3.1083333333 0.7648766788 
3.125 0.7901783051 
3.1416666667 0.8054849876 
3.1583333333 0.8221881498 
3.175 0.8524513065 
3.1916666667 0.8936287023 
3.2083333333 0.9387873 
3.225 0.9644911507 
3.2416666667 0.9884229251 
3.2583333333 1.0275496669 
3.275 1.0311696036 
3.2916666667 1.0360547132 
3.3083333333 1.0347075002 
3.325 1.007206421 
3.3416666667 1.0229408391 
3.3583333333 1.01993979 
3.375 0.9993060356 
3.3916666667 0.9722583707 
3.4083333333 0.9624486508 
3.425 0.9551388234 
3.4416666667 0.9266126969 
3.4583333333 0.9287293264 
3.475 0.899664584 
3.4916666667 0.8818248916 
3.5083333333 0.894792883 
3.525 0.8864525814 
3.5416666667 0.8706194881 
3.5583333333 0.8804368454 
3.575 0.880894577 
3.5916666667 0.8628074483 
3.6083333333 0.8814791585 
3.625 0.8850527732 
3.6416666667 0.8851148031 
3.6583333333 0.9250227724 
3.675 0.9239981869 
3.6916666667 0.9649780372 
3.7083333333 0.9934038414 
3.725 0.9991976916 
3.7416666667 1.0440526794 
3.7583333333 1.1018565781 
3.775 1.1247579986 
3.7916666667 1.1759565926 
3.8083333333 1.213747798 
3.825 1.2615676518 
3.8416666667 1.2810261321 
3.8583333333 1.3184941424 
3.875 1.3044164387 
3.8916666667 1.3103508889 
3.9083333333 1.2863723111 
3.925 1.2825636597 
3.9416666667 1.2597764065 
3.9583333333 1.2265052564 
3.975 1.1614746319 
3.9916666667 1.1163243341 
4.0083333333 1.0593758639 
4.025 1.0063538847 
4.0416666667 0.9703149478 
4.0583333333 0.9379593956 
4.075 0.9029229886 
4.0916666667 0.8560469419 
4.1083333333 0.8530592621 
4.125 0.8148835376 
4.1416666667 0.8231285719 
4.1583333333 0.8153088125 
4.175 0.8102534535 
4.1916666667 0.8231947148 
4.2083333333 0.8308708041 
4.225 0.827846509 
4.2416666667 0.8259609156 
4.2583333333 0.8346765096 
4.275 0.8395890253 
4.2916666667 0.8328078549 
4.3083333333 0.838962389 
4.325 0.8477503765 
4.3416666667 0.8574450163 
4.3583333333 0.8468002197 
4.375 0.8677231178 
4.3916666667 0.8877185298 
4.4083333333 0.8975637533 
4.425 0.9022326036 
4.4416666667 0.9269871922 
4.4583333333 0.955896575 
4.475 0.9708661122 
4.4916666667 1.0071270529 
4.5083333333 1.0378827661 
4.525 1.0481009841 
4.5416666667 1.0636216059 
4.5583333333 1.0919438054 
4.575 1.1069846027 
4.5916666667 1.1272591634 
4.6083333333 1.1482765263 
4.625 1.1662025879 
4.6416666667 1.1729409901 
4.6583333333 1.1883507265 
4.675 1.2039135551 
4.6916666667 1.1933210917 
4.7083333333 1.1957655691 
4.725 1.1957269031 
4.7416666667 1.1889558548 
4.7583333333 1.1858557718 
4.775 1.1748377875 
4.7916666667 1.1446891154 
4.8083333333 1.1407873405 
4.825 1.1091825041 
4.8416666667 1.0873075956 
4.8583333333 1.0775190366 
4.875 1.0315323878 
4.8916666667 1.0269296403 
4.9083333333 1.0016168809 
4.925 0.9680789628 
4.9416666667 0.9574968631 
4.9583333333 0.9557706591 
4.975 0.9294857511 
4.9916666667 0.9161819372 
