# Radial distribution function (300 data points):
# "Pair separation distance" g(r)
0.0083333333 0.0 
0.025 0.0 
0.0416666667 0.0 
0.0583333333 0.0 
0.075 0.0 
0.0916666667 0.0 
0.1083333333 0.0 
0.125 0.0 
0.1416666667 0.0 
0.1583333333 0.0 
0.175 0.0 
0.1916666667 0.0 
0.2083333333 0.0 
0.225 0.0 
0.2416666667 0.0 
0.2583333333 0.0 
0.275 0.0 
0.2916666667 0.0 
0.3083333333 0.0 
0.325 0.0 
0.3416666667 0.0 
0.3583333333 0.0 
0.375 0.0 
0.3916666667 0.0 
0.4083333333 0.0 
0.425 0.0 
0.4416666667 0.0 
0.4583333333 0.0 
0.475 0.0 
0.4916666667 0.0 
0.5083333333 0.0 
0.525 0.0 
0.5416666667 0.0 
0.5583333333 0.0 
0.575 0.0 
0.5916666667 0.0 
0.6083333333 0.0 
0.625 0.0 
0.6416666667 0.0 
0.6583333333 0.0 
0.675 0.0 
0.6916666667 0.0 
0.7083333333 0.0 
0.725 0.0 
0.7416666667 0.0 
0.7583333333 0.0 
0.775 0.0 
0.7916666667 0.0 
0.8083333333 0.0 
0.825 0.0 
0.8416666667 0.0 
0.8583333333 0.0051141165 
0.875 0.0213250021 
0.8916666667 0.0947782118 
0.9083333333 0.2237636894 
0.925 0.6164942681 
0.9416666667 0.9758621133 
0.9583333333 1.5658001102 
0.975 2.1495260555 
0.9916666667 2.6295998159 
1.0083333333 3.0325524974 
1.025 3.2766247212 
1.0416666667 3.3589657592 
1.0583333333 3.2607345443 
1.075 3.0702079495 
1.0916666667 2.9466163862 
1.1083333333 2.5836354548 
1.125 2.39452459 
1.1416666667 2.0389392004 
1.1583333333 1.7803725065 
1.175 1.5219062258 
1.1916666667 1.295674555 
1.2083333333 1.1414726038 
1.225 0.9574632536 
1.2416666667 0.769007183 
1.2583333333 0.6575544882 
1.275 0.5261329798 
1.2916666667 0.4494096242 
1.3083333333 0.4292281018 
1.325 0.3798673838 
1.3416666667 0.3544409035 
1.3583333333 0.3546455586 
1.375 0.3700151011 
1.3916666667 0.3877934867 
1.4083333333 0.4172961676 
1.425 0.4143955573 
1.4416666667 0.4550251406 
1.4583333333 0.537991002 
1.475 0.5530339783 
1.4916666667 0.5791275696 
1.5083333333 0.5951064424 
1.525 0.6113323586 
1.5416666667 0.6240791459 
1.5583333333 0.6092498025 
1.575 0.5923735522 
1.5916666667 0.5978800533 
1.6083333333 0.5938071357 
1.625 0.60404341 
1.6416666667 0.5857827178 
1.6583333333 0.6252174621 
1.675 0.6468589755 
1.6916666667 0.7338007374 
1.7083333333 0.8533928637 
1.725 0.9247743334 
1.7416666667 1.0177086169 
1.7583333333 1.1163131114 
1.775 1.2740363889 
1.7916666667 1.4081186629 
1.8083333333 1.4675467846 
1.825 1.5558776243 
1.8416666667 1.6381930021 
1.8583333333 1.7427762453 
1.875 1.7401540367 
1.8916666667 1.6317081469 
1.9083333333 1.6102288675 
1.925 1.5926349127 
1.9416666667 1.4508119037 
1.9583333333 1.3649816841 
1.975 1.3143504875 
1.9916666667 1.2022082956 
2.0083333333 1.1138323364 
2.025 1.0903663964 
2.0416666667 1.0069532886 
2.0583333333 0.9589930619 
2.075 0.9153546028 
2.0916666667 0.8970935629 
2.1083333333 0.8736422743 
2.125 0.8691703324 
2.1416666667 0.85733803 
2.1583333333 0.8131433422 
2.175 0.8378983096 
2.1916666667 0.8150057483 
2.2083333333 0.8163998428 
2.225 0.8181682554 
2.2416666667 0.8350401827 
2.2583333333 0.840244985 
2.275 0.8624375288 
2.2916666667 0.875766841 
2.3083333333 0.8857941554 
2.325 0.9567831878 
2.3416666667 0.9548933776 
2.3583333333 0.9775756305 
2.375 1.0037599528 
2.3916666667 1.0073846238 
2.4083333333 1.0378807804 
2.425 0.9873557631 
2.4416666667 1.0419686311 
2.4583333333 0.9848690115 
2.475 0.9566821132 
2.4916666667 0.9261242411 
2.5083333333 0.9216430342 
2.525 0.8454936281 
2.5416666667 0.833080657 
2.5583333333 0.8003857767 
2.575 0.7864594393 
2.5916666667 0.7314994953 
2.6083333333 0.7321499155 
2.625 0.7011922046 
2.6416666667 0.7235083498 
2.6583333333 0.7612069506 
2.675 0.8017742145 
2.6916666667 0.8327871704 
2.7083333333 0.9140036634 
2.725 0.9541061606 
2.7416666667 1.0935886069 
2.7583333333 1.1312559656 
2.775 1.2079011499 
2.7916666667 1.2657194458 
2.8083333333 1.3751140675 
2.825 1.3996966672 
2.8416666667 1.4299865609 
2.8583333333 1.4650110134 
2.875 1.4584071965 
2.8916666667 1.4456995499 
2.9083333333 1.3737921838 
2.925 1.3417396296 
2.9416666667 1.2624270462 
2.9583333333 1.1800757745 
2.975 1.1021817015 
2.9916666667 1.0301552096 
3.0083333333 0.9746408574 
3.025 0.8994215288 
3.0416666667 0.8528027184 
3.0583333333 0.8164090973 
3.075 0.7994807428 
3.0916666667 0.7904900651 
3.1083333333 0.7949049781 
3.125 0.785548354 
3.1416666667 0.813374414 
3.1583333333 0.8451036541 
3.175 0.870143222 
3.1916666667 0.9081772932 
3.2083333333 0.9031587724 
3.225 0.9408226562 
3.2416666667 0.9971478192 
3.2583333333 1.0113426321 
3.275 1.0144245146 
3.2916666667 1.0401117634 
3.3083333333 1.0378057704 
3.325 1.0218612403 
3.3416666667 1.0172047222 
3.3583333333 1.0153740589 
3.375 0.9987547248 
3.3916666667 0.9812112271 
3.4083333333 0.9703411189 
3.425 0.940577801 
3.4416666667 0.9290514304 
3.4583333333 0.9295694252 
3.475 0.9036168678 
3.4916666667 0.8942899397 
3.5083333333 0.8803031362 
3.525 0.8952463527 
3.5416666667 0.8750251532 
3.5583333333 0.8809328102 
3.575 0.8806980365 
3.5916666667 0.874588051 
3.6083333333 0.8622830157 
3.625 0.8859129757 
3.6416666667 0.8824630575 
3.6583333333 0.9092569384 
3.675 0.9412022594 
3.6916666667 0.9623054785 
3.7083333333 0.9834487969 
3.725 1.0125939466 
3.7416666667 1.056881304 
3.7583333333 1.0939429859 
3.775 1.1414152045 
3.7916666667 1.1681815286 
3.8083333333 1.2200694011 
3.825 1.2492060743 
3.8416666667 1.2920041678 
3.8583333333 1.2887968082 
3.875 1.3211450881 
3.8916666667 1.312258241 
3.9083333333 1.3019946019 
3.925 1.2775905868 
3.9416666667 1.2514501123 
3.9583333333 1.2151227489 
3.975 1.1691054535 
3.9916666667 1.1183737927 
4.0083333333 1.0539820523 
4.025 1.0172074047 
4.0416666667 0.9677776741 
4.0583333333 0.9218691978 
4.075 0.8933930593 
4.0916666667 0.8630987701 
4.1083333333 0.8440554091 
4.125 0.8278744346 
4.1416666667 0.8143422858 
4.1583333333 0.8314334055 
4.175 0.8110460536 
4.1916666667 0.8202639243 
4.2083333333 0.813850576 
4.225 0.8217956166 
4.2416666667 0.8404808506 
4.2583333333 0.8437498332 
4.275 0.8324418322 
4.2916666667 0.8398996437 
4.3083333333 0.8351055573 
4.325 0.8533232643 
4.3416666667 0.8449854454 
4.3583333333 0.8544040321 
4.375 0.8641797838 
4.3916666667 0.8838764382 
4.4083333333 0.8917471679 
4.425 0.914868735 
4.4416666667 0.9345630095 
4.4583333333 0.9617729884 
4.475 0.9805873168 
4.4916666667 0.9966685695 
4.5083333333 1.029046303 
4.525 1.0563204218 
4.5416666667 1.0790875945 
4.5583333333 1.0975047703 
4.575 1.1098648749 
4.5916666667 1.1130217306 
4.6083333333 1.1302977426 
4.625 1.1512301954 
4.6416666667 1.175447648 
4.6583333333 1.1909552357 
4.675 1.2063845949 
4.6916666667 1.1932069747 
4.7083333333 1.1955956033 
4.725 1.2082720501 
4.7416666667 1.1927544358 
4.7583333333 1.1775351447 
4.775 1.1603506186 
4.7916666667 1.1549730471 
4.8083333333 1.1421454206 
4.825 1.117382686 
4.8416666667 1.0800210167 
4.8583333333 1.0537870124 
4.875 1.0490249448 
4.8916666667 1.0150673301 
4.9083333333 0.9974463011 
4.925 0.9863573044 
4.9416666667 0.9761664319 
4.9583333333 0.9449403967 
4.975 0.9355750829 
4.9916666667 0.9252550418 
