# Radial distribution function (300 data points):
# "Pair separation distance" g(r)
0.0083333333 0.0 
0.025 0.0 
0.0416666667 0.0 
0.0583333333 0.0 
0.075 0.0 
0.0916666667 0.0 
0.1083333333 0.0 
0.125 0.0 
0.1416666667 0.0 
0.1583333333 0.0 
0.175 0.0 
0.1916666667 0.0 
0.2083333333 0.0 
0.225 0.0 
0.2416666667 0.0 
0.2583333333 0.0 
0.275 0.0 
0.2916666667 0.0 
0.3083333333 0.0 
0.325 0.0 
0.3416666667 0.0 
0.3583333333 0.0 
0.375 0.0 
0.3916666667 0.0 
0.4083333333 0.0 
0.425 0.0 
0.4416666667 0.0 
0.4583333333 0.0 
0.475 0.0 
0.4916666667 0.0 
0.5083333333 0.0 
0.525 0.0 
0.5416666667 0.0 
0.5583333333 0.0 
0.575 0.0 
0.5916666667 0.0 
0.6083333333 0.0 
0.625 0.0 
0.6416666667 0.0 
0.6583333333 0.0 
0.675 0.0 
0.6916666667 0.0 
0.7083333333 0.0 
0.725 0.0 
0.7416666667 0.0 
0.7583333333 0.0 
0.775 0.0 
0.7916666667 0.0 
0.8083333333 0.0 
0.825 0.0 
0.8416666667 0.0 
0.8583333333 0.0017047055 
0.875 0.0213250021 
0.8916666667 0.0710836588 
0.9083333333 0.2161526795 
0.925 0.5342950323 
0.9416666667 0.9999399884 
0.9583333333 1.5343473569 
0.975 2.2010512652 
0.9916666667 2.6883475534 
1.0083333333 3.0473755646 
1.025 3.2335898836 
1.0416666667 3.3335015115 
1.0583333333 3.3268911255 
1.075 3.0691211502 
1.0916666667 2.9561012029 
1.1083333333 2.7267731531 
1.125 2.2903285345 
1.1416666667 2.159386932 
1.1583333333 1.6895753807 
1.175 1.5328224689 
1.1916666667 1.299212233 
1.2083333333 1.0872806113 
1.225 0.9331918949 
1.2416666667 0.7771534455 
1.2583333333 0.6361383589 
1.275 0.5539461769 
1.2916666667 0.4539263039 
1.3083333333 0.4226245926 
1.325 0.3512521383 
1.3416666667 0.3614180866 
1.3583333333 0.3498806471 
1.375 0.3627078011 
1.3916666667 0.3663935117 
1.4083333333 0.4065313196 
1.425 0.4477946022 
1.4416666667 0.4791964628 
1.4583333333 0.4996052555 
1.475 0.5564976566 
1.4916666667 0.6005767389 
1.5083333333 0.5973146296 
1.525 0.6172728674 
1.5416666667 0.6050555648 
1.5583333333 0.6242483121 
1.575 0.614144546 
1.5916666667 0.5958970349 
1.6083333333 0.6044888666 
1.625 0.5840671713 
1.6416666667 0.5904428827 
1.6583333333 0.6110598717 
1.675 0.6670033726 
1.6916666667 0.7061515469 
1.7083333333 0.8077752926 
1.725 0.8783456814 
1.7416666667 1.0077716735 
1.7583333333 1.1098134718 
1.775 1.2740363889 
1.7916666667 1.3901210362 
1.8083333333 1.5259260338 
1.825 1.6426085631 
1.8416666667 1.6855909913 
1.8583333333 1.7085898999 
1.875 1.7544439487 
1.8916666667 1.6552238375 
1.9083333333 1.6767900522 
1.925 1.5329831262 
1.9416666667 1.4331556394 
1.9583333333 1.3702215371 
1.975 1.2966412085 
1.9916666667 1.1632639657 
2.0083333333 1.1312700247 
2.025 1.0554501691 
2.0416666667 1.0057480782 
2.0583333333 0.9539535311 
2.075 0.9325649028 
2.0916666667 0.9123082697 
2.1083333333 0.8730771758 
2.125 0.8713954084 
2.1416666667 0.8392657496 
2.1583333333 0.8508887228 
2.175 0.8227651652 
2.1916666667 0.8267719526 
2.2083333333 0.8086736613 
2.225 0.813601735 
2.2416666667 0.8137955208 
2.2583333333 0.802566942 
2.275 0.8646215293 
2.2916666667 0.8697880941 
2.3083333333 0.9327002323 
2.325 0.9203055384 
2.3416666667 0.9464186703 
2.3583333333 0.9969961674 
2.375 0.994408152 
2.3916666667 1.0453701382 
2.4083333333 1.0523890241 
2.425 0.9941901529 
2.4416666667 1.016688357 
2.4583333333 0.9865315884 
2.475 0.9831313186 
2.4916666667 0.945342634 
2.5083333333 0.9070708138 
2.525 0.8490395007 
2.5416666667 0.8293867171 
2.5583333333 0.7842667633 
2.575 0.754258547 
2.5916666667 0.7503853463 
2.6083333333 0.721811944 
2.625 0.7066603009 
2.6416666667 0.7328671643 
2.6583333333 0.7681383237 
2.675 0.7786056076 
2.6916666667 0.8241195271 
2.7083333333 0.9001343684 
2.725 0.9799842394 
2.7416666667 1.0616748675 
2.7583333333 1.1423159612 
2.775 1.2281252577 
2.7916666667 1.2834466089 
2.8083333333 1.3647628904 
2.825 1.4052048056 
2.8416666667 1.4217432188 
2.8583333333 1.4790001007 
2.875 1.4388057662 
2.8916666667 1.4079987097 
2.9083333333 1.3829983139 
2.925 1.346143589 
2.9416666667 1.2688132028 
2.9583333333 1.1942831808 
2.975 1.1211970675 
2.9916666667 1.046433374 
3.0083333333 0.9653427032 
3.025 0.9105390542 
3.0416666667 0.8475083366 
3.0583333333 0.8208402651 
3.075 0.7880576918 
3.0916666667 0.7893074836 
3.1083333333 0.7637067451 
3.125 0.8119133528 
3.1416666667 0.8105749401 
3.1583333333 0.8385563672 
3.175 0.8551923075 
3.1916666667 0.8964644446 
3.2083333333 0.9303682301 
3.225 0.9753593369 
3.2416666667 0.9887814824 
3.2583333333 0.9889840221 
3.275 1.0277737464 
3.2916666667 1.0206379223 
3.3083333333 1.0404450376 
3.325 1.0270869899 
3.3416666667 1.0323885609 
3.3583333333 1.0116992021 
3.375 0.9798998939 
3.3916666667 0.9701839284 
3.4083333333 0.9690437269 
3.425 0.9447533883 
3.4416666667 0.9361555671 
3.4583333333 0.9276792027 
3.475 0.9234822938 
3.4916666667 0.8965563121 
3.5083333333 0.8954051258 
3.525 0.8683596496 
3.5416666667 0.8812331357 
3.5583333333 0.885694073 
3.575 0.8632059309 
3.5916666667 0.8734197268 
3.6083333333 0.8858199948 
3.625 0.8820898535 
3.6416666667 0.8990364676 
3.6583333333 0.9010924886 
3.675 0.9318097658 
3.6916666667 0.9262720134 
3.7083333333 0.9775123025 
3.725 1.0098784895 
3.7416666667 1.0445909434 
3.7583333333 1.1062134997 
3.775 1.144676139 
3.7916666667 1.1619789494 
3.8083333333 1.2281229503 
3.825 1.2746159835 
3.8416666667 1.2828983553 
3.8583333333 1.2930151795 
3.875 1.3230688828 
3.8916666667 1.3337366842 
3.9083333333 1.3167124442 
3.925 1.2732697201 
3.9416666667 1.2400519813 
3.9583333333 1.2091910197 
3.975 1.1516976418 
3.9916666667 1.1141960502 
4.0083333333 1.0655513873 
4.025 1.0098425161 
4.0416666667 0.971545141 
4.0583333333 0.9285035448 
4.075 0.8871154074 
4.0916666667 0.8455442189 
4.1083333333 0.8393674526 
4.125 0.8340746354 
4.1416666667 0.83330602 
4.1583333333 0.8188678443 
4.175 0.8366974746 
4.1916666667 0.820549855 
4.2083333333 0.8112266241 
4.225 0.8255246549 
4.2416666667 0.8316851208 
4.2583333333 0.8236638497 
4.275 0.8404824244 
4.2916666667 0.8413316395 
4.3083333333 0.8560813087 
4.325 0.8384846113 
4.3416666667 0.8444524156 
4.3583333333 0.8711324194 
4.375 0.8664107718 
4.3916666667 0.8810762697 
4.4083333333 0.8905192221 
4.425 0.9242977263 
4.4416666667 0.9273055039 
4.4583333333 0.9549487664 
4.475 0.9839740591 
4.4916666667 1.0032051216 
4.5083333333 1.028366575 
4.525 1.0473649151 
4.5416666667 1.0675794376 
4.5583333333 1.0863828406 
4.575 1.0996039053 
4.5916666667 1.1180852527 
4.6083333333 1.1395236974 
4.625 1.1511714801 
4.6416666667 1.1696765055 
4.6583333333 1.1908394798 
4.675 1.2105221498 
4.6916666667 1.2064445426 
4.7083333333 1.185737591 
4.725 1.1830129873 
4.7416666667 1.1944861418 
4.7583333333 1.1895168477 
4.775 1.1662446378 
4.7916666667 1.1565046965 
4.8083333333 1.143014592 
4.825 1.1029244705 
4.8416666667 1.0936833522 
4.8583333333 1.0619282673 
4.875 1.0397237664 
4.8916666667 1.0362725218 
4.9083333333 1.0137115625 
4.925 0.9890498646 
4.9416666667 0.9619199565 
4.9583333333 0.9409556775 
4.975 0.9216711086 
4.9916666667 0.9201136158 
