# Radial distribution function (300 data points):
# "Pair separation distance" g(r)
0.0083333333 0.0 
0.025 0.0 
0.0416666667 0.0 
0.0583333333 0.0 
0.075 0.0 
0.0916666667 0.0 
0.1083333333 0.0 
0.125 0.0 
0.1416666667 0.0 
0.1583333333 0.0 
0.175 0.0 
0.1916666667 0.0 
0.2083333333 0.0 
0.225 0.0 
0.2416666667 0.0 
0.2583333333 0.0 
0.275 0.0 
0.2916666667 0.0 
0.3083333333 0.0 
0.325 0.0 
0.3416666667 0.0 
0.3583333333 0.0 
0.375 0.0 
0.3916666667 0.0 
0.4083333333 0.0 
0.425 0.0 
0.4416666667 0.0 
0.4583333333 0.0 
0.475 0.0 
0.4916666667 0.0 
0.5083333333 0.0 
0.525 0.0 
0.5416666667 0.0 
0.5583333333 0.0 
0.575 0.0 
0.5916666667 0.0 
0.6083333333 0.0 
0.625 0.0 
0.6416666667 0.0 
0.6583333333 0.0 
0.675 0.0 
0.6916666667 0.0 
0.7083333333 0.0 
0.725 0.0 
0.7416666667 0.0 
0.7583333333 0.0 
0.775 0.0 
0.7916666667 0.0 
0.8083333333 0.0 
0.825 0.0 
0.8416666667 0.0 
0.8583333333 0.0 
0.875 0.014763463 
0.8916666667 0.0631854745 
0.9083333333 0.2328969012 
0.925 0.5665875892 
0.9416666667 0.994274606 
0.9583333333 1.5794752203 
0.975 2.0676141837 
0.9916666667 2.7100586738 
1.0083333333 3.0510813314 
1.025 3.2120724647 
1.0416666667 3.2756282214 
1.0583333333 3.286524398 
1.075 3.2375750377 
1.0916666667 3.0119562346 
1.1083333333 2.5785233942 
1.125 2.3359763302 
1.1416666667 2.0996448571 
1.1583333333 1.8468322583 
1.175 1.5319127819 
1.1916666667 1.3054031694 
1.2083333333 1.0829796596 
1.225 0.9231485741 
1.2416666667 0.772265688 
1.2583333333 0.6218609394 
1.275 0.5153167364 
1.2916666667 0.4629596632 
1.3083333333 0.4240920391 
1.325 0.3748597158 
1.3416666667 0.3474637203 
1.3583333333 0.3491999455 
1.375 0.3693508011 
1.3916666667 0.3949268117 
1.4083333333 0.409064225 
1.425 0.4236730697 
1.4416666667 0.4338752337 
1.4583333333 0.5214556035 
1.475 0.5593840553 
1.4916666667 0.5734830514 
1.5083333333 0.5713684303 
1.525 0.6070119886 
1.5416666667 0.6288350412 
1.5583333333 0.628903022 
1.575 0.608575222 
1.5916666667 0.5963927895 
1.6083333333 0.6195403967 
1.625 0.6097509068 
1.6416666667 0.5997632123 
1.6583333333 0.620193801 
1.675 0.664317453 
1.6916666667 0.718440076 
1.7083333333 0.7948646593 
1.725 0.8872093331 
1.7416666667 0.978788922 
1.7583333333 1.1280937083 
1.775 1.2736377542 
1.7916666667 1.4089011684 
1.8083333333 1.5005771493 
1.825 1.6048994593 
1.8416666667 1.657818732 
1.8583333333 1.7147725369 
1.875 1.685852371 
1.8916666667 1.7134865935 
1.9083333333 1.6419575151 
1.925 1.5950074269 
1.9416666667 1.474131498 
1.9583333333 1.3679291014 
1.975 1.2998610774 
1.9916666667 1.1870105083 
2.0083333333 1.0882985786 
2.025 1.0422800132 
2.0416666667 1.0184027874 
2.0583333333 0.977076084 
2.075 0.9138961027 
2.0916666667 0.8927875138 
2.1083333333 0.8736422743 
2.125 0.8658327183 
2.1416666667 0.8704815066 
2.1583333333 0.8463053552 
2.175 0.8347123844 
2.1916666667 0.8387996281 
2.2083333333 0.8171724609 
2.225 0.8308530346 
2.2416666667 0.8357899943 
2.2583333333 0.8225141413 
2.275 0.8190001856 
2.2916666667 0.8688314946 
2.3083333333 0.8780157608 
2.325 0.923093639 
2.3416666667 0.958558116 
2.3583333333 0.9994801895 
2.375 1.006209234 
2.3916666667 1.0150695545 
2.4083333333 1.0400461899 
2.425 1.007004634 
2.4416666667 1.0217444118 
2.4583333333 0.9767639489 
2.475 0.9698041996 
2.4916666667 0.9599081529 
2.5083333333 0.8893046821 
2.525 0.8435236989 
2.5416666667 0.8153886291 
2.5583333333 0.7829235121 
2.575 0.7578574703 
2.5916666667 0.7470195511 
2.6083333333 0.7234734037 
2.625 0.7026503636 
2.6416666667 0.7551843372 
2.6583333333 0.7510764822 
2.675 0.8054601292 
2.6916666667 0.8658975679 
2.7083333333 0.917085729 
2.725 0.9652692534 
2.7416666667 1.0574976765 
2.7583333333 1.1449571542 
2.775 1.2007248536 
2.7916666667 1.2877978217 
2.8083333333 1.3779805474 
2.825 1.3919852734 
2.8416666667 1.4306087 
2.8583333333 1.4688541693 
2.875 1.448834405 
2.8916666667 1.4518578545 
2.9083333333 1.3788407068 
2.925 1.3561258969 
2.9416666667 1.25531519 
2.9583333333 1.1736178626 
2.975 1.0949445099 
2.9916666667 1.0345054087 
3.0083333333 0.9685346069 
3.025 0.9088920134 
3.0416666667 0.8568753197 
3.0583333333 0.8131864298 
3.075 0.7848698637 
3.0916666667 0.7818178004 
3.1083333333 0.7867154419 
3.125 0.7967374023 
3.1416666667 0.8061212316 
3.1583333333 0.8522804879 
3.175 0.8578087175 
3.1916666667 0.898560428 
3.2083333333 0.9413496256 
3.225 0.9500002357 
3.2416666667 0.9904547498 
3.2583333333 1.0221078888 
3.275 1.0157125984 
3.2916666667 1.035706966 
3.3083333333 1.0130196087 
3.325 1.0360616467 
3.3416666667 1.0134931172 
3.3583333333 1.0208306644 
3.375 0.9875079836 
3.3916666667 0.9774990671 
3.4083333333 0.9661245949 
3.425 0.9490360419 
3.4416666667 0.9428355762 
3.4583333333 0.9116123114 
3.475 0.9060090395 
3.4916666667 0.88120679 
3.5083333333 0.9062214156 
3.525 0.8757383313 
3.5416666667 0.8747247669 
3.5583333333 0.8880747044 
3.575 0.8616336068 
3.5916666667 0.8746854114 
3.6083333333 0.8727010228 
3.625 0.8745391873 
3.6416666667 0.9090752188 
3.6583333333 0.9044708816 
3.675 0.9153496531 
3.6916666667 0.9619368497 
3.7083333333 0.9801608923 
3.725 1.0359468775 
3.7416666667 1.0572401467 
3.7583333333 1.0989223248 
3.775 1.1418558714 
3.7916666667 1.1766554747 
3.8083333333 1.2343579561 
3.825 1.2375312512 
3.8416666667 1.2917488646 
3.8583333333 1.308538786 
3.875 1.3024090008 
3.8916666667 1.3376343167 
3.9083333333 1.2988701437 
3.925 1.2663400284 
3.9416666667 1.2488633024 
3.9583333333 1.2022973884 
3.975 1.1434309185 
3.9916666667 1.1223150592 
4.0083333333 1.0689127481 
4.025 1.0078268624 
4.0416666667 0.9603196274 
4.0583333333 0.9209541155 
4.075 0.8882499228 
4.0916666667 0.8690253067 
4.1083333333 0.8468830655 
4.125 0.8263981963 
4.1416666667 0.8109009904 
4.1583333333 0.8367356365 
4.175 0.8215660184 
4.1916666667 0.8228373013 
4.2083333333 0.8180347154 
4.225 0.836430333 
4.2416666667 0.8316851208 
4.2583333333 0.8294818587 
4.275 0.8320294941 
4.2916666667 0.8304211952 
4.3083333333 0.8466760524 
4.325 0.8446617881 
4.3416666667 0.8533140356 
4.3583333333 0.8466679795 
4.375 0.8707415134 
4.3916666667 0.8909745397 
4.4083333333 0.8987270703 
4.425 0.9393071412 
4.4416666667 0.9231674524 
4.4583333333 0.9580449412 
4.475 0.9823434054 
4.4916666667 0.994863236 
4.5083333333 1.0244117943 
4.525 1.0603688016 
4.5416666667 1.0541836995 
4.5583333333 1.0758653636 
4.575 1.1020641378 
4.5916666667 1.1255316088 
4.6083333333 1.1531260666 
4.625 1.1712521007 
4.6416666667 1.1758557085 
4.6583333333 1.1793796393 
4.675 1.1912135601 
4.6916666667 1.1925793314 
4.7083333333 1.1913464601 
4.725 1.1993835603 
4.7416666667 1.2039267329 
4.7583333333 1.1936216904 
4.775 1.1594141856 
4.7916666667 1.1480259231 
4.8083333333 1.1370390392 
4.825 1.1044350304 
4.8416666667 1.1056847763 
4.8583333333 1.0505943634 
4.875 1.0399351569 
4.8916666667 1.0209459971 
4.9083333333 1.0021903357 
4.925 0.982059564 
4.9416666667 0.9767321764 
4.9583333333 0.9395763516 
4.975 0.9346109387 
4.9916666667 0.9172404661 
