# Radial distribution function (300 data points):
# "Pair separation distance" g(r)
0.0083333333 0.0 
0.025 0.0 
0.0416666667 0.0 
0.0583333333 0.0 
0.075 0.0 
0.0916666667 0.0 
0.1083333333 0.0 
0.125 0.0 
0.1416666667 0.0 
0.1583333333 0.0 
0.175 0.0 
0.1916666667 0.0 
0.2083333333 0.0 
0.225 0.0 
0.2416666667 0.0 
0.2583333333 0.0 
0.275 0.0 
0.2916666667 0.0 
0.3083333333 0.0 
0.325 0.0 
0.3416666667 0.0 
0.3583333333 0.0 
0.375 0.0 
0.3916666667 0.0 
0.4083333333 0.0 
0.425 0.0 
0.4416666667 0.0 
0.4583333333 0.0 
0.475 0.0 
0.4916666667 0.0 
0.5083333333 0.0 
0.525 0.0 
0.5416666667 0.0 
0.5583333333 0.0 
0.575 0.0 
0.5916666667 0.0 
0.6083333333 0.0 
0.625 0.0 
0.6416666667 0.0 
0.6583333333 0.0 
0.675 0.0 
0.6916666667 0.0 
0.7083333333 0.0 
0.725 0.0 
0.7416666667 0.0 
0.7583333333 0.0 
0.775 0.0 
0.7916666667 0.0 
0.8083333333 0.0 
0.825 0.0 
0.8416666667 0.0 
0.8583333333 0.0017047055 
0.875 0.0131230782 
0.8916666667 0.0821411169 
0.9083333333 0.2070194677 
0.925 0.5724589632 
0.9416666667 1.0268505547 
0.9583333333 1.5658001102 
0.975 2.1310298264 
0.9916666667 2.6462024373 
1.0083333333 3.0794922102 
1.025 3.2634751875 
1.0416666667 3.2802580846 
1.0583333333 3.2439150745 
1.075 3.207144658 
1.0916666667 2.885492012 
1.1083333333 2.5877251033 
1.125 2.4530728497 
1.1416666667 2.1092806756 
1.1583333333 1.7981575105 
1.175 1.4773315664 
1.1916666667 1.3310513347 
1.2083333333 1.0933019438 
1.225 0.867073366 
1.2416666667 0.7942605968 
1.2583333333 0.6305860291 
1.275 0.5593542986 
1.2916666667 0.4516679641 
1.3083333333 0.4116187438 
1.325 0.3641289988 
1.3416666667 0.3565340584 
1.3583333333 0.3668981883 
1.375 0.3520790011 
1.3916666667 0.3715813844 
1.4083333333 0.4172961676 
1.425 0.4496501047 
1.4416666667 0.4798007459 
1.4583333333 0.5102351545 
1.475 0.5443747824 
1.4916666667 0.5644518223 
1.5083333333 0.5807532258 
1.525 0.6415749488 
1.5416666667 0.6193232506 
1.5583333333 0.592699723 
1.575 0.6004743871 
1.5916666667 0.6350616487 
1.6083333333 0.6001190676 
1.625 0.6092752821 
1.6416666667 0.5573557124 
1.6583333333 0.6558161254 
1.675 0.6670033726 
1.6916666667 0.7043960428 
1.7083333333 0.8138002548 
1.725 0.8656833217 
1.7416666667 1.0069435949 
1.7583333333 1.1378431678 
1.775 1.2485237703 
1.7916666667 1.4014673661 
1.8083333333 1.5270782558 
1.825 1.6282791036 
1.8416666667 1.6730009005 
1.8583333333 1.7031346321 
1.875 1.7322945851 
1.8916666667 1.6797924696 
1.9083333333 1.6174712762 
1.925 1.5587418522 
1.9416666667 1.4804611021 
1.9583333333 1.3928184028 
1.975 1.2654084801 
1.9916666667 1.2025249161 
2.0083333333 1.1244195043 
2.025 1.0637198019 
2.0416666667 1.0027350522 
2.0583333333 0.9296452062 
2.075 0.9001862027 
2.0916666667 0.8973806328 
2.1083333333 0.8832489487 
2.125 0.8608262972 
2.1416666667 0.8411825066 
2.1583333333 0.846574965 
2.175 0.8140038711 
2.1916666667 0.827294895 
2.2083333333 0.8243835636 
2.225 0.8133480394 
2.2416666667 0.8285418155 
2.2583333333 0.8222678795 
2.275 0.8607388617 
2.2916666667 0.871940443 
2.3083333333 0.9053579965 
2.325 0.9379635088 
2.3416666667 0.9732170692 
2.3583333333 0.9545419704 
2.375 1.0015333336 
2.3916666667 1.0181435267 
2.4083333333 1.0324672566 
2.425 1.0341286188 
2.4416666667 1.0345952178 
2.4583333333 1.0193674829 
2.475 0.9601676674 
2.4916666667 0.961324245 
2.5083333333 0.9068711944 
2.525 0.8665718709 
2.5416666667 0.82083233 
2.5583333333 0.7938614141 
2.575 0.7627823126 
2.5916666667 0.7041991563 
2.6083333333 0.7162737449 
2.625 0.7225177799 
2.6416666667 0.7283677342 
2.6583333333 0.7439673815 
2.675 0.7829936013 
2.6916666667 0.8343473462 
2.7083333333 0.9013329495 
2.725 0.9498777163 
2.7416666667 1.0399534743 
2.7583333333 1.1342273077 
2.775 1.2139357627 
2.7916666667 1.2892482259 
2.8083333333 1.3880132267 
2.825 1.4280242364 
2.8416666667 1.4694923893 
2.8583333333 1.4591694165 
2.875 1.4514175392 
2.8916666667 1.4215169393 
2.9083333333 1.3838892297 
2.925 1.3226558055 
2.9416666667 1.2733125404 
2.9583333333 1.1770620823 
2.975 1.126447579 
2.9916666667 1.0530288371 
3.0083333333 0.9857431312 
3.025 0.9058724386 
3.0416666667 0.8661065494 
3.0583333333 0.8068753727 
3.075 0.7819476878 
3.0916666667 0.7693349952 
3.1083333333 0.7523973856 
3.125 0.7770601105 
3.1416666667 0.8035762554 
3.1583333333 0.8211808749 
3.175 0.8659071295 
3.1916666667 0.9152050023 
3.2083333333 0.9387873 
3.225 0.9641288778 
3.2416666667 1.0018090639 
3.2583333333 1.0124073278 
3.275 1.0248462833 
3.2916666667 1.0287520227 
3.3083333333 1.0435433078 
3.325 1.0267461801 
3.3416666667 1.0373373676 
3.3583333333 1.015039981 
3.375 0.982546186 
3.3916666667 0.9837223942 
3.4083333333 0.9667732909 
3.425 0.9523550985 
3.4416666667 0.9507879681 
3.4583333333 0.9124524103 
3.475 0.9189059653 
3.4916666667 0.8857395348 
3.5083333333 0.8862214835 
3.525 0.8768501874 
3.5416666667 0.8630097031 
3.5583333333 0.873890109 
3.575 0.8705762001 
3.5916666667 0.8678701867 
3.6083333333 0.8672026302 
3.625 0.8663194748 
3.6416666667 0.8950588492 
3.6583333333 0.9101953809 
3.675 0.9173955428 
3.6916666667 0.9568682037 
3.7083333333 0.9869193628 
3.725 1.0279815367 
3.7416666667 1.0517677963 
3.7583333333 1.0902973984 
3.775 1.1348933356 
3.7916666667 1.1665216834 
3.8083333333 1.2323662182 
3.825 1.2438837285 
3.8416666667 1.2849407805 
3.8583333333 1.3017893919 
3.875 1.3210614449 
3.8916666667 1.3231218551 
3.9083333333 1.3187680088 
3.925 1.2704978434 
3.9416666667 1.2708511863 
3.9583333333 1.2303528645 
3.975 1.1804721981 
3.9916666667 1.118216142 
4.0083333333 1.0557799895 
4.025 1.0165096784 
4.0416666667 0.9658554971 
4.0583333333 0.9030337531 
4.075 0.877358575 
4.0916666667 0.8574723114 
4.1083333333 0.8299915396 
4.125 0.8337793877 
4.1416666667 0.8299379437 
4.1583333333 0.8028885179 
4.175 0.8305728376 
4.1916666667 0.824767334 
4.2083333333 0.8396645887 
4.225 0.8168704716 
4.2416666667 0.839643162 
4.2583333333 0.8293433347 
4.275 0.8557389329 
4.2916666667 0.8329442354 
4.3083333333 0.8327373274 
4.325 0.8381488952 
4.3416666667 0.8473840794 
4.3583333333 0.8606193222 
4.375 0.8631299071 
4.3916666667 0.8764527357 
4.4083333333 0.8869000134 
4.425 0.9207698724 
4.4416666667 0.9325894773 
4.4583333333 0.9580449412 
4.475 0.9748173115 
4.4916666667 0.9954857648 
4.5083333333 1.0203952201 
4.525 1.0454634034 
4.5416666667 1.0650220694 
4.5583333333 1.0816076642 
4.575 1.1000839507 
4.5916666667 1.1263656007 
4.6083333333 1.137808616 
4.625 1.151582487 
4.6416666667 1.1804609637 
4.6583333333 1.1893925302 
4.675 1.2010977191 
4.6916666667 1.2167150693 
4.7083333333 1.2101560009 
4.725 1.1964582346 
4.7416666667 1.2106301111 
4.7583333333 1.1997789545 
4.775 1.1645921091 
4.7916666667 1.1641629435 
4.8083333333 1.1440467329 
4.825 1.1022231392 
4.8416666667 1.0850037508 
4.8583333333 1.0725704306 
4.875 1.0469638882 
4.8916666667 1.0153822587 
4.9083333333 0.9912425636 
4.925 0.9726356032 
4.9416666667 0.9616113686 
4.9583333333 0.9439186738 
4.975 0.9278619293 
4.9916666667 0.9200632097 
