# Radial distribution function (300 data points):
# "Pair separation distance" g(r)
0.0083333333 0.0 
0.025 0.0 
0.0416666667 0.0 
0.0583333333 0.0 
0.075 0.0 
0.0916666667 0.0 
0.1083333333 0.0 
0.125 0.0 
0.1416666667 0.0 
0.1583333333 0.0 
0.175 0.0 
0.1916666667 0.0 
0.2083333333 0.0 
0.225 0.0 
0.2416666667 0.0 
0.2583333333 0.0 
0.275 0.0 
0.2916666667 0.0 
0.3083333333 0.0 
0.325 0.0 
0.3416666667 0.0 
0.3583333333 0.0 
0.375 0.0 
0.3916666667 0.0 
0.4083333333 0.0 
0.425 0.0 
0.4416666667 0.0 
0.4583333333 0.0 
0.475 0.0 
0.4916666667 0.0 
0.5083333333 0.0 
0.525 0.0 
0.5416666667 0.0 
0.5583333333 0.0 
0.575 0.0 
0.5916666667 0.0 
0.6083333333 0.0 
0.625 0.0 
0.6416666667 0.0 
0.6583333333 0.0 
0.675 0.0 
0.6916666667 0.0 
0.7083333333 0.0 
0.725 0.0 
0.7416666667 0.0 
0.7583333333 0.0 
0.775 0.0 
0.7916666667 0.0 
0.8083333333 0.0 
0.825 0.0 
0.8416666667 0.0 
0.8583333333 0.0051141165 
0.875 0.0114826935 
0.8916666667 0.0884596643 
0.9083333333 0.243552315 
0.925 0.5797981807 
0.9416666667 1.008438062 
0.9583333333 1.5972528635 
0.975 2.2182263351 
0.9916666667 2.6589736846 
1.0083333333 3.0782569546 
1.025 3.244348593 
1.0416666667 3.3034074006 
1.0583333333 3.2394298825 
1.075 3.0549927597 
1.0916666667 2.8559836934 
1.1083333333 2.6817870194 
1.125 2.281397444 
1.1416666667 2.0765188926 
1.1583333333 1.7382501285 
1.175 1.5855843105 
1.1916666667 1.3169006228 
1.2083333333 1.1268493678 
1.225 0.9474199328 
1.2416666667 0.7429391429 
1.2583333333 0.632965599 
1.275 0.5493106441 
1.2916666667 0.4697346826 
1.3083333333 0.4372990576 
1.325 0.3956057688 
1.3416666667 0.3460682837 
1.3583333333 0.3573683652 
1.375 0.3740009011 
1.3916666667 0.3715813844 
1.4083333333 0.4128635832 
1.425 0.4471761013 
1.4416666667 0.4900735578 
1.4583333333 0.5167312039 
1.475 0.5339837473 
1.4916666667 0.5633229186 
1.5083333333 0.5846175534 
1.525 0.5918906935 
1.5416666667 0.6335909364 
1.5583333333 0.6061466626 
1.575 0.6328777267 
1.5916666667 0.5810243968 
1.6083333333 0.6161416641 
1.625 0.5892990433 
1.6416666667 0.6225980199 
1.6583333333 0.6320679091 
1.675 0.6835665436 
1.6916666667 0.7144901917 
1.7083333333 0.8017503304 
1.725 0.8914301197 
1.7416666667 1.02184901 
1.7583333333 1.1374369403 
1.775 1.2744350235 
1.7916666667 1.3987285968 
1.8083333333 1.5074904814 
1.825 1.5751092672 
1.8416666667 1.6485613123 
1.8583333333 1.6351256258 
1.875 1.6740631936 
1.8916666667 1.6889179615 
1.9083333333 1.6188507826 
1.925 1.5411174607 
1.9416666667 1.533429895 
1.9583333333 1.3836486602 
1.975 1.265730467 
1.9916666667 1.2322872495 
2.0083333333 1.1549354587 
2.025 1.0588192787 
2.0416666667 1.0184027874 
2.0583333333 0.956325075 
2.075 0.9089372027 
2.0916666667 0.9134565495 
2.1083333333 0.883531498 
2.125 0.8680577944 
2.1416666667 0.8587071421 
2.1583333333 0.827163055 
2.175 0.8232961527 
2.1916666667 0.8011477744 
2.2083333333 0.8045530312 
2.225 0.8273012964 
2.2416666667 0.8102964 
2.2583333333 0.862162278 
2.275 0.8600108616 
2.2916666667 0.8992035287 
2.3083333333 0.8964010572 
2.325 0.9240230058 
2.3416666667 0.9482510394 
2.3583333333 0.9755432487 
2.375 0.9745912408 
2.3916666667 1.0084824711 
2.4083333333 1.0578025479 
2.425 1.0149068973 
2.4416666667 0.9791892837 
2.4583333333 1.0168736175 
2.475 0.9673438084 
2.4916666667 0.9293610231 
2.5083333333 0.8859111514 
2.525 0.8712997011 
2.5416666667 0.808389585 
2.5583333333 0.8021128139 
2.575 0.7767991716 
2.5916666667 0.755995005 
2.6083333333 0.7284577828 
2.625 0.7427497359 
2.6416666667 0.731787301 
2.6583333333 0.7553419426 
2.675 0.7843977593 
2.6916666667 0.843708401 
2.7083333333 0.9140036634 
2.725 0.9821830304 
2.7416666667 1.0596698158 
2.7583333333 1.1444619305 
2.775 1.2013772441 
2.7916666667 1.3093927294 
2.8083333333 1.3539339667 
2.825 1.3951327811 
2.8416666667 1.4446068281 
2.8583333333 1.446410139 
2.875 1.4429083912 
2.8916666667 1.388171973 
2.9083333333 1.3880468368 
2.925 1.3138478867 
2.9416666667 1.2480581939 
2.9583333333 1.2020326751 
2.975 1.1316980906 
2.9916666667 1.0293132356 
3.0083333333 0.9696448342 
3.025 0.9061469454 
3.0416666667 0.8564680596 
3.0583333333 0.832388157 
3.075 0.8067861824 
3.0916666667 0.7915412487 
3.1083333333 0.7889253167 
3.125 0.8068975726 
3.1416666667 0.8000132886 
3.1583333333 0.8439704699 
3.175 0.8718874953 
3.1916666667 0.8920258914 
3.2083333333 0.9223152067 
3.225 0.9635250897 
3.2416666667 0.9830445658 
3.2583333333 1.0100413374 
3.275 1.0092721796 
3.2916666667 1.0230721524 
3.3083333333 1.0491660945 
3.325 1.0214068273 
3.3416666667 1.0223784747 
3.3583333333 1.0153740589 
3.375 0.9990855113 
3.3916666667 0.9627596084 
3.4083333333 0.9532587906 
3.425 0.9426120615 
3.4416666667 0.9383822368 
3.4583333333 0.9303045118 
3.475 0.910585368 
3.4916666667 0.888211941 
3.5083333333 0.8996908255 
3.525 0.8889795272 
3.5416666667 0.859805583 
3.5583333333 0.8865868098 
3.575 0.8696917678 
3.5916666667 0.8562843047 
3.6083333333 0.8762701549 
3.625 0.9145863917 
3.6416666667 0.8981841208 
3.6583333333 0.9008109559 
3.675 0.9327397156 
3.6916666667 0.9607388061 
3.7083333333 0.9890199686 
3.725 1.0225506226 
3.7416666667 1.0541899842 
3.7583333333 1.0953656541 
3.775 1.1406220043 
3.7916666667 1.172200101 
3.8083333333 1.2026633432 
3.825 1.2480042543 
3.8416666667 1.2976208372 
3.8583333333 1.3189159795 
3.875 1.304165509 
3.8916666667 1.2979945645 
3.9083333333 1.3065168439 
3.925 1.2818299276 
3.9416666667 1.2449022498 
3.9583333333 1.2019767544 
3.975 1.1476437679 
3.9916666667 1.1181373167 
4.0083333333 1.0483537271 
4.025 1.0094548904 
4.0416666667 0.9661630454 
4.0583333333 0.9094393294 
4.075 0.9003514204 
4.0916666667 0.8811034381 
4.1083333333 0.8501571938 
4.125 0.8390938456 
4.1416666667 0.8274484959 
4.1583333333 0.8152361792 
4.175 0.8175309634 
4.1916666667 0.8315581901 
4.2083333333 0.8339911793 
4.225 0.8357971001 
4.2416666667 0.8149313497 
4.2583333333 0.8283736665 
4.275 0.8245386859 
4.2916666667 0.833830709 
4.3083333333 0.8449167959 
4.325 0.8468103714 
4.3416666667 0.8573117589 
4.3583333333 0.861082163 
4.375 0.8709383652 
4.3916666667 0.8763876155 
4.4083333333 0.8897436773 
4.425 0.9195511592 
4.4416666667 0.9312525684 
4.4583333333 0.9581713156 
4.475 0.9891796073 
4.4916666667 1.0140993752 
4.5083333333 1.0195301118 
4.525 1.0419057363 
4.5416666667 1.0730595123 
4.5583333333 1.0889215419 
4.575 1.1070446084 
4.5916666667 1.1215999328 
4.6083333333 1.1384591641 
4.625 1.1618576583 
4.6416666667 1.1685106181 
4.6583333333 1.1944279146 
4.675 1.1905814337 
4.6916666667 1.1972010685 
4.7083333333 1.212025624 
4.725 1.1984834601 
4.7416666667 1.1966647398 
4.7583333333 1.173818598 
4.775 1.1662446378 
4.7916666667 1.148955853 
4.8083333333 1.1282930029 
4.825 1.1154405377 
4.8416666667 1.08720044 
4.8583333333 1.0721447441 
4.875 1.0361301293 
4.8916666667 1.0270871046 
4.9083333333 0.9857686775 
4.925 0.9903961448 
4.9416666667 0.9709204373 
4.9583333333 0.9315047409 
4.975 0.9293842622 
4.9916666667 0.9234404209 
