# Radial distribution function (300 data points):
# "Pair separation distance" g(r)
0.0083333333 0.0 
0.025 0.0 
0.0416666667 0.0 
0.0583333333 0.0 
0.075 0.0 
0.0916666667 0.0 
0.1083333333 0.0 
0.125 0.0 
0.1416666667 0.0 
0.1583333333 0.0 
0.175 0.0 
0.1916666667 0.0 
0.2083333333 0.0 
0.225 0.0 
0.2416666667 0.0 
0.2583333333 0.0 
0.275 0.0 
0.2916666667 0.0 
0.3083333333 0.0 
0.325 0.0 
0.3416666667 0.0 
0.3583333333 0.0 
0.375 0.0 
0.3916666667 0.0 
0.4083333333 0.0 
0.425 0.0 
0.4416666667 0.0 
0.4583333333 0.0 
0.475 0.0 
0.4916666667 0.0 
0.5083333333 0.0 
0.525 0.0 
0.5416666667 0.0 
0.5583333333 0.0 
0.575 0.0 
0.5916666667 0.0 
0.6083333333 0.0 
0.625 0.0 
0.6416666667 0.0 
0.6583333333 0.0 
0.675 0.0 
0.6916666667 0.0 
0.7083333333 0.0 
0.725 0.0 
0.7416666667 0.0 
0.7583333333 0.0 
0.775 0.0 
0.7916666667 0.0 
0.8083333333 0.0 
0.825 0.0 
0.8416666667 0.0 
0.8583333333 0.0051141165 
0.875 0.0196846174 
0.8916666667 0.0868800275 
0.9083333333 0.2481189209 
0.925 0.5357628758 
0.9416666667 1.0112707532 
0.9583333333 1.5781077093 
0.975 2.2459706788 
0.9916666667 2.6104429449 
1.0083333333 3.0621986318 
1.025 3.2001183432 
1.0416666667 3.3728553488 
1.0583333333 3.3257698275 
1.075 3.1180271176 
1.0916666667 2.8802226694 
1.1083333333 2.5713665092 
1.125 2.3270452398 
1.1416666667 2.1006084389 
1.1583333333 1.7307617058 
1.175 1.5537452681 
1.1916666667 1.2691419703 
1.2083333333 1.0941621342 
1.225 0.8762797435 
1.2416666667 0.7706364355 
1.2583333333 0.6908684671 
1.275 0.5562639433 
1.2916666667 0.4697346826 
1.3083333333 0.4299618251 
1.325 0.3848750518 
1.3416666667 0.3997925939 
1.3583333333 0.353964857 
1.375 0.4005729012 
1.3916666667 0.3910359071 
1.4083333333 0.4223619785 
1.425 0.4317135806 
1.4416666667 0.459255122 
1.4583333333 0.4996052555 
1.475 0.5212835933 
1.4916666667 0.5475182676 
1.5083333333 0.5945543956 
1.525 0.6091721736 
1.5416666667 0.6087545945 
1.5583333333 0.591665343 
1.575 0.5868042282 
1.5916666667 0.6310956119 
1.6083333333 0.6234246625 
1.625 0.6035677853 
1.6416666667 0.6202679375 
1.6583333333 0.6439420173 
1.675 0.6661080661 
1.6916666667 0.7267787208 
1.7083333333 0.8060538748 
1.725 0.9121119738 
1.7416666667 1.0400667395 
1.7583333333 1.1882153752 
1.775 1.2943667568 
1.7916666667 1.3654721127 
1.8083333333 1.5028815933 
1.825 1.54343362 
1.8416666667 1.6530048738 
1.8583333333 1.6289429889 
1.875 1.707287239 
1.8916666667 1.6615414858 
1.9083333333 1.5843631221 
1.925 1.5329831262 
1.9416666667 1.4774628686 
1.9583333333 1.3577768864 
1.975 1.3272299631 
1.9916666667 1.2151897388 
2.0083333333 1.1378091578 
2.025 1.0490182325 
2.0416666667 1.0265379575 
2.0583333333 0.9664041365 
2.075 0.9386906028 
2.0916666667 0.905992731 
2.1083333333 0.8809885547 
2.125 0.8458070338 
2.1416666667 0.8658265253 
2.1583333333 0.8117952929 
2.175 0.8355088657 
2.1916666667 0.8646852774 
2.2083333333 0.8485922656 
2.225 0.8095426056 
2.2416666667 0.8497864775 
2.2583333333 0.8382748913 
2.275 0.8466641919 
2.2916666667 0.8915507327 
2.3083333333 0.9263360912 
2.325 0.905900352 
2.3416666667 0.9180169483 
2.3583333333 0.9730592265 
2.375 0.9859469989 
2.3916666667 1.0010171099 
2.4083333333 1.0056161786 
2.425 1.0322064467 
2.4416666667 1.0051015647 
2.4583333333 0.9784265258 
2.475 0.9679589062 
2.4916666667 0.9281472298 
2.5083333333 0.8797229482 
2.525 0.8738606091 
2.5416666667 0.8309420602 
2.5583333333 0.8051831022 
2.575 0.7726319973 
2.5916666667 0.7473935283 
2.6083333333 0.7179352046 
2.625 0.7274390665 
2.6416666667 0.7494250668 
2.6583333333 0.7834228901 
2.675 0.7831691211 
2.6916666667 0.8624305106 
2.7083333333 0.9379752844 
2.725 1.0122895535 
2.7416666667 1.0653507956 
2.7583333333 1.1324114875 
2.775 1.1994200724 
2.7916666667 1.278289616 
2.8083333333 1.3518637313 
2.825 1.3858476334 
2.8416666667 1.42734247 
2.8583333333 1.4290390746 
2.875 1.4108471369 
2.8916666667 1.4234695724 
2.9083333333 1.3556768956 
2.925 1.3258853757 
2.9416666667 1.2432685765 
2.9583333333 1.2027502209 
2.975 1.1065807787 
2.9916666667 1.0422235039 
3.0083333333 0.9836614549 
3.025 0.9051861716 
3.0416666667 0.8837544885 
3.0583333333 0.8338652129 
3.075 0.8013403093 
3.0916666667 0.8029728703 
3.1083333333 0.7965948823 
3.125 0.7915930123 
3.1416666667 0.805866734 
3.1583333333 0.8482513883 
3.175 0.8748776782 
3.1916666667 0.8981905486 
3.2083333333 0.9191428036 
3.225 0.9701667591 
3.2416666667 0.9917694598 
3.2583333333 1.0060191535 
3.275 1.0242607907 
3.2916666667 1.0198265122 
3.3083333333 1.0220849179 
3.325 1.0183395396 
3.3416666667 1.0085443105 
3.3583333333 1.0116992021 
3.375 0.9795691074 
3.3916666667 0.9768439801 
3.4083333333 0.9527182106 
3.425 0.9592073443 
3.4416666667 0.9270368244 
3.4583333333 0.9288343387 
3.475 0.9039288902 
3.4916666667 0.8892421103 
3.5083333333 0.8887724952 
3.525 0.8885752159 
3.5416666667 0.8727221919 
3.5583333333 0.8669466008 
3.575 0.8764724155 
3.5916666667 0.8850056088 
3.6083333333 0.8923794807 
3.625 0.8973823421 
3.6416666667 0.9028246756 
3.6583333333 0.9264304361 
3.675 0.9331116956 
3.6916666667 0.9544721165 
3.7083333333 1.0023542483 
3.725 1.028072052 
3.7416666667 1.0765279389 
3.7583333333 1.1067470003 
3.775 1.1321612013 
3.7916666667 1.1722874612 
3.8083333333 1.2209353742 
3.825 1.2385613827 
3.8416666667 1.2735372396 
3.8583333333 1.2833972929 
3.875 1.2977249789 
3.8916666667 1.290116371 
3.9083333333 1.2766700463 
3.925 1.2497087681 
3.9416666667 1.2285730125 
3.9583333333 1.2115957748 
3.975 1.1633028496 
3.9916666667 1.1170337621 
4.0083333333 1.0582032961 
4.025 1.0028652532 
4.0416666667 0.991689556 
4.0583333333 0.9407808995 
4.075 0.9051163851 
4.0916666667 0.8712008707 
4.1083333333 0.8470318895 
4.125 0.8275791869 
4.1416666667 0.8423851824 
4.1583333333 0.8244606085 
4.175 0.8245923096 
4.1916666667 0.8201924416 
4.2083333333 0.8215096786 
4.225 0.8134228701 
4.2416666667 0.8182821039 
4.2583333333 0.8457584316 
4.275 0.8328541702 
4.2916666667 0.8383994576 
4.3083333333 0.8395713625 
4.325 0.8562775663 
4.3416666667 0.8561124419 
4.3583333333 0.8569827163 
4.375 0.87421923 
4.3916666667 0.8890209338 
4.4083333333 0.8917471679 
4.425 0.9341115745 
4.4416666667 0.9361545678 
4.4583333333 0.9559597622 
4.475 0.9787057933 
4.4916666667 0.9940539486 
4.5083333333 1.023546686 
4.525 1.0506158867 
4.5416666667 1.0798791608 
4.5583333333 1.0837232487 
4.575 1.1134052094 
4.5916666667 1.1290462888 
4.6083333333 1.1310074314 
4.625 1.1730722739 
4.6416666667 1.1602911121 
4.6583333333 1.1919970394 
4.675 1.1890873166 
4.6916666667 1.1925793314 
4.7083333333 1.1830747945 
4.725 1.1865008757 
4.7416666667 1.1780628651 
4.7583333333 1.1871870721 
4.775 1.1636556761 
4.7916666667 1.1478618178 
4.8083333333 1.1314437489 
4.825 1.1033021105 
4.8416666667 1.0865575066 
4.8583333333 1.0682071437 
4.875 1.0263533226 
4.8916666667 1.0334381645 
4.9083333333 0.9951524822 
4.925 0.9902408047 
4.9416666667 0.9879956352 
4.9583333333 0.9371242167 
4.975 0.9336467945 
4.9916666667 0.9231883902 
