# Radial distribution function (300 data points):
# "Pair separation distance" g(r)
0.0083333333 0.0 
0.025 0.0 
0.0416666667 0.0 
0.0583333333 0.0 
0.075 0.0 
0.0916666667 0.0 
0.1083333333 0.0 
0.125 0.0 
0.1416666667 0.0 
0.1583333333 0.0 
0.175 0.0 
0.1916666667 0.0 
0.2083333333 0.0 
0.225 0.0 
0.2416666667 0.0 
0.2583333333 0.0 
0.275 0.0 
0.2916666667 0.0 
0.3083333333 0.0 
0.325 0.0 
0.3416666667 0.0 
0.3583333333 0.0 
0.375 0.0 
0.3916666667 0.0 
0.4083333333 0.0 
0.425 0.0 
0.4416666667 0.0 
0.4583333333 0.0 
0.475 0.0 
0.4916666667 0.0 
0.5083333333 0.0 
0.525 0.0 
0.5416666667 0.0 
0.5583333333 0.0 
0.575 0.0 
0.5916666667 0.0 
0.6083333333 0.0 
0.625 0.0 
0.6416666667 0.0 
0.6583333333 0.0 
0.675 0.0 
0.6916666667 0.0 
0.7083333333 0.0 
0.725 0.0 
0.7416666667 0.0 
0.7583333333 0.0 
0.775 0.0 
0.7916666667 0.0 
0.8083333333 0.0 
0.825 0.0 
0.8416666667 0.0 
0.8583333333 0.0 
0.875 0.0213250021 
0.8916666667 0.0789818431 
0.9083333333 0.2572521327 
0.925 0.5181487539 
0.9416666667 0.9447025103 
0.9583333333 1.5548600221 
0.975 2.247291838 
0.9916666667 2.6078886955 
1.0083333333 2.934967305 
1.025 3.2849926063 
1.0416666667 3.360123225 
1.0583333333 3.4053819845 
1.075 3.1049855263 
1.0916666667 2.8570375619 
1.1083333333 2.6736077223 
1.125 2.3617772583 
1.1416666667 2.1092806756 
1.1583333333 1.8421519941 
1.175 1.543738712 
1.1916666667 1.248800322 
1.2083333333 1.122548416 
1.225 0.9164530269 
1.2416666667 0.7584170417 
1.2583333333 0.6274132692 
1.275 0.5516284105 
1.2916666667 0.4689819027 
1.3083333333 0.3874058765 
1.325 0.3576905686 
1.3416666667 0.3390911006 
1.3583333333 0.3587297685 
1.375 0.3573934011 
1.3916666667 0.3942783276 
1.4083333333 0.4020987351 
1.425 0.4317135806 
1.4416666667 0.4761750475 
1.4583333333 0.5291327528 
1.475 0.5484157405 
1.4916666667 0.5605006595 
1.5083333333 0.5735766175 
1.525 0.6097122198 
1.5416666667 0.6129820569 
1.5583333333 0.6511421913 
1.575 0.6207264743 
1.5916666667 0.5978800533 
1.6083333333 0.6054599331 
1.625 0.570274054 
1.6416666667 0.6137437068 
1.6583333333 0.5964455848 
1.675 0.6790900109 
1.6916666667 0.7443337623 
1.7083333333 0.7948646593 
1.725 0.9002937715 
1.7416666667 0.989553944 
1.7583333333 1.1130632916 
1.775 1.2337742877 
1.7916666667 1.415943718 
1.8083333333 1.4913593731 
1.825 1.6241311022 
1.8416666667 1.668557339 
1.8583333333 1.7256830726 
1.875 1.7147894429 
1.8916666667 1.7064669843 
1.9083333333 1.6560974559 
1.925 1.5482350034 
1.9416666667 1.4801279651 
1.9583333333 1.4167252317 
1.975 1.2753900737 
1.9916666667 1.237036558 
2.0083333333 1.0954604863 
2.025 1.06463865 
2.0416666667 0.944884953 
2.0583333333 0.9349811799 
2.075 0.9010613027 
2.0916666667 0.9039832414 
2.1083333333 0.882401301 
2.125 0.8438600923 
2.1416666667 0.8332416561 
2.1583333333 0.870031023 
2.175 0.8235616465 
2.1916666667 0.8306940207 
2.2083333333 0.8243835636 
2.225 0.8273012964 
2.2416666667 0.8162948928 
2.2583333333 0.8294094694 
2.275 0.8619521953 
2.2916666667 0.87768004 
2.3083333333 0.8966367662 
2.325 0.8970713667 
2.3416666667 0.9526029162 
2.3583333333 0.9881891797 
2.375 1.0030919671 
2.3916666667 1.0253893185 
2.4083333333 1.0456762546 
2.425 1.0537774897 
2.4416666667 0.9998348409 
2.4583333333 1.0112624203 
2.475 0.9843615142 
2.4916666667 0.966179418 
2.5083333333 0.878325612 
2.525 0.8604650903 
2.5416666667 0.8194714047 
2.5583333333 0.7765910426 
2.575 0.7425146922 
2.5916666667 0.7498243804 
2.6083333333 0.7162737449 
2.625 0.7214241606 
2.6416666667 0.7157693301 
2.6583333333 0.748943752 
2.675 0.7898388716 
2.6916666667 0.8438817539 
2.7083333333 0.8982508839 
2.725 0.974402693 
2.7416666667 1.0463028046 
2.7583333333 1.1195356718 
2.775 1.2059439782 
2.7916666667 1.3118100699 
2.8083333333 1.3510674869 
2.825 1.407408061 
2.8416666667 1.4637376033 
2.8583333333 1.4768479334 
2.875 1.457191604 
2.8916666667 1.4324817255 
2.9083333333 1.3849286315 
2.925 1.3750629223 
2.9416666667 1.2612659269 
2.9583333333 1.1872512323 
2.975 1.1167979903 
2.9916666667 1.0427848199 
3.0083333333 0.9840777901 
3.025 0.8954411802 
3.0416666667 0.8430284752 
3.0583333333 0.8185575423 
3.075 0.7697276798 
3.0916666667 0.7740653214 
3.1083333333 0.7664365904 
3.125 0.7856769638 
3.1416666667 0.7998860398 
3.1583333333 0.8184108689 
3.175 0.8746284963 
3.1916666667 0.8920258914 
3.2083333333 0.9348828038 
3.225 0.9660609998 
3.2416666667 0.9786223592 
3.2583333333 1.0206882945 
3.275 1.0309354065 
3.2916666667 1.0417345835 
3.3083333333 1.0309207255 
3.325 1.0364024564 
3.3416666667 1.0303640491 
3.3583333333 1.016933089 
3.375 1.0010702303 
3.3916666667 0.9886355471 
3.4083333333 0.974557643 
3.425 0.9365092801 
3.4416666667 0.9335047698 
3.4583333333 0.9170729542 
3.475 0.9096493008 
3.4916666667 0.8930537366 
3.5083333333 0.8788745696 
3.525 0.889687072 
3.5416666667 0.8881420195 
3.5583333333 0.8681369165 
3.575 0.8599630125 
3.5916666667 0.87429597 
3.6083333333 0.8672990932 
3.625 0.8726276263 
3.6416666667 0.8882400748 
3.6583333333 0.8946172354 
3.675 0.9215803172 
3.6916666667 0.9394504929 
3.7083333333 0.9885633151 
3.725 1.0190205284 
3.7416666667 1.0427967301 
3.7583333333 1.0874520619 
3.775 1.1431778718 
3.7916666667 1.1917688014 
3.8083333333 1.2165189117 
3.825 1.2498069843 
3.8416666667 1.2862172963 
3.8583333333 1.3254122713 
3.875 1.3295930561 
3.8916666667 1.3182290823 
3.9083333333 1.3221391347 
3.925 1.302619003 
3.9416666667 1.2644649994 
3.9583333333 1.2121568843 
3.975 1.1644951655 
3.9916666667 1.1186102687 
4.0083333333 1.0341265719 
4.025 1.0188354327 
4.0416666667 0.9641639814 
4.0583333333 0.9258345546 
4.075 0.8833336894 
4.0916666667 0.8503454637 
4.1083333333 0.8441298211 
4.125 0.8213789861 
4.1416666667 0.8147816001 
4.1583333333 0.8301986393 
4.175 0.8107578354 
4.1916666667 0.8136160336 
4.2083333333 0.8188148092 
4.225 0.8251728588 
4.2416666667 0.8362924078 
4.2583333333 0.8501219383 
4.275 0.8272876063 
4.2916666667 0.8499236144 
4.3083333333 0.8348349025 
4.325 0.8335831558 
4.3416666667 0.8580446748 
4.3583333333 0.8519575881 
4.375 0.8608333017 
4.3916666667 0.8822484333 
4.4083333333 0.9024109077 
4.425 0.9219885856 
4.4416666667 0.9267962052 
4.4583333333 0.9528004002 
4.475 0.9807754692 
4.4916666667 1.000465995 
4.5083333333 1.0311472802 
4.525 1.0377960175 
4.5416666667 1.0711110413 
4.5583333333 1.0847508183 
4.575 1.0972036785 
4.5916666667 1.0975928809 
4.6083333333 1.1628251473 
4.625 1.1648521368 
4.6416666667 1.1695016224 
4.6583333333 1.1885822385 
4.675 1.1997760002 
4.6916666667 1.1999969341 
4.7083333333 1.2015444039 
4.725 1.1989897665 
4.7416666667 1.2087308206 
4.7583333333 1.1894613769 
4.775 1.1867910789 
4.7916666667 1.1592397847 
4.8083333333 1.1313894257 
4.825 1.1155484348 
4.8416666667 1.0958800414 
4.8583333333 1.0690053059 
4.875 1.036711453 
4.8916666667 1.0219957591 
4.9083333333 1.0107400243 
4.925 0.981697104 
4.9416666667 0.9653144236 
4.9583333333 0.9404959022 
4.975 0.9326826503 
4.9916666667 0.9143169101 
