# Radial distribution function (300 data points):
# "Pair separation distance" g(r)
0.0083333333 0.0 
0.025 0.0 
0.0416666667 0.0 
0.0583333333 0.0 
0.075 0.0 
0.0916666667 0.0 
0.1083333333 0.0 
0.125 0.0 
0.1416666667 0.0 
0.1583333333 0.0 
0.175 0.0 
0.1916666667 0.0 
0.2083333333 0.0 
0.225 0.0 
0.2416666667 0.0 
0.2583333333 0.0 
0.275 0.0 
0.2916666667 0.0 
0.3083333333 0.0 
0.325 0.0 
0.3416666667 0.0 
0.3583333333 0.0 
0.375 0.0 
0.3916666667 0.0 
0.4083333333 0.0 
0.425 0.0 
0.4416666667 0.0 
0.4583333333 0.0 
0.475 0.0 
0.4916666667 0.0 
0.5083333333 0.0 
0.525 0.0 
0.5416666667 0.0 
0.5583333333 0.0 
0.575 0.0 
0.5916666667 0.0 
0.6083333333 0.0 
0.625 0.0 
0.6416666667 0.0 
0.6583333333 0.0 
0.675 0.0 
0.6916666667 0.0 
0.7083333333 0.0 
0.725 0.0 
0.7416666667 0.0 
0.7583333333 0.0 
0.775 0.0 
0.7916666667 0.0 
0.8083333333 0.0 
0.825 0.0 
0.8416666667 0.0 
0.8583333333 0.0017047055 
0.875 0.0164038478 
0.8916666667 0.0868800275 
0.9083333333 0.2481189209 
0.925 0.5812660242 
0.9416666667 0.9546169294 
0.9583333333 1.6628933922 
0.975 2.0993220051 
0.9916666667 2.7100586738 
1.0083333333 3.0177294302 
1.025 3.1367614989 
1.0416666667 3.2594237001 
1.0583333333 3.197941857 
1.075 3.1843218733 
1.0916666667 3.0056330234 
1.1083333333 2.6725853102 
1.125 2.4034556805 
1.1416666667 2.0784460563 
1.1583333333 1.8084540917 
1.175 1.5473774597 
1.1916666667 1.3248603982 
1.2083333333 1.1285697485 
1.225 0.9139421966 
1.2416666667 0.7421245166 
1.2583333333 0.6401043088 
1.275 0.5091360259 
1.2916666667 0.4501624042 
1.3083333333 0.3962105555 
1.325 0.3491059949 
1.3416666667 0.3690929881 
1.3583333333 0.3471578405 
1.375 0.3779867011 
1.3916666667 0.3774177412 
1.4083333333 0.4141300359 
1.425 0.4459390997 
1.4416666667 0.4779878967 
1.4583333333 0.5309044027 
1.475 0.5455293418 
1.4916666667 0.5774342142 
1.5083333333 0.553702933 
1.525 0.6172728674 
1.5416666667 0.6076977289 
1.5583333333 0.6413155816 
1.575 0.5898420413 
1.5916666667 0.5973842987 
1.6083333333 0.6287655279 
1.625 0.605945909 
1.6416666667 0.6025593112 
1.6583333333 0.6343513915 
1.675 0.6280575381 
1.6916666667 0.7259009687 
1.7083333333 0.7931432415 
1.725 0.8825664679 
1.7416666667 0.9961785729 
1.7583333333 1.1646541814 
1.775 1.2584896369 
1.7916666667 1.4049886409 
1.8083333333 1.5155560356 
1.825 1.6067849144 
1.8416666667 1.6459692347 
1.8583333333 1.6856777748 
1.875 1.707287239 
1.8916666667 1.62644344 
1.9083333333 1.676100299 
1.925 1.5641647419 
1.9416666667 1.5027812853 
1.9583333333 1.4003506913 
1.975 1.3178923433 
1.9916666667 1.2082240863 
2.0083333333 1.1079159779 
2.025 1.0784213713 
2.0416666667 1.0048441704 
2.0583333333 0.9423922546 
2.075 0.9098123027 
2.0916666667 0.8881943947 
2.1083333333 0.8637530506 
2.125 0.8313440395 
2.1416666667 0.8299557869 
2.1583333333 0.8339033015 
2.175 0.8506420101 
2.1916666667 0.8176204604 
2.2083333333 0.8207780123 
2.225 0.833643686 
2.2416666667 0.7992991632 
2.2583333333 0.8456627428 
2.275 0.864864196 
2.2916666667 0.871940443 
2.3083333333 0.9032366162 
2.325 0.9196085132 
2.3416666667 0.9310725786 
2.3583333333 1.0008351107 
2.375 0.997525419 
2.3916666667 1.0337329575 
2.4083333333 1.0292191423 
2.425 1.0369050897 
2.4416666667 1.0242724392 
2.4583333333 1.0095998434 
2.475 0.9876420358 
2.4916666667 0.9346207938 
2.5083333333 0.9168521672 
2.525 0.8559342531 
2.5416666667 0.8317197318 
2.5583333333 0.8013452418 
2.575 0.7588045554 
2.5916666667 0.7114917126 
2.6083333333 0.7107355458 
2.625 0.7175964933 
2.6416666667 0.729087643 
2.6583333333 0.7368582809 
2.675 0.7987903788 
2.6916666667 0.854109573 
2.7083333333 0.8973947546 
2.725 0.9586728804 
2.7416666667 1.0424597889 
2.7583333333 1.144627005 
2.775 1.1829472104 
2.7916666667 1.3103596656 
2.8083333333 1.3499527447 
2.825 1.4141752025 
2.8416666667 1.4433625501 
2.8583333333 1.4502532949 
2.875 1.4696514279 
2.8916666667 1.4341339535 
2.9083333333 1.3916105001 
2.925 1.3385100593 
2.9416666667 1.2653298447 
2.9583333333 1.1812238478 
2.975 1.1180751418 
2.9916666667 1.0565370622 
3.0083333333 0.9746408574 
3.025 0.9109508144 
3.0416666667 0.8580971001 
3.0583333333 0.8005643155 
3.075 0.7869950824 
3.0916666667 0.7636848834 
3.1083333333 0.7864554566 
3.125 0.774230696 
3.1416666667 0.8136289116 
3.1583333333 0.8362899986 
3.175 0.8594283999 
3.1916666667 0.8986837211 
3.2083333333 0.9467183079 
3.225 0.9502417509 
3.2416666667 0.9912913834 
3.2583333333 1.0152465164 
3.275 1.0233240025 
3.2916666667 1.0495009368 
3.3083333333 1.0452645691 
3.325 1.0190211591 
3.3416666667 1.0137180629 
3.3583333333 1.0067993931 
3.375 1.0109938255 
3.3916666667 1.0030474623 
3.4083333333 0.972179091 
3.425 0.9539610936 
3.4416666667 0.9271428563 
3.4583333333 0.9128724597 
3.475 0.9063210619 
3.4916666667 0.8916114996 
3.5083333333 0.8785684482 
3.525 0.8642154585 
3.5416666667 0.8700187156 
3.5583333333 0.881825547 
3.575 0.859766472 
3.5916666667 0.8669939435 
3.6083333333 0.8788746567 
3.625 0.8745391873 
3.6416666667 0.9135263633 
3.6583333333 0.9040016604 
3.675 0.9219522972 
3.6916666667 0.9483897413 
3.7083333333 0.9833574662 
3.725 1.0205592874 
3.7416666667 1.0461160246 
3.7583333333 1.1033681632 
3.775 1.1482014736 
3.7916666667 1.1879249495 
3.8083333333 1.217731274 
3.825 1.2419951542 
3.8416666667 1.2784731006 
3.8583333333 1.2987521645 
3.875 1.3246581045 
3.8916666667 1.3071166832 
3.9083333333 1.3005145954 
3.925 1.2988688168 
3.9416666667 1.2534710575 
3.9583333333 1.2124775183 
3.975 1.1797568086 
3.9916666667 1.1104912596 
4.0083333333 1.0518714303 
4.025 1.017362455 
4.0416666667 0.9593969824 
4.0583333333 0.9276647193 
4.075 0.8975529491 
4.0916666667 0.8582975254 
4.1083333333 0.8434601131 
4.125 0.8291292371 
4.1416666667 0.8151476954 
4.1583333333 0.8097886815 
4.175 0.8191161636 
4.1916666667 0.8265544014 
4.2083333333 0.8317927332 
4.225 0.8310830328 
4.2416666667 0.8349660676 
4.2583333333 0.8376547761 
4.275 0.8294180197 
4.2916666667 0.839490502 
4.3083333333 0.847961663 
4.325 0.846407512 
4.3416666667 0.8532474068 
4.3583333333 0.851891468 
4.375 0.8502032998 
4.3916666667 0.8797087456 
4.4083333333 0.8905192221 
4.425 0.9180758749 
4.4416666667 0.9346903342 
4.4583333333 0.9501465361 
4.475 0.9714932867 
4.4916666667 0.9913770749 
4.5083333333 1.024782555 
4.525 1.0438685871 
4.5416666667 1.06490029 
4.5583333333 1.0903722284 
4.575 1.117305578 
4.5916666667 1.113260014 
4.6083333333 1.1527712222 
4.625 1.1611530751 
4.6416666667 1.1802860806 
4.6583333333 1.1974954477 
4.675 1.2098325573 
4.6916666667 1.2023933903 
4.7083333333 1.2165580434 
4.725 1.2013525296 
4.7416666667 1.186106919 
4.7583333333 1.1908481481 
4.775 1.1699903697 
4.7916666667 1.1606620306 
4.8083333333 1.121991511 
4.825 1.1013060136 
4.8416666667 1.0898793294 
4.8583333333 1.0661319218 
4.875 1.0444800508 
4.8916666667 1.0089262227 
4.9083333333 1.0016690132 
4.925 0.9793670038 
4.9416666667 0.9585254895 
4.9583333333 0.9429991232 
4.975 0.9292827734 
4.9916666667 0.9284810345 
