# Radial distribution function (300 data points):
# "Pair separation distance" g(r)
0.0083333333 0.0 
0.025 0.0 
0.0416666667 0.0 
0.0583333333 0.0 
0.075 0.0 
0.0916666667 0.0 
0.1083333333 0.0 
0.125 0.0 
0.1416666667 0.0 
0.1583333333 0.0 
0.175 0.0 
0.1916666667 0.0 
0.2083333333 0.0 
0.225 0.0 
0.2416666667 0.0 
0.2583333333 0.0 
0.275 0.0 
0.2916666667 0.0 
0.3083333333 0.0 
0.325 0.0 
0.3416666667 0.0 
0.3583333333 0.0 
0.375 0.0 
0.3916666667 0.0 
0.4083333333 0.0 
0.425 0.0 
0.4416666667 0.0 
0.4583333333 0.0 
0.475 0.0 
0.4916666667 0.0 
0.5083333333 0.0 
0.525 0.0 
0.5416666667 0.0 
0.5583333333 0.0 
0.575 0.0 
0.5916666667 0.0 
0.6083333333 0.0 
0.625 0.0 
0.6416666667 0.0 
0.6583333333 0.0 
0.675 0.0 
0.6916666667 0.0 
0.7083333333 0.0 
0.725 0.0 
0.7416666667 0.0 
0.7583333333 0.0 
0.775 0.0 
0.7916666667 0.0 
0.8083333333 0.0 
0.825 0.0 
0.8416666667 0.0 
0.8583333333 0.0051141165 
0.875 0.0180442326 
0.8916666667 0.0837207537 
0.9083333333 0.2313746992 
0.925 0.5210844409 
0.9416666667 0.9758621133 
0.9583333333 1.6136629957 
0.975 2.1482048963 
0.9916666667 2.5657435794 
1.0083333333 2.916438471 
1.025 3.2479348294 
1.0416666667 3.2652110292 
1.0583333333 3.4132310704 
1.075 3.2462694319 
1.0916666667 3.0509493699 
1.1083333333 2.6255543522 
1.125 2.381624126 
1.1416666667 2.0745917289 
1.1583333333 1.7990935633 
1.175 1.542829025 
1.1916666667 1.3062875889 
1.2083333333 1.0993232763 
1.225 0.9131052532 
1.2416666667 0.7665633042 
1.2583333333 0.6393111188 
1.275 0.5338588679 
1.2916666667 0.4599485434 
1.3083333333 0.3756663045 
1.325 0.3677059045 
1.3416666667 0.3432774104 
1.3583333333 0.3451157356 
1.375 0.344771701 
1.3916666667 0.3586117026 
1.4083333333 0.3837351709 
1.425 0.4638756238 
1.4416666667 0.4671108017 
1.4583333333 0.5261800031 
1.475 0.5368701459 
1.4916666667 0.562194015 
1.5083333333 0.6160842205 
1.525 0.6291538849 
1.5416666667 0.6267213099 
1.5583333333 0.6340749218 
1.575 0.597436574 
1.5916666667 0.5949055257 
1.6083333333 0.5792411389 
1.625 0.6221171499 
1.6416666667 0.5867147508 
1.6583333333 0.6284143374 
1.675 0.6616315334 
1.6916666667 0.707468175 
1.7083333333 0.7673219748 
1.725 0.8694820296 
1.7416666667 1.0106699487 
1.7583333333 1.1333746655 
1.775 1.2361660957 
1.7916666667 1.371340904 
1.8083333333 1.5144038136 
1.825 1.6237540112 
1.8416666667 1.6792959459 
1.8583333333 1.7496862513 
1.875 1.7233633901 
1.8916666667 1.7250689486 
1.9083333333 1.6254034381 
1.925 1.5797555497 
1.9416666667 1.4601397414 
1.9583333333 1.4455444227 
1.975 1.2982511429 
1.9916666667 1.190176714 
2.0083333333 1.1294017009 
2.025 1.0389109035 
2.0416666667 0.9783295416 
2.0583333333 0.9406135967 
2.075 0.9127293027 
2.0916666667 0.8658029394 
2.1083333333 0.8855093427 
2.125 0.8274501564 
2.1416666667 0.8715767964 
2.1583333333 0.8436092566 
2.175 0.8259510903 
2.1916666667 0.8393225705 
2.2083333333 0.833397442 
2.225 0.8219736892 
2.2416666667 0.8295415643 
2.2583333333 0.8225141413 
2.275 0.8291921879 
2.2916666667 0.8709838435 
2.3083333333 0.8836727751 
2.325 0.8980007336 
2.3416666667 0.9684071002 
2.3583333333 0.9947379654 
2.375 1.0024239813 
2.3916666667 1.0321959714 
2.4083333333 1.0519559422 
2.425 1.0324200213 
2.4416666667 1.0282751493 
2.4583333333 1.0162501511 
2.475 0.9769803406 
2.4916666667 0.9386667712 
2.5083333333 0.8823180011 
2.525 0.8709057153 
2.5416666667 0.8111114355 
2.5583333333 0.792518163 
2.575 0.7561527172 
2.5916666667 0.7303775636 
2.6083333333 0.7219965506 
2.625 0.7028326335 
2.6416666667 0.7098300825 
2.6583333333 0.7572969452 
2.675 0.7764993706 
2.6916666667 0.8242928799 
2.7083333333 0.8898608166 
2.725 0.9483554764 
2.7416666667 1.0588343776 
2.7583333333 1.1013774701 
2.775 1.2511220255 
2.7916666667 1.2979506514 
2.8083333333 1.3424680474 
2.825 1.4294406148 
2.8416666667 1.4638931381 
2.8583333333 1.4816134467 
2.875 1.467828039 
2.8916666667 1.4493044111 
2.9083333333 1.4232380115 
2.925 1.3283809527 
2.9416666667 1.2664909641 
2.9583333333 1.2094951511 
2.975 1.132975242 
2.9916666667 1.0312778417 
3.0083333333 0.9670080442 
3.025 0.8992842754 
3.0416666667 0.8605406609 
3.0583333333 0.8147977636 
3.075 0.7746422482 
3.0916666667 0.7765618825 
3.1083333333 0.7613668776 
3.125 0.7653566233 
3.1416666667 0.7995042933 
3.1583333333 0.8288613461 
3.175 0.856562808 
3.1916666667 0.895971272 
3.2083333333 0.9428138117 
3.225 0.9665440303 
3.2416666667 0.9749172673 
3.2583333333 1.0186772026 
3.275 1.0325747859 
3.2916666667 1.0325772415 
3.3083333333 1.0310354762 
3.325 1.0272005931 
3.3416666667 1.034188127 
3.3583333333 1.0168217297 
3.375 0.9948955489 
3.3916666667 0.9766256177 
3.4083333333 0.971314163 
3.425 0.9521409658 
3.4416666667 0.9269307925 
3.4583333333 0.9244238195 
3.475 0.9231702714 
3.4916666667 0.8978955321 
3.5083333333 0.8953030853 
3.525 0.8833191686 
3.5416666667 0.8648120206 
3.5583333333 0.8529603913 
3.575 0.860945715 
3.5916666667 0.8437248191 
3.6083333333 0.8672026302 
3.625 0.8848616171 
3.6416666667 0.8979000052 
3.6583333333 0.9078492746 
3.675 0.9131177734 
3.6916666667 0.9524446581 
3.7083333333 0.9768729877 
3.725 1.0144947665 
3.7416666667 1.0541002735 
3.7583333333 1.1082585854 
3.775 1.1339238686 
3.7916666667 1.1866145455 
3.8083333333 1.22717038 
3.825 1.2607950532 
3.8416666667 1.3084286708 
3.8583333333 1.3108167065 
3.875 1.3181339312 
3.8916666667 1.3345659677 
3.9083333333 1.3084079633 
3.925 1.2994394973 
3.9416666667 1.2702853216 
3.9583333333 1.2143211639 
3.975 1.1708541834 
3.9916666667 1.1240492165 
4.0083333333 1.0544510794 
4.025 1.0047258567 
4.0416666667 0.9539379998 
4.0583333333 0.9012035884 
4.075 0.8787199934 
4.0916666667 0.8541714556 
4.1083333333 0.8380280365 
4.125 0.8243314627 
4.1416666667 0.8153673525 
4.1583333333 0.8126213803 
4.175 0.8205572546 
4.1916666667 0.8343460152 
4.2083333333 0.8230698662 
4.225 0.8205995099 
4.2416666667 0.8222611245 
4.2583333333 0.84845965 
4.275 0.8320982171 
4.2916666667 0.8334215674 
4.3083333333 0.8380827608 
4.325 0.8374774629 
4.3416666667 0.8395218902 
4.3583333333 0.8417089714 
4.375 0.8681824388 
4.3916666667 0.8814018707 
4.4083333333 0.9007951896 
4.425 0.9219885856 
4.4416666667 0.9430937618 
4.4583333333 0.9573498815 
4.475 0.99206461 
4.4916666667 1.0013997882 
4.5083333333 1.0079747369 
4.525 1.0408016327 
4.5416666667 1.064474062 
4.5583333333 1.088256644 
4.575 1.1045843759 
4.5916666667 1.123089204 
4.6083333333 1.1611692067 
4.625 1.1577475898 
4.6416666667 1.1848330413 
4.6583333333 1.1862671192 
4.675 1.2010977191 
4.6916666667 1.2054745484 
4.7083333333 1.2180310798 
4.725 1.2143477267 
4.7416666667 1.1902965304 
4.7583333333 1.193399807 
4.775 1.1728547529 
4.7916666667 1.1461113613 
4.8083333333 1.129107851 
4.825 1.1182998117 
4.8416666667 1.0702698596 
4.8583333333 1.0741135443 
4.875 1.0444272032 
4.8916666667 1.0179541755 
4.9083333333 1.0110528178 
4.925 0.9864090844 
4.9416666667 0.9587312148 
4.9583333333 0.9425393479 
4.975 0.9271007628 
4.9916666667 0.9197103667 
