# Radial distribution function (300 data points):
# "Pair separation distance" g(r)
0.0083333333 0.0 
0.025 0.0 
0.0416666667 0.0 
0.0583333333 0.0 
0.075 0.0 
0.0916666667 0.0 
0.1083333333 0.0 
0.125 0.0 
0.1416666667 0.0 
0.1583333333 0.0 
0.175 0.0 
0.1916666667 0.0 
0.2083333333 0.0 
0.225 0.0 
0.2416666667 0.0 
0.2583333333 0.0 
0.275 0.0 
0.2916666667 0.0 
0.3083333333 0.0 
0.325 0.0 
0.3416666667 0.0 
0.3583333333 0.0 
0.375 0.0 
0.3916666667 0.0 
0.4083333333 0.0 
0.425 0.0 
0.4416666667 0.0 
0.4583333333 0.0 
0.475 0.0 
0.4916666667 0.0 
0.5083333333 0.0 
0.525 0.0 
0.5416666667 0.0 
0.5583333333 0.0 
0.575 0.0 
0.5916666667 0.0 
0.6083333333 0.0 
0.625 0.0 
0.6416666667 0.0 
0.6583333333 0.0 
0.675 0.0 
0.6916666667 0.0 
0.7083333333 0.0 
0.725 0.0 
0.7416666667 0.0 
0.7583333333 0.0 
0.775 0.0 
0.7916666667 0.0 
0.8083333333 0.0 
0.825 0.0 
0.8416666667 0.0 
0.8583333333 0.0017047055 
0.875 0.0180442326 
0.8916666667 0.08056148 
0.9083333333 0.3090069996 
0.925 0.5460377803 
0.9416666667 0.9871928781 
0.9583333333 1.6109279737 
0.975 2.1323509856 
0.9916666667 2.7483724156 
1.0083333333 2.9386730718 
1.025 3.2622797753 
1.0416666667 3.3381313747 
1.0583333333 3.2338233926 
1.075 3.0930307343 
1.0916666667 2.9750708363 
1.1083333333 2.5948819883 
1.125 2.3578078847 
1.1416666667 2.061101583 
1.1583333333 1.7494827626 
1.175 1.5637518243 
1.1916666667 1.3018654915 
1.2083333333 1.086420421 
1.225 0.9089205362 
1.2416666667 0.7510854054 
1.2583333333 0.6512089684 
1.275 0.5524009993 
1.2916666667 0.4742513623 
1.3083333333 0.4395002273 
1.325 0.412059535 
1.3416666667 0.3621158049 
1.3583333333 0.3512420504 
1.375 0.3534076011 
1.3916666667 0.3949268117 
1.4083333333 0.4432584482 
1.425 0.4391355905 
1.4416666667 0.4568379898 
1.4583333333 0.5007863554 
1.475 0.5397565446 
1.4916666667 0.5418737494 
1.5083333333 0.5912421149 
1.525 0.6059318961 
1.5416666667 0.6108683257 
1.5583333333 0.6108013725 
1.575 0.6176886613 
1.5916666667 0.6177102375 
1.6083333333 0.5972058682 
1.625 0.5859696702 
1.6416666667 0.6156077727 
1.6583333333 0.6457688031 
1.675 0.659393267 
1.6916666667 0.7386283738 
1.7083333333 0.7987378493 
1.725 0.9197093896 
1.7416666667 1.0189507348 
1.7583333333 1.1260625709 
1.775 1.2505169436 
1.7916666667 1.3909035417 
1.8083333333 1.5520430664 
1.825 1.6064078234 
1.8416666667 1.6289355824 
1.8583333333 1.6478545842 
1.875 1.6826371408 
1.8916666667 1.6734748213 
1.9083333333 1.6209200422 
1.925 1.5458624892 
1.9416666667 1.5021150112 
1.9583333333 1.394128366 
1.975 1.2908454445 
1.9916666667 1.1730792033 
2.0083333333 1.1511988112 
2.025 1.0594318441 
2.0416666667 1.0168962744 
2.0583333333 0.9409100397 
2.075 0.9182716028 
2.0916666667 0.9016866819 
2.1083333333 0.9016146498 
2.125 0.8844677302 
2.1416666667 0.859254787 
2.1583333333 0.8374082297 
2.175 0.8161278212 
2.1916666667 0.8338316751 
2.2083333333 0.8099613582 
2.225 0.8163923864 
2.2416666667 0.8332906223 
2.2583333333 0.8589608757 
2.275 0.8570988609 
2.2916666667 0.8626135979 
2.3083333333 0.9145506448 
2.325 0.8963743416 
2.3416666667 0.958558116 
2.3583333333 0.9735108669 
2.375 1.0111077963 
2.3916666667 0.9816949985 
2.4083333333 1.0266206509 
2.425 1.0206734137 
2.4416666667 0.9958321308 
2.4583333333 0.9819595018 
2.475 0.9657035476 
2.4916666667 0.9398805645 
2.5083333333 0.9072704333 
2.525 0.8667688639 
2.5416666667 0.8476619987 
2.5583333333 0.7882965166 
2.575 0.7565315512 
2.5916666667 0.7556210278 
2.6083333333 0.6952285885 
2.625 0.7177787632 
2.6416666667 0.7287276886 
2.6583333333 0.7795128847 
2.675 0.8145871562 
2.6916666667 0.860523629 
2.7083333333 0.927188055 
2.725 0.9747409685 
2.7416666667 1.0725355642 
2.7583333333 1.1286147726 
2.775 1.2111631028 
2.7916666667 1.290054006 
2.8083333333 1.345653025 
2.825 1.4001687934 
2.8416666667 1.4122555986 
2.8583333333 1.427348086 
2.875 1.4462512708 
2.8916666667 1.4069472919 
2.9083333333 1.4180410026 
2.925 1.3316105229 
2.9416666667 1.2763604788 
2.9583333333 1.1862466682 
2.975 1.1226161247 
2.9916666667 1.047415677 
3.0083333333 0.9653427032 
3.025 0.8896765374 
3.0416666667 0.860947921 
3.0583333333 0.8235258214 
3.075 0.7970898717 
3.0916666667 0.790884259 
3.1083333333 0.7908752063 
3.125 0.8107558651 
3.1416666667 0.7989952981 
3.1583333333 0.8202995093 
3.175 0.8598021728 
3.1916666667 0.9243286949 
3.2083333333 0.927439858 
3.225 0.9460152341 
3.2416666667 0.9835226422 
3.2583333333 1.0221078888 
3.275 1.0132535294 
3.2916666667 1.0333886516 
3.3083333333 1.0102655908 
3.325 1.0351528207 
3.3416666667 1.0217036374 
3.3583333333 1.0115878428 
3.375 0.976702291 
3.3916666667 0.9840499377 
3.4083333333 0.9599619827 
3.425 0.9411131328 
3.4416666667 0.9471828838 
3.4583333333 0.9189631767 
3.475 0.8974804273 
3.4916666667 0.8950110582 
3.5083333333 0.8841806741 
3.525 0.8772544987 
3.5416666667 0.8878416333 
3.5583333333 0.8690296532 
3.575 0.8737208483 
3.5916666667 0.8857844916 
3.6083333333 0.8973955583 
3.625 0.899007169 
3.6416666667 0.8964794272 
3.6583333333 0.9221136006 
3.675 0.9469679486 
3.6916666667 0.9646094084 
3.7083333333 0.9808915378 
3.725 1.0115077638 
3.7416666667 1.0346330599 
3.7583333333 1.0874520619 
3.775 1.1365678695 
3.7916666667 1.1650365588 
3.8083333333 1.2155663414 
3.825 1.2651731118 
3.8416666667 1.2634953155 
3.8583333333 1.3034767404 
3.875 1.3075112388 
3.8916666667 1.3154924467 
3.9083333333 1.297636805 
3.925 1.2838680723 
3.9416666667 1.2534710575 
3.9583333333 1.1938807456 
3.975 1.1669592849 
3.9916666667 1.1055252638 
4.0083333333 1.0639097924 
4.025 1.0182152316 
4.0416666667 0.9606271757 
4.0583333333 0.9255295272 
4.075 0.9014103014 
4.0916666667 0.8721011041 
4.1083333333 0.8375071524 
4.125 0.8387985979 
4.1416666667 0.8093633903 
4.1583333333 0.8105150146 
4.175 0.8249525824 
4.1916666667 0.8240525071 
4.2083333333 0.8356222845 
4.225 0.8264393247 
4.2416666667 0.833011461 
4.2583333333 0.8332220074 
4.275 0.8290056816 
4.2916666667 0.8401724048 
4.3083333333 0.8447138047 
4.325 0.8444603584 
4.3416666667 0.8576449025 
4.3583333333 0.8526187892 
4.375 0.8689042291 
4.3916666667 0.8851137219 
4.4083333333 0.9082274931 
4.425 0.9117898806 
4.4416666667 0.9512425401 
4.4583333333 0.9492619147 
4.475 0.9861064523 
4.4916666667 0.9972910982 
4.5083333333 1.024782555 
4.525 1.0575472036 
4.5416666667 1.0611251274 
4.5583333333 1.089163323 
4.575 1.1146053228 
4.5916666667 1.1271400217 
4.6083333333 1.1375129124 
4.625 1.1611530751 
4.6416666667 1.1568517444 
4.6583333333 1.1768330081 
4.675 1.1842601692 
4.6916666667 1.1976004778 
4.7083333333 1.2006945753 
4.725 1.2081595376 
4.7416666667 1.1757166827 
4.7583333333 1.1767585529 
4.775 1.1721386571 
4.7916666667 1.1445797119 
4.8083333333 1.1280757101 
4.825 1.1085351213 
4.8416666667 1.0983981974 
4.8583333333 1.0728896955 
4.875 1.0537283816 
4.8916666667 1.0198437471 
4.9083333333 0.9903563154 
4.925 0.9800919239 
4.9416666667 0.9633086021 
4.9583333333 0.9484653406 
4.975 0.9345094498 
4.9916666667 0.920920114 
