# Radial distribution function (300 data points):
# "Pair separation distance" g(r)
0.0083333333 0.0 
0.025 0.0 
0.0416666667 0.0 
0.0583333333 0.0 
0.075 0.0 
0.0916666667 0.0 
0.1083333333 0.0 
0.125 0.0 
0.1416666667 0.0 
0.1583333333 0.0 
0.175 0.0 
0.1916666667 0.0 
0.2083333333 0.0 
0.225 0.0 
0.2416666667 0.0 
0.2583333333 0.0 
0.275 0.0 
0.2916666667 0.0 
0.3083333333 0.0 
0.325 0.0 
0.3416666667 0.0 
0.3583333333 0.0 
0.375 0.0 
0.3916666667 0.0 
0.4083333333 0.0 
0.425 0.0 
0.4416666667 0.0 
0.4583333333 0.0 
0.475 0.0 
0.4916666667 0.0 
0.5083333333 0.0 
0.525 0.0 
0.5416666667 0.0 
0.5583333333 0.0 
0.575 0.0 
0.5916666667 0.0 
0.6083333333 0.0 
0.625 0.0 
0.6416666667 0.0 
0.6583333333 0.0 
0.675 0.0 
0.6916666667 0.0 
0.7083333333 0.0 
0.725 0.0 
0.7416666667 0.0 
0.7583333333 0.0 
0.775 0.0 
0.7916666667 0.0 
0.8083333333 0.0 
0.825 0.0 
0.8416666667 0.0017728848 
0.8583333333 0.0 
0.875 0.0246057717 
0.8916666667 0.0710836588 
0.9083333333 0.2237636894 
0.925 0.5416342498 
0.9416666667 1.0211851723 
0.9583333333 1.541184912 
0.975 2.1680222847 
0.9916666667 2.5874546998 
1.0083333333 3.070845421 
1.025 3.2945559036 
1.0416666667 3.2802580846 
1.0583333333 3.2898882919 
1.075 3.1321555081 
1.0916666667 2.9107848565 
1.1083333333 2.6521370676 
1.125 2.3597925715 
1.1416666667 2.1487875316 
1.1583333333 1.8449601526 
1.175 1.4791509403 
1.1916666667 1.297443394 
1.2083333333 1.1380318424 
1.225 0.9047358192 
1.2416666667 0.7258319915 
1.2583333333 0.6472430186 
1.275 0.5771238412 
1.2916666667 0.4463985045 
1.3083333333 0.4189559763 
1.325 0.3555444251 
1.3416666667 0.3376956639 
1.3583333333 0.3342245092 
1.375 0.344771701 
1.3916666667 0.3657450276 
1.4083333333 0.4242616575 
1.425 0.4403725922 
1.4416666667 0.4858435764 
1.4583333333 0.5362193522 
1.475 0.5466839013 
1.4916666667 0.597190028 
1.5083333333 0.5928982552 
1.525 0.5875703234 
1.5416666667 0.6394036973 
1.5583333333 0.6294202119 
1.575 0.6298399136 
1.5916666667 0.627129575 
1.6083333333 0.6141995312 
1.625 0.5683715551 
1.6416666667 0.5853167014 
1.6583333333 0.6042094247 
1.675 0.6647651063 
1.6916666667 0.718440076 
1.7083333333 0.7681826837 
1.725 0.8673716363 
1.7416666667 0.963883507 
1.7583333333 1.114281974 
1.775 1.2899817754 
1.7916666667 1.4034236299 
1.8083333333 1.487134559 
1.825 1.6524129301 
1.8416666667 1.6618919967 
1.8583333333 1.7296836024 
1.875 1.7458700015 
1.8916666667 1.6527669743 
1.9083333333 1.6574769624 
1.925 1.5967020799 
1.9416666667 1.490455214 
1.9583333333 1.3784088072 
1.975 1.2650864932 
1.9916666667 1.2003085721 
2.0083333333 1.0870530295 
2.025 1.0536124729 
2.0416666667 1.0153897614 
2.0583333333 1.001087966 
2.075 0.8961024027 
2.0916666667 0.8815917861 
2.1083333333 0.8648832476 
2.125 0.8416350163 
2.1416666667 0.8102405719 
2.1583333333 0.8301287635 
2.175 0.8511729976 
2.1916666667 0.8105607378 
2.2083333333 0.8442140961 
2.225 0.8430304226 
2.2416666667 0.8357899943 
2.2583333333 0.8358122741 
2.275 0.8505468594 
2.2916666667 0.8633310475 
2.3083333333 0.8964010572 
2.325 0.9379635088 
2.3416666667 0.9418377474 
2.3583333333 0.9872858989 
2.375 1.0093265009 
2.3916666667 1.0332938186 
2.4083333333 1.0480582051 
2.425 1.0253720568 
2.4416666667 1.0010988546 
2.4583333333 1.0162501511 
2.475 0.9825162208 
2.4916666667 0.9400828633 
2.5083333333 0.8833160984 
2.525 0.856131246 
2.5416666667 0.8408573726 
2.5583333333 0.7618152802 
2.575 0.7474395346 
2.5916666667 0.7228980186 
2.6083333333 0.7212581241 
2.625 0.7110347778 
2.6416666667 0.7182890109 
2.6583333333 0.749299207 
2.675 0.7966841418 
2.6916666667 0.8296668188 
2.7083333333 0.9114352755 
2.725 0.9749101063 
2.7416666667 1.0494774698 
2.7583333333 1.1619598339 
2.775 1.2036606111 
2.7916666667 1.2994010557 
2.8083333333 1.3646036416 
2.825 1.4039458026 
2.8416666667 1.4595381649 
2.8583333333 1.4702377054 
2.875 1.4325758542 
2.8916666667 1.4347347637 
2.9083333333 1.406162125 
2.925 1.3458499917 
2.9416666667 1.2708451618 
2.9583333333 1.1937091442 
2.975 1.1363809792 
2.9916666667 1.0255243525 
3.0083333333 0.9704775048 
3.025 0.914244896 
3.0416666667 0.8346117658 
3.0583333333 0.8008328711 
3.075 0.7796896429 
3.0916666667 0.7496253028 
3.1083333333 0.7861954713 
3.125 0.7858055735 
3.1416666667 0.7932691015 
3.1583333333 0.8517768505 
3.175 0.867402221 
3.1916666667 0.8988070143 
3.2083333333 0.9275618735 
3.225 0.9646119083 
3.2416666667 0.9824469703 
3.2583333333 1.0129988255 
3.275 1.0346825593 
3.2916666667 1.0430096564 
3.3083333333 1.0596084127 
3.325 1.0321991362 
3.3416666667 1.0309264135 
3.3583333333 1.0076902675 
3.375 0.9827667103 
3.3916666667 0.9613402531 
3.4083333333 0.9520695146 
3.425 0.9512844351 
3.4416666667 0.9336108017 
3.4583333333 0.9272591533 
3.475 0.9082972038 
3.4916666667 0.8831641116 
3.5083333333 0.8784664077 
3.525 0.8816008455 
3.5416666667 0.8881420195 
3.5583333333 0.8655578991 
3.575 0.8775533883 
3.5916666667 0.8722514026 
3.6083333333 0.8702894471 
3.625 0.8821854316 
3.6416666667 0.9070864096 
3.6583333333 0.9082246516 
3.675 0.9345066204 
3.6916666667 0.9555780029 
3.7083333333 0.9791562548 
3.725 1.0273479301 
3.7416666667 1.0593932025 
3.7583333333 1.1054132488 
3.775 1.1341882686 
3.7916666667 1.164774478 
3.8083333333 1.2321930235 
3.825 1.2429394413 
3.8416666667 1.2788986058 
3.8583333333 1.3022955965 
3.875 1.3438960513 
3.8916666667 1.3244487087 
3.9083333333 1.3038034987 
3.925 1.2796287314 
3.9416666667 1.2419112509 
3.9583333333 1.217687821 
3.975 1.1532873963 
3.9916666667 1.1064711677 
4.0083333333 1.0511678897 
4.025 0.995190264 
4.0416666667 0.9694691899 
4.0583333333 0.9185138959 
4.075 0.8863590638 
4.0916666667 0.8561219613 
4.1083333333 0.8480736576 
4.125 0.8303840397 
4.1416666667 0.8240072005 
4.1583333333 0.8177057114 
4.175 0.825024637 
4.1916666667 0.8332737747 
4.2083333333 0.8195239854 
4.225 0.8306608775 
4.2416666667 0.8397129694 
4.2583333333 0.836823632 
4.275 0.8407573165 
4.2916666667 0.8351263243 
4.3083333333 0.8334139645 
4.325 0.8263316873 
4.3416666667 0.8455184752 
4.3583333333 0.8570488364 
4.375 0.8733005879 
4.3916666667 0.8734572066 
4.4083333333 0.9060301164 
4.425 0.9178834465 
4.4416666667 0.9378097884 
4.4583333333 0.9639845418 
4.475 0.9843503638 
4.4916666667 0.9997189605 
4.5083333333 1.0322595623 
4.525 1.0481623232 
4.5416666667 1.0767737851 
4.5583333333 1.0930922656 
4.575 1.0968436445 
4.5916666667 1.1210042243 
4.6083333333 1.1359752532 
4.625 1.1642062689 
4.6416666667 1.1679276744 
4.6583333333 1.1855725834 
4.675 1.186788675 
4.6916666667 1.2031351506 
4.7083333333 1.2194474608 
4.725 1.1982021788 
4.7416666667 1.2013571045 
4.7583333333 1.1830267586 
4.775 1.1745072817 
4.7916666667 1.1415164131 
4.8083333333 1.1299226991 
4.825 1.1097219898 
4.8416666667 1.0846822841 
4.8583333333 1.0597466238 
4.875 1.0412034994 
4.8916666667 1.0147524015 
4.9083333333 0.9945790274 
4.925 0.9770886836 
4.9416666667 0.9802295061 
4.9583333333 0.9557706591 
4.975 0.9246650301 
4.9916666667 0.9102844192 
