# Radial distribution function (300 data points):
# "Pair separation distance" g(r)
0.0083333333 0.0 
0.025 0.0 
0.0416666667 0.0 
0.0583333333 0.0 
0.075 0.0 
0.0916666667 0.0 
0.1083333333 0.0 
0.125 0.0 
0.1416666667 0.0 
0.1583333333 0.0 
0.175 0.0 
0.1916666667 0.0 
0.2083333333 0.0 
0.225 0.0 
0.2416666667 0.0 
0.2583333333 0.0 
0.275 0.0 
0.2916666667 0.0 
0.3083333333 0.0 
0.325 0.0 
0.3416666667 0.0 
0.3583333333 0.0 
0.375 0.0 
0.3916666667 0.0 
0.4083333333 0.0 
0.425 0.0 
0.4416666667 0.0 
0.4583333333 0.0 
0.475 0.0 
0.4916666667 0.0 
0.5083333333 0.0 
0.525 0.0 
0.5416666667 0.0 
0.5583333333 0.0 
0.575 0.0 
0.5916666667 0.0 
0.6083333333 0.0 
0.625 0.0 
0.6416666667 0.0 
0.6583333333 0.0 
0.675 0.0 
0.6916666667 0.0 
0.7083333333 0.0 
0.725 0.0 
0.7416666667 0.0 
0.7583333333 0.0 
0.775 0.0 
0.7916666667 0.0 
0.8083333333 0.0 
0.825 0.0 
0.8416666667 0.0 
0.8583333333 0.006818822 
0.875 0.0114826935 
0.8916666667 0.0884596643 
0.9083333333 0.2465967189 
0.925 0.5871373982 
0.9416666667 0.9716130766 
0.9583333333 1.5616975772 
0.975 2.1495260555 
0.9916666667 2.5976716977 
1.0083333333 2.9868480402 
1.025 3.1774055122 
1.0416666667 3.2906752768 
1.0583333333 3.2887669939 
1.075 3.2636582203 
1.0916666667 2.9508318603 
1.1083333333 2.6961007892 
1.125 2.2913208779 
1.1416666667 2.0900090386 
1.1583333333 1.8028377747 
1.175 1.6137846052 
1.1916666667 1.3398955296 
1.2083333333 1.1070649896 
1.225 0.9365396685 
1.2416666667 0.7706364355 
1.2583333333 0.6305860291 
1.275 0.5222700357 
1.2916666667 0.4727458024 
1.3083333333 0.3793349208 
1.325 0.3505367572 
1.3416666667 0.3460682837 
1.3583333333 0.3226525812 
1.375 0.3567291011 
1.3916666667 0.3793631935 
1.4083333333 0.4242616575 
1.425 0.4119215539 
1.4416666667 0.4979292375 
1.4583333333 0.5090540546 
1.475 0.5697750904 
1.4916666667 0.5977544798 
1.5083333333 0.5619836349 
1.525 0.6075520348 
1.5416666667 0.6235507131 
1.5583333333 0.628903022 
1.575 0.5675647453 
1.5916666667 0.6281210842 
1.6083333333 0.5797266721 
1.625 0.6073727832 
1.6416666667 0.6202679375 
1.6583333333 0.5873116555 
1.675 0.6504402016 
1.6916666667 0.729850853 
1.7083333333 0.7901307604 
1.725 0.9019820861 
1.7416666667 0.9763046862 
1.7583333333 1.1370307128 
1.775 1.2919749488 
1.7916666667 1.4085099157 
1.8083333333 1.4633219705 
1.825 1.6426085631 
1.8416666667 1.6318979567 
1.8583333333 1.7682341621 
1.875 1.7094307258 
1.8916666667 1.6889179615 
1.9083333333 1.6395433789 
1.925 1.5529800319 
1.9416666667 1.4757971833 
1.9583333333 1.3623617577 
1.975 1.2873035887 
1.9916666667 1.2044246395 
2.0083333333 1.1511988112 
2.025 1.075664827 
2.0416666667 1.0274418653 
2.0583333333 0.9355740659 
2.075 0.9109791027 
2.0916666667 0.8985289126 
2.1083333333 0.842561857 
2.125 0.8611044317 
2.1416666667 0.8324201888 
2.1583333333 0.8161090507 
2.175 0.8365708408 
2.1916666667 0.8403684553 
2.2083333333 0.8182026184 
2.225 0.8222273848 
2.2416666667 0.8195440764 
2.2583333333 0.822760403 
2.275 0.8714161975 
2.2916666667 0.8913115829 
2.3083333333 0.907243668 
2.325 0.9254170561 
2.3416666667 0.9356535015 
2.3583333333 0.9656071601 
2.375 1.0128890917 
2.3916666667 1.0306589852 
2.4083333333 1.0478416641 
2.425 1.0334878948 
2.4416666667 1.0244831082 
2.4583333333 1.0060668674 
2.475 0.9646783846 
2.4916666667 0.9362391847 
2.5083333333 0.8863103903 
2.525 0.8642079559 
2.5416666667 0.806639824 
2.5583333333 0.7976992745 
2.575 0.7504702068 
2.5916666667 0.7217760869 
2.6083333333 0.721811944 
2.625 0.7316312736 
2.6416666667 0.7310673922 
2.6583333333 0.7407682863 
2.675 0.7843977593 
2.6916666667 0.8535895144 
2.7083333333 0.9013329495 
2.725 0.9563049516 
2.7416666667 1.0454673664 
2.7583333333 1.1106216455 
2.775 1.2250264025 
2.7916666667 1.2824796727 
2.8083333333 1.3579151887 
2.825 1.4149620795 
2.8416666667 1.4553387264 
2.8583333333 1.4800761844 
2.875 1.4345511922 
2.8916666667 1.4644748688 
2.9083333333 1.3832952858 
2.925 1.3288213487 
2.9416666667 1.2926161501 
2.9583333333 1.1994495104 
2.975 1.1393609993 
2.9916666667 1.0294535646 
3.0083333333 0.9753347495 
3.025 0.9098527872 
3.0416666667 0.8654277825 
3.0583333333 0.8138578189 
3.075 0.7806194261 
3.0916666667 0.7639476793 
3.1083333333 0.7534373267 
3.125 0.7678002085 
3.1416666667 0.8199913523 
3.1583333333 0.8393118234 
3.175 0.8586808542 
3.1916666667 0.9055881372 
3.2083333333 0.9275618735 
3.225 0.9630420592 
3.2416666667 0.992008498 
3.2583333333 1.0161929126 
3.275 1.0117312486 
3.2916666667 1.0496168525 
3.3083333333 1.0336747435 
3.325 1.0073200243 
3.3416666667 1.0260900797 
3.3583333333 1.0154854182 
3.375 1.0170582448 
3.3916666667 0.9995536647 
3.4083333333 0.9772605431 
3.425 0.9299782333 
3.4416666667 0.9258704736 
3.4583333333 0.9278892275 
3.475 0.9066330843 
3.4916666667 0.8787343838 
3.5083333333 0.8837725122 
3.525 0.8781641992 
3.5416666667 0.8880418908 
3.5583333333 0.8669466008 
3.575 0.864385174 
3.5916666667 0.8594971963 
3.6083333333 0.8658521478 
3.625 0.8788401997 
3.6416666667 0.8806636587 
3.6583333333 0.8929280389 
3.675 0.9243701668 
3.6916666667 0.9484818985 
3.7083333333 0.9812568605 
3.725 1.0310590548 
3.7416666667 1.0479102379 
3.7583333333 1.0977664069 
3.775 1.1616858784 
3.7916666667 1.1907204782 
3.8083333333 1.2408527538 
3.825 1.2670616862 
3.8416666667 1.280770829 
3.8583333333 1.3113229111 
3.875 1.2906989462 
3.8916666667 1.3241169953 
3.9083333333 1.2971434695 
3.925 1.2947110018 
3.9416666667 1.2647883507 
3.9583333333 1.2269060489 
3.975 1.1714105975 
3.9916666667 1.1197138233 
4.0083333333 1.0449923663 
4.025 1.0118581698 
4.0416666667 0.9683927708 
4.0583333333 0.9185138959 
4.075 0.8636687558 
4.0916666667 0.8599479532 
4.1083333333 0.8452460013 
4.125 0.8385771622 
4.1416666667 0.8236411053 
4.1583333333 0.8134929799 
4.175 0.8137120721 
4.1916666667 0.821264682 
4.2083333333 0.829594287 
4.225 0.8213031021 
4.2416666667 0.8353849119 
4.2583333333 0.831074885 
4.275 0.8340224614 
4.2916666667 0.8337625187 
4.3083333333 0.8416689376 
4.325 0.8420432023 
4.3416666667 0.8483835102 
4.3583333333 0.8538089511 
4.375 0.8681168215 
4.3916666667 0.8756712933 
4.4083333333 0.8989855852 
4.425 0.9103145963 
4.4416666667 0.9504149298 
4.4583333333 0.9529267747 
4.475 0.9664758908 
4.4916666667 0.9987229144 
4.5083333333 1.0216310891 
4.525 1.057179169 
4.5416666667 1.0563148397 
4.5583333333 1.0842068109 
4.575 1.11658551 
4.5916666667 1.127795301 
4.6083333333 1.1390505715 
4.625 1.1605072072 
4.6416666667 1.1758557085 
4.6583333333 1.1954118403 
4.675 1.1913284922 
4.6916666667 1.1990269399 
4.7083333333 1.209249517 
4.725 1.2021401173 
4.7416666667 1.2085073747 
4.7583333333 1.188684785 
4.775 1.1715327299 
4.7916666667 1.1589115741 
4.8083333333 1.1336166772 
4.825 1.104111339 
4.8416666667 1.0853252175 
4.8583333333 1.0696438357 
4.875 1.0434759463 
4.8916666667 1.0172718303 
4.9083333333 0.9908776378 
4.925 0.9803508239 
4.9416666667 0.9653658549 
4.9583333333 0.9570478127 
4.975 0.9295364955 
4.9916666667 0.9253054479 
