# Radial distribution function (300 data points):
# "Pair separation distance" g(r)
0.0083333333 0.0 
0.025 0.0 
0.0416666667 0.0 
0.0583333333 0.0 
0.075 0.0 
0.0916666667 0.0 
0.1083333333 0.0 
0.125 0.0 
0.1416666667 0.0 
0.1583333333 0.0 
0.175 0.0 
0.1916666667 0.0 
0.2083333333 0.0 
0.225 0.0 
0.2416666667 0.0 
0.2583333333 0.0 
0.275 0.0 
0.2916666667 0.0 
0.3083333333 0.0 
0.325 0.0 
0.3416666667 0.0 
0.3583333333 0.0 
0.375 0.0 
0.3916666667 0.0 
0.4083333333 0.0 
0.425 0.0 
0.4416666667 0.0 
0.4583333333 0.0 
0.475 0.0 
0.4916666667 0.0 
0.5083333333 0.0 
0.525 0.0 
0.5416666667 0.0 
0.5583333333 0.0 
0.575 0.0 
0.5916666667 0.0 
0.6083333333 0.0 
0.625 0.0 
0.6416666667 0.0 
0.6583333333 0.0 
0.675 0.0 
0.6916666667 0.0 
0.7083333333 0.0 
0.725 0.0 
0.7416666667 0.0 
0.7583333333 0.0 
0.775 0.0 
0.7916666667 0.0 
0.8083333333 0.0 
0.825 0.0 
0.8416666667 0.0 
0.8583333333 0.0017047055 
0.875 0.0131230782 
0.8916666667 0.0647651114 
0.9083333333 0.242030113 
0.925 0.5372307193 
0.9416666667 0.9730294221 
0.9583333333 1.5658001102 
0.975 2.1614164885 
0.9916666667 2.6500338115 
1.0083333333 2.897909637 
1.025 3.2790155455 
1.0416666667 3.3381313747 
1.0583333333 3.3706217469 
1.075 3.2571374247 
1.0916666667 2.9750708363 
1.1083333333 2.6091957581 
1.125 2.3181141493 
1.1416666667 2.0842275474 
1.1583333333 1.8337275185 
1.175 1.4836993749 
1.1916666667 1.3071720084 
1.2083333333 1.1216882256 
1.225 0.9030619324 
1.2416666667 0.7926313443 
1.2583333333 0.6123426597 
1.275 0.529223335 
1.2916666667 0.465218003 
1.3083333333 0.3734651347 
1.325 0.3870211952 
1.3416666667 0.3530454668 
1.3583333333 0.3737052048 
1.375 0.3573934011 
1.3916666667 0.3586117026 
1.4083333333 0.4014655088 
1.425 0.4310950797 
1.4416666667 0.4846350103 
1.4583333333 0.5167312039 
1.475 0.5287882298 
1.4916666667 0.5503405267 
1.5083333333 0.5978666764 
1.525 0.6167328211 
1.5416666667 0.6166810866 
1.5583333333 0.6304545919 
1.575 0.6465478856 
1.5916666667 0.5944097711 
1.6083333333 0.5821543382 
1.625 0.6078484079 
1.6416666667 0.6132776903 
1.6583333333 0.6110598717 
1.675 0.6531261212 
1.6916666667 0.7131735636 
1.7083333333 0.7828147348 
1.725 0.9192873109 
1.7416666667 1.0189507348 
1.7583333333 1.153279812 
1.775 1.2620773489 
1.7916666667 1.3717321568 
1.8083333333 1.5024975193 
1.825 1.5901929088 
1.8416666667 1.6722603069 
1.8583333333 1.7249557036 
1.875 1.7233633901 
1.8916666667 1.6797924696 
1.9083333333 1.6626501114 
1.925 1.5156976653 
1.9416666667 1.5011156 
1.9583333333 1.3823386969 
1.975 1.2821517984 
1.9916666667 1.1841609232 
2.0083333333 1.1353180594 
2.025 1.040442317 
2.0416666667 1.0178001822 
2.0583333333 0.9652183646 
2.075 0.9054368027 
2.0916666667 0.8655158695 
2.1083333333 0.8773154145 
2.125 0.8586012211 
2.1416666667 0.8315987215 
2.1583333333 0.8401043284 
2.175 0.8732089798 
2.1916666667 0.8173589892 
2.2083333333 0.8475621081 
2.225 0.8219736892 
2.2416666667 0.8290416899 
2.2583333333 0.8234991881 
2.275 0.8653495294 
2.2916666667 0.8449165072 
2.3083333333 0.8761300893 
2.325 0.9421456597 
2.3416666667 0.9535191008 
2.3583333333 0.9619940369 
2.375 0.9995293763 
2.3916666667 1.0297807075 
2.4083333333 1.0225063728 
2.425 1.0349829175 
2.4416666667 1.0141603296 
2.4583333333 1.0362010743 
2.475 0.9991238615 
2.4916666667 0.9283495287 
2.5083333333 0.9158540699 
2.525 0.8722846657 
2.5416666667 0.811889107 
2.5583333333 0.781196475 
2.575 0.7381581009 
2.5916666667 0.7397269948 
2.6083333333 0.717750598 
2.625 0.7086652695 
2.6416666667 0.7168491933 
2.6583333333 0.7482328419 
2.675 0.7872060753 
2.6916666667 0.8366009335 
2.7083333333 0.8992782391 
2.725 0.9720347642 
2.7416666667 1.056328063 
2.7583333333 1.1258085051 
2.775 1.2134464698 
2.7916666667 1.28989285 
2.8083333333 1.3754325653 
2.825 1.4327454979 
2.8416666667 1.4320085128 
2.8583333333 1.4491772113 
2.875 1.4418447477 
2.8916666667 1.4608700075 
2.9083333333 1.3972529669 
2.925 1.3360144823 
2.9416666667 1.2670715238 
2.9583333333 1.2171011363 
2.975 1.107432213 
2.9916666667 1.0448897549 
3.0083333333 0.975473528 
3.025 0.9119115882 
3.0416666667 0.8403134076 
3.0583333333 0.8027127605 
3.075 0.784338559 
3.0916666667 0.769860587 
3.1083333333 0.7647466862 
3.125 0.7831047688 
3.1416666667 0.8104476913 
3.1583333333 0.8281058899 
3.175 0.8509562151 
3.1916666667 0.908054 
3.2083333333 0.9428138117 
3.225 0.9663025151 
3.2416666667 0.9884229251 
3.2583333333 1.0122890283 
3.275 1.0233240025 
3.2916666667 1.0329249887 
3.3083333333 1.0399860346 
3.325 1.0408329832 
3.3416666667 1.0418362828 
3.3583333333 1.0119219207 
3.375 0.9806717291 
3.3916666667 0.976188893 
3.4083333333 0.971097931 
3.425 0.9475371132 
3.4416666667 0.9452743097 
3.4583333333 0.9294644129 
3.475 0.8918640241 
3.4916666667 0.8859455687 
3.5083333333 0.868976644 
3.525 0.8824094681 
3.5416666667 0.8703191019 
3.5583333333 0.8609950223 
3.575 0.8685125248 
3.5916666667 0.8860765727 
3.6083333333 0.8861093839 
3.625 0.8679443017 
3.6416666667 0.8922176932 
3.6583333333 0.9064416109 
3.675 0.9098629489 
3.6916666667 0.9460858113 
3.7083333333 0.9884719845 
3.725 1.0237273206 
3.7416666667 1.0638787356 
3.7583333333 1.1032792464 
3.775 1.1353340024 
3.7916666667 1.1921182425 
3.8083333333 1.2189436362 
3.825 1.2492060743 
3.8416666667 1.2834089616 
3.8583333333 1.2916653007 
3.875 1.3137844824 
3.8916666667 1.3271853444 
3.9083333333 1.3285524962 
3.925 1.3088149627 
3.9416666667 1.2636566213 
3.9583333333 1.2127179938 
3.975 1.162031046 
3.9916666667 1.1040275825 
4.0083333333 1.0566398725 
4.025 1.0100750915 
4.0416666667 0.9563983863 
4.0583333333 0.9283510311 
4.075 0.8861321607 
4.0916666667 0.8555968252 
4.1083333333 0.8308844837 
4.125 0.8338531996 
4.1416666667 0.8092901713 
4.1583333333 0.8257680079 
4.175 0.8103255081 
4.1916666667 0.8284844342 
4.2083333333 0.8276795114 
4.225 0.8355860225 
4.2416666667 0.8242157311 
4.2583333333 0.8305900509 
4.275 0.8462551574 
4.2916666667 0.8422181131 
4.3083333333 0.8311810619 
4.325 0.850838965 
4.3416666667 0.849382941 
4.3583333333 0.8466018594 
4.375 0.8553214489 
4.3916666667 0.8767783367 
4.4083333333 0.895495634 
4.425 0.9070433135 
4.4416666667 0.9295336854 
4.4583333333 0.9636686056 
4.475 0.9799601423 
4.4916666667 1.0015242939 
4.5083333333 1.0288609226 
4.525 1.0502478522 
4.5416666667 1.0641087237 
4.5583333333 1.0785854007 
4.575 1.1162254759 
4.5916666667 1.1284505803 
4.6083333333 1.1560831034 
4.625 1.1468265505 
4.6416666667 1.1713087478 
4.6583333333 1.193443989 
4.675 1.1967303 
4.6916666667 1.2063874841 
4.7083333333 1.2165580434 
4.725 1.2063030809 
4.7416666667 1.1953240641 
4.7583333333 1.1637229038 
4.775 1.1871766689 
4.7916666667 1.1528396783 
4.8083333333 1.1370933624 
4.825 1.1077798414 
4.8416666667 1.0787887276 
4.8583333333 1.0815098478 
4.875 1.0502404397 
4.8916666667 1.0176392469 
4.9083333333 0.9886359512 
4.925 0.981179304 
4.9416666667 0.9658287368 
4.9583333333 0.9327308084 
4.975 0.9311603173 
4.9916666667 0.9211721447 
