# Radial distribution function (300 data points):
# "Pair separation distance" g(r)
0.0083333333 0.0 
0.025 0.0 
0.0416666667 0.0 
0.0583333333 0.0 
0.075 0.0 
0.0916666667 0.0 
0.1083333333 0.0 
0.125 0.0 
0.1416666667 0.0 
0.1583333333 0.0 
0.175 0.0 
0.1916666667 0.0 
0.2083333333 0.0 
0.225 0.0 
0.2416666667 0.0 
0.2583333333 0.0 
0.275 0.0 
0.2916666667 0.0 
0.3083333333 0.0 
0.325 0.0 
0.3416666667 0.0 
0.3583333333 0.0 
0.375 0.0 
0.3916666667 0.0 
0.4083333333 0.0 
0.425 0.0 
0.4416666667 0.0 
0.4583333333 0.0 
0.475 0.0 
0.4916666667 0.0 
0.5083333333 0.0 
0.525 0.0 
0.5416666667 0.0 
0.5583333333 0.0 
0.575 0.0 
0.5916666667 0.0 
0.6083333333 0.0 
0.625 0.0 
0.6416666667 0.0 
0.6583333333 0.0 
0.675 0.0 
0.6916666667 0.0 
0.7083333333 0.0 
0.725 0.0 
0.7416666667 0.0 
0.7583333333 0.0 
0.775 0.0 
0.7916666667 0.0 
0.8083333333 0.0 
0.825 0.0 
0.8416666667 0.0 
0.8583333333 0.003409411 
0.875 0.0328076956 
0.8916666667 0.0710836588 
0.9083333333 0.2207192854 
0.925 0.5651197457 
0.9416666667 0.9305390544 
0.9583333333 1.6109279737 
0.975 2.1534895332 
0.9916666667 2.6219370675 
1.0083333333 3.0436697978 
1.025 3.0925312491 
1.0416666667 3.459665284 
1.0583333333 3.2573706503 
1.075 3.1962766653 
1.0916666667 2.9561012029 
1.1083333333 2.62453194 
1.125 2.3836088127 
1.1416666667 2.1044627663 
1.1583333333 1.7925411934 
1.175 1.6228814745 
1.1916666667 1.2673731313 
1.2083333333 1.0760981367 
1.225 0.8838122341 
1.2416666667 0.7673779304 
1.2583333333 0.6218609394 
1.275 0.5392669895 
1.2916666667 0.4659707829 
1.3083333333 0.4240920391 
1.325 0.3812981461 
1.3416666667 0.3697907064 
1.3583333333 0.3526034537 
1.375 0.346764601 
1.3916666667 0.3540723139 
1.4083333333 0.4115971305 
1.425 0.4360430864 
1.4416666667 0.4695279339 
1.4583333333 0.5084635047 
1.475 0.5709296498 
1.4916666667 0.5548561413 
1.5083333333 0.6061473783 
1.525 0.6107923123 
1.5416666667 0.6420458614 
1.5583333333 0.593734103 
1.575 0.608575222 
1.5916666667 0.6038291086 
1.6083333333 0.6108007986 
1.625 0.5902502928 
1.6416666667 0.6128116738 
1.6583333333 0.5891384413 
1.675 0.6464113222 
1.6916666667 0.7285342249 
1.7083333333 0.8176734448 
1.725 0.9142223671 
1.7416666667 0.984171433 
1.7583333333 1.1349995754 
1.775 1.2840022555 
1.7916666667 1.3944248165 
1.8083333333 1.4771486348 
1.825 1.6098016428 
1.8416666667 1.6544860609 
1.8583333333 1.7195004357 
1.875 1.7283648593 
1.8916666667 1.6871630592 
1.9083333333 1.6426472683 
1.925 1.559758644 
1.9416666667 1.4421503401 
1.9583333333 1.3705490279 
1.975 1.2940653134 
1.9916666667 1.1851107849 
2.0083333333 1.1343838976 
2.025 1.057594148 
2.0416666667 0.9924907638 
2.0583333333 0.9607717198 
2.075 0.9200218028 
2.0916666667 0.8947970034 
2.1083333333 0.8730771758 
2.125 0.8769580986 
2.1416666667 0.8321463664 
2.1583333333 0.8403739382 
2.175 0.8437391723 
2.1916666667 0.8369693296 
2.2083333333 0.8403510053 
2.225 0.8242569494 
2.2416666667 0.8535355355 
2.2583333333 0.8220216178 
2.275 0.8626801955 
2.2916666667 0.8781583397 
2.3083333333 0.8954582215 
2.325 0.9056680102 
2.3416666667 0.9574128852 
2.3583333333 0.9674137216 
2.375 1.0053185863 
2.3916666667 1.0155086934 
2.4083333333 1.0391800261 
2.425 1.0240906087 
2.4416666667 0.995200124 
2.4583333333 0.9990009154 
2.475 0.9523764286 
2.4916666667 0.9388690701 
2.5083333333 0.9028788052 
2.525 0.8799673898 
2.5416666667 0.819082569 
2.5583333333 0.7879127306 
2.575 0.7574786363 
2.5916666667 0.7320604612 
2.6083333333 0.7207043042 
2.625 0.7123106669 
2.6416666667 0.7278278026 
2.6583333333 0.7405905587 
2.675 0.8152892352 
2.6916666667 0.8639906864 
2.7083333333 0.9097230168 
2.725 0.9444653077 
2.7416666667 1.0850671372 
2.7583333333 1.1334019349 
2.775 1.2180132038 
2.7916666667 1.2931159706 
2.8083333333 1.3725660855 
2.825 1.3937164026 
2.8416666667 1.4428959458 
2.8583333333 1.4580933329 
2.875 1.4479227105 
2.8916666667 1.417611673 
2.9083333333 1.3886407807 
2.925 1.3418864282 
2.9416666667 1.2608305071 
2.9583333333 1.1960052907 
2.975 1.0946606985 
2.9916666667 1.0380136338 
3.0083333333 0.9675631579 
3.025 0.906009692 
3.0416666667 0.8479155968 
3.0583333333 0.8174833198 
3.075 0.7844713851 
3.0916666667 0.7765618825 
3.1083333333 0.775926053 
3.125 0.7887635978 
3.1416666667 0.811338433 
3.1583333333 0.8361640893 
3.175 0.8777432701 
3.1916666667 0.9238355224 
3.2083333333 0.928904044 
3.225 0.9669063032 
3.2416666667 0.9867496578 
3.2583333333 1.0074387478 
3.275 1.0292960272 
3.2916666667 1.0256222983 
3.3083333333 1.0357402569 
3.325 1.0250421314 
3.3416666667 1.0359876931 
3.3583333333 1.0089152197 
3.375 1.0120964472 
3.3916666667 0.974332813 
3.4083333333 0.9649353188 
3.425 0.9555670887 
3.4416666667 0.9300057174 
3.4583333333 0.9279942398 
3.475 0.9033048454 
3.4916666667 0.8952170921 
3.5083333333 0.8842827145 
3.525 0.8737167746 
3.5416666667 0.8535976005 
3.5583333333 0.8532579702 
3.575 0.876275875 
3.5916666667 0.8877316987 
3.6083333333 0.8786817306 
3.625 0.8817075413 
3.6416666667 0.8847359823 
3.6583333333 0.9105707579 
3.675 0.9266020465 
3.6916666667 0.9506936713 
3.7083333333 0.9817135139 
3.725 1.0197446502 
3.7416666667 1.0526649029 
3.7583333333 1.1036349135 
3.775 1.1281070665 
3.7916666667 1.1828580539 
3.8083333333 1.2319332316 
3.825 1.2601082989 
3.8416666667 1.2697076922 
3.8583333333 1.2948712629 
3.875 1.3255781802 
3.8916666667 1.3441027281 
3.9083333333 1.287770095 
3.925 1.2707424208 
3.9416666667 1.2483782756 
3.9583333333 1.204621985 
3.975 1.1621105337 
3.9916666667 1.1136442728 
4.0083333333 1.0639097924 
4.025 1.0085245887 
4.0416666667 0.9883834115 
4.0583333333 0.9234705919 
4.075 0.8884768259 
4.0916666667 0.8597979143 
4.1083333333 0.8469574775 
4.125 0.8325245852 
4.1416666667 0.8223231624 
4.1583333333 0.8203931436 
4.175 0.8176750725 
4.1916666667 0.8218365435 
4.2083333333 0.8134250703 
4.225 0.831153392 
4.2416666667 0.8352452971 
4.2583333333 0.842710903 
4.275 0.8340224614 
4.2916666667 0.8467186714 
4.3083333333 0.8402479996 
4.325 0.8343888745 
4.3416666667 0.8625087991 
4.3583333333 0.8570488364 
4.375 0.8629986725 
4.3916666667 0.8849183614 
4.4083333333 0.8894851624 
4.425 0.9075564559 
4.4416666667 0.9239950627 
4.4583333333 0.9545064557 
4.475 0.9775768793 
4.4916666667 1.0122940417 
4.5083333333 1.0238556533 
4.525 1.0406176155 
4.5416666667 1.0662398638 
4.5583333333 1.0801569778 
4.575 1.0992438713 
4.5916666667 1.1323226855 
4.6083333333 1.1392279937 
4.625 1.1656741505 
4.6416666667 1.1744566437 
4.6583333333 1.1906079678 
4.675 1.1749506706 
4.6916666667 1.2132915604 
4.7083333333 1.1971252949 
4.725 1.2043341116 
4.7416666667 1.1875034561 
4.7583333333 1.1960624077 
4.775 1.1738462702 
4.7916666667 1.1608261359 
4.8083333333 1.1502395784 
4.825 1.1103693725 
4.8416666667 1.0854323731 
4.8583333333 1.0567136073 
4.875 1.0451142221 
4.8916666667 1.0121279966 
4.9083333333 0.9992187975 
4.925 0.9837683042 
4.9416666667 0.9728233961 
4.9583333333 0.9409556775 
4.975 0.9337482833 
4.9916666667 0.9145689408 
