# Radial distribution function (300 data points):
# "Pair separation distance" g(r)
0.0083333333 0.0 
0.025 0.0 
0.0416666667 0.0 
0.0583333333 0.0 
0.075 0.0 
0.0916666667 0.0 
0.1083333333 0.0 
0.125 0.0 
0.1416666667 0.0 
0.1583333333 0.0 
0.175 0.0 
0.1916666667 0.0 
0.2083333333 0.0 
0.225 0.0 
0.2416666667 0.0 
0.2583333333 0.0 
0.275 0.0 
0.2916666667 0.0 
0.3083333333 0.0 
0.325 0.0 
0.3416666667 0.0 
0.3583333333 0.0 
0.375 0.0 
0.3916666667 0.0 
0.4083333333 0.0 
0.425 0.0 
0.4416666667 0.0 
0.4583333333 0.0 
0.475 0.0 
0.4916666667 0.0 
0.5083333333 0.0 
0.525 0.0 
0.5416666667 0.0 
0.5583333333 0.0 
0.575 0.0 
0.5916666667 0.0 
0.6083333333 0.0 
0.625 0.0 
0.6416666667 0.0 
0.6583333333 0.0 
0.675 0.0 
0.6916666667 0.0 
0.7083333333 0.0 
0.725 0.0 
0.7416666667 0.0 
0.7583333333 0.0 
0.775 0.0 
0.7916666667 0.0 
0.8083333333 0.0 
0.825 0.0 
0.8416666667 0.0017728848 
0.8583333333 0.0051141165 
0.875 0.0131230782 
0.8916666667 0.0947782118 
0.9083333333 0.2237636894 
0.925 0.5210844409 
0.9416666667 0.9687803854 
0.9583333333 1.5507574891 
0.975 2.0887527313 
0.9916666667 2.5516952074 
1.0083333333 3.077021699 
1.025 3.2288082349 
1.0416666667 3.3867449384 
1.0583333333 3.3594087671 
1.075 3.1560650922 
1.0916666667 2.9518857288 
1.1083333333 2.7053024984 
1.125 2.325060553 
1.1416666667 2.2133475157 
1.1583333333 1.8150064616 
1.175 1.5209965388 
1.1916666667 1.2328807711 
1.2083333333 1.1449133653 
1.225 0.9013880456 
1.2416666667 0.7641194254 
1.2583333333 0.6258268893 
1.275 0.5307685126 
1.2916666667 0.477262482 
1.3083333333 0.3874058765 
1.325 0.3269291797 
1.3416666667 0.3704884247 
1.3583333333 0.3233332828 
1.375 0.337464401 
1.3916666667 0.396872264 
1.4083333333 0.4134968095 
1.425 0.4199620647 
1.4416666667 0.502763502 
1.4583333333 0.5238178033 
1.475 0.553611258 
1.4916666667 0.5813853769 
1.5083333333 0.5978666764 
1.525 0.6161927749 
1.5416666667 0.6124536241 
1.5583333333 0.6066638526 
1.575 0.5933861566 
1.5916666667 0.5849904336 
1.6083333333 0.6093441989 
1.625 0.6087996574 
1.6416666667 0.595569064 
1.6583333333 0.6233906763 
1.675 0.6370106035 
1.6916666667 0.6925463897 
1.7083333333 0.800459267 
1.725 0.8513326475 
1.7416666667 1.0073576342 
1.7583333333 1.1386556228 
1.775 1.2365647304 
1.7916666667 1.3854260032 
1.8083333333 1.5232375158 
1.825 1.6339354692 
1.8416666667 1.6796662427 
1.8583333333 1.7198641202 
1.875 1.7269358681 
1.8916666667 1.7615709162 
1.9083333333 1.6702373967 
1.925 1.5594197134 
1.9416666667 1.4997830517 
1.9583333333 1.37546139 
1.975 1.2811858377 
1.9916666667 1.2034747778 
2.0083333333 1.114455111 
2.025 1.0551438864 
2.0416666667 0.967482648 
2.0583333333 0.9589930619 
2.075 0.9168131028 
2.0916666667 0.8787210867 
2.1083333333 0.8595148119 
2.125 0.8394099402 
2.1416666667 0.8551474505 
2.1583333333 0.8026285576 
2.175 0.8246236215 
2.1916666667 0.8139598635 
2.2083333333 0.8310795876 
2.225 0.8290771655 
2.2416666667 0.8395390523 
2.2583333333 0.8136487194 
2.275 0.8723868644 
2.2916666667 0.8800715387 
2.3083333333 0.8997009822 
2.325 0.9198408549 
2.3416666667 0.961764762 
2.3583333333 0.9768981699 
2.375 1.0224635545 
2.3916666667 1.0293415686 
2.4083333333 1.0387469442 
2.425 1.0153340466 
2.4416666667 1.0360699005 
2.4583333333 1.0073138001 
2.475 0.9792356992 
2.4916666667 0.9599081529 
2.5083333333 0.8984871772 
2.525 0.8565252318 
2.5416666667 0.8153886291 
2.5583333333 0.7660369266 
2.575 0.7692224911 
2.5916666667 0.7101827922 
2.6083333333 0.7138738586 
2.625 0.7041085226 
2.6416666667 0.7283677342 
2.6583333333 0.7317041829 
2.675 0.7956310233 
2.6916666667 0.8248129385 
2.7083333333 0.9056135961 
2.725 0.9703433865 
2.7416666667 1.0255839372 
2.7583333333 1.13901447 
2.775 1.2189917897 
2.7916666667 1.3063307649 
2.8083333333 1.3841912536 
2.825 1.3956049072 
2.8416666667 1.4640486728 
2.8583333333 1.4825358041 
2.875 1.4544565207 
2.8916666667 1.4470513729 
2.9083333333 1.4211592079 
2.925 1.3370420729 
2.9416666667 1.2886973722 
2.9583333333 1.1881122872 
2.975 1.1112636674 
2.9916666667 1.0425041619 
3.0083333333 0.9633998052 
3.025 0.8935196326 
3.0416666667 0.828231357 
3.0583333333 0.8062039836 
3.075 0.7723842033 
3.0916666667 0.7651302608 
3.1083333333 0.7825556775 
3.125 0.779375086 
3.1416666667 0.7879246513 
3.1583333333 0.8170258659 
3.175 0.8764973606 
3.1916666667 0.8815459742 
3.2083333333 0.9497686955 
3.225 0.9813972182 
3.2416666667 0.9611725712 
3.2583333333 1.0386698222 
3.275 1.0363219386 
3.2916666667 1.036518376 
3.3083333333 1.0501988513 
3.325 1.0541245636 
3.3416666667 1.0382371507 
3.3583333333 1.0292939709 
3.375 1.0036062602 
3.3916666667 0.9823030389 
3.4083333333 0.9673138709 
3.425 0.9460381844 
3.4416666667 0.9303238131 
3.4583333333 0.9228486341 
3.475 0.8908239494 
3.4916666667 0.8908903811 
3.5083333333 0.8718337772 
3.525 0.8841277913 
3.5416666667 0.8518954117 
3.5583333333 0.862086145 
3.575 0.8573097155 
3.5916666667 0.8540450165 
3.6083333333 0.8672990932 
3.625 0.8843837268 
3.6416666667 0.8843571615 
3.6583333333 0.9002478904 
3.675 0.9329257056 
3.6916666667 0.9593564481 
3.7083333333 0.974772382 
3.725 1.024632473 
3.7416666667 1.0599314665 
3.7583333333 1.0845178086 
3.775 1.13788987 
3.7916666667 1.1762186734 
3.8083333333 1.2063870273 
3.825 1.2672333747 
3.8416666667 1.2778773932 
3.8583333333 1.321784472 
3.875 1.3078458118 
3.8916666667 1.3382148152 
3.9083333333 1.3399814352 
3.925 1.3016406935 
3.9416666667 1.2821684795 
3.9583333333 1.2139203714 
3.975 1.1737157415 
3.9916666667 1.1157725568 
4.0083333333 1.0629717382 
4.025 1.0074392367 
4.0416666667 0.9556295155 
4.0583333333 0.92011529 
4.075 0.8774342093 
4.0916666667 0.8512456971 
4.1083333333 0.8343074361 
4.125 0.8211575503 
4.1416666667 0.8171246097 
4.1583333333 0.8079002157 
4.175 0.8159457632 
4.1916666667 0.8262684706 
4.2083333333 0.8267575823 
4.225 0.8309423144 
4.2416666667 0.8452277524 
4.2583333333 0.8351613437 
4.275 0.8347096915 
4.2916666667 0.8421499228 
4.3083333333 0.8343612565 
4.325 0.8430503507 
4.3416666667 0.8563789568 
4.3583333333 0.8528171495 
4.375 0.8782875024 
4.3916666667 0.8636240568 
4.4083333333 0.8794677098 
4.425 0.894150611 
4.4416666667 0.9380007754 
4.4583333333 0.9449651824 
4.475 0.9898694993 
4.4916666667 0.9944274659 
4.5083333333 1.019962666 
4.525 1.0343610286 
4.5416666667 1.0733030712 
4.5583333333 1.0759862541 
4.575 1.1131051811 
4.5916666667 1.1359565072 
4.6083333333 1.1416527639 
4.625 1.1593916172 
4.6416666667 1.1728826957 
4.6583333333 1.186730143 
4.675 1.2005230587 
4.6916666667 1.2186550577 
4.7083333333 1.2140652127 
4.725 1.2070906686 
4.7416666667 1.203479841 
4.7583333333 1.1914583274 
4.775 1.1832105999 
4.7916666667 1.1495575724 
4.8083333333 1.1341055861 
4.825 1.0989322767 
4.8416666667 1.1046132206 
4.8583333333 1.0619814781 
4.875 1.0484964687 
4.8916666667 1.0290291642 
4.9083333333 0.999948649 
4.925 0.9729980633 
4.9416666667 0.9552338851 
4.9583333333 0.9611347041 
4.975 0.9210621755 
4.9916666667 0.916837217 
