# Radial distribution function (300 data points):
# "Pair separation distance" g(r)
0.0083333333 0.0 
0.025 0.0 
0.0416666667 0.0 
0.0583333333 0.0 
0.075 0.0 
0.0916666667 0.0 
0.1083333333 0.0 
0.125 0.0 
0.1416666667 0.0 
0.1583333333 0.0 
0.175 0.0 
0.1916666667 0.0 
0.2083333333 0.0 
0.225 0.0 
0.2416666667 0.0 
0.2583333333 0.0 
0.275 0.0 
0.2916666667 0.0 
0.3083333333 0.0 
0.325 0.0 
0.3416666667 0.0 
0.3583333333 0.0 
0.375 0.0 
0.3916666667 0.0 
0.4083333333 0.0 
0.425 0.0 
0.4416666667 0.0 
0.4583333333 0.0 
0.475 0.0 
0.4916666667 0.0 
0.5083333333 0.0 
0.525 0.0 
0.5416666667 0.0 
0.5583333333 0.0 
0.575 0.0 
0.5916666667 0.0 
0.6083333333 0.0 
0.625 0.0 
0.6416666667 0.0 
0.6583333333 0.0 
0.675 0.0 
0.6916666667 0.0 
0.7083333333 0.0 
0.725 0.0 
0.7416666667 0.0 
0.7583333333 0.0 
0.775 0.0 
0.7916666667 0.0 
0.8083333333 0.0 
0.825 0.0 
0.8416666667 0.0 
0.8583333333 0.0017047055 
0.875 0.014763463 
0.8916666667 0.0710836588 
0.9083333333 0.2496411228 
0.925 0.5607162152 
0.9416666667 0.9461188559 
0.9583333333 1.6177655287 
0.975 2.0702565022 
0.9916666667 2.6436481879 
1.0083333333 3.1770774025 
1.025 3.3172687345 
1.0416666667 3.3277141825 
1.0583333333 3.3055864637 
1.075 3.1093327234 
1.0916666667 2.8960306972 
1.1083333333 2.6357784735 
1.125 2.3062060286 
1.1416666667 2.0582108374 
1.1583333333 1.7625875024 
1.175 1.5082609219 
1.1916666667 1.353161822 
1.2083333333 1.0735175656 
1.225 0.9423982724 
1.2416666667 0.7624901729 
1.2583333333 0.6480362085 
1.275 0.5439025224 
1.2916666667 0.4486568443 
1.3083333333 0.4101512973 
1.325 0.3698520479 
1.3416666667 0.393513129 
1.3583333333 0.3498806471 
1.375 0.3573934011 
1.3916666667 0.3884419708 
1.4083333333 0.4369261846 
1.425 0.4341875839 
1.4416666667 0.4610679711 
1.4583333333 0.4830698569 
1.475 0.5357155865 
1.4916666667 0.5689674368 
1.5083333333 0.5923462085 
1.525 0.6394147637 
1.5416666667 0.5913163118 
1.5583333333 0.6082154225 
1.575 0.6313588202 
1.5916666667 0.6112654277 
1.6083333333 0.6078875992 
1.625 0.6045190348 
1.6416666667 0.5778604376 
1.6583333333 0.6530759466 
1.675 0.6405918297 
1.6916666667 0.7324841093 
1.7083333333 0.7961557226 
1.725 0.9015600074 
1.7416666667 1.016466499 
1.7583333333 1.1861842378 
1.775 1.2700500422 
1.7916666667 1.414378707 
1.8083333333 1.5124834435 
1.825 1.5796343597 
1.8416666667 1.6237514273 
1.8583333333 1.6649477569 
1.875 1.6665609898 
1.8916666667 1.6818983523 
1.9083333333 1.6357497363 
1.925 1.5655204643 
1.9416666667 1.4648036602 
1.9583333333 1.39576582 
1.975 1.3169263826 
1.9916666667 1.2180393239 
2.0083333333 1.1237967297 
2.025 1.0750522616 
2.0416666667 0.9804386598 
2.0583333333 0.9601788338 
2.075 0.9103957027 
2.0916666667 0.8976677028 
2.1083333333 0.8730771758 
2.125 0.8527603965 
2.1416666667 0.85733803 
2.1583333333 0.8301287635 
2.175 0.8376328158 
2.1916666667 0.8050698425 
2.2083333333 0.8303069694 
2.225 0.8313604258 
2.2416666667 0.8440379219 
2.2583333333 0.8397524616 
2.275 0.8629228622 
2.2916666667 0.8563957012 
2.3083333333 0.8841441929 
2.325 0.9256493978 
2.3416666667 0.9603904851 
2.3583333333 0.9775756305 
2.375 1.0068772198 
2.3916666667 1.0113368739 
2.4083333333 1.0324672566 
2.425 1.0146933226 
2.4416666667 1.016477688 
2.4583333333 0.9915193192 
2.475 0.9700092322 
2.4916666667 0.9433196453 
2.5083333333 0.9176506451 
2.525 0.8516004088 
2.5416666667 0.8326918212 
2.5583333333 0.803072279 
2.575 0.7366427648 
2.5916666667 0.7331823929 
2.6083333333 0.7203350909 
2.625 0.7279858761 
2.6416666667 0.7424059559 
2.6583333333 0.7608514956 
2.675 0.7856263976 
2.6916666667 0.8570565717 
2.7083333333 0.91828431 
2.725 0.9877645768 
2.7416666667 1.0618419552 
2.7583333333 1.1413255138 
2.775 1.1935485572 
2.7916666667 1.2844135451 
2.8083333333 1.3383275766 
2.825 1.3989097903 
2.8416666667 1.4500505446 
2.8583333333 1.4461026866 
2.875 1.455216266 
2.8916666667 1.4324817255 
2.9083333333 1.3783952489 
2.925 1.3085631354 
2.9416666667 1.2721514211 
2.9583333333 1.1885428146 
2.975 1.1152370274 
2.9916666667 1.0392765948 
3.0083333333 0.9739469653 
3.025 0.879931546 
3.0416666667 0.8741159986 
3.0583333333 0.8170804864 
3.075 0.816349667 
3.0916666667 0.7999507175 
3.1083333333 0.778785891 
3.125 0.7859341833 
3.1416666667 0.8026855137 
3.1583333333 0.8357863612 
3.175 0.8676514029 
3.1916666667 0.8774773005 
3.2083333333 0.9121879198 
3.225 0.9845369164 
3.2416666667 0.99571359 
3.2583333333 1.0165478112 
3.275 1.0226214113 
3.2916666667 1.0300270957 
3.3083333333 1.03160923 
3.325 1.0151586486 
3.3416666667 1.0215911645 
3.3583333333 1.0316325161 
3.375 0.9935724029 
3.3916666667 0.98983654 
3.4083333333 0.9586645907 
3.425 0.9576013492 
3.4416666667 0.9182361775 
3.4583333333 0.9358701669 
3.475 0.9058010246 
3.4916666667 0.8986166506 
3.5083333333 0.8899969809 
3.525 0.8777598879 
3.5416666667 0.885138157 
3.5583333333 0.8671449867 
3.575 0.8546564186 
3.5916666667 0.8639757726 
3.6083333333 0.8815756215 
3.625 0.8861997098 
3.6416666667 0.9054764212 
3.6583333333 0.9093507826 
3.675 0.9332976855 
3.6916666667 0.9528132869 
3.7083333333 0.9812568605 
3.725 1.0107836419 
3.7416666667 1.0333771107 
3.7583333333 1.0807833043 
3.775 1.1578961437 
3.7916666667 1.1749956296 
3.8083333333 1.2186838443 
3.825 1.2595073889 
3.8416666667 1.303833214 
3.8583333333 1.3082856837 
3.875 1.297055833 
3.8916666667 1.3095216054 
3.9083333333 1.2935256758 
3.925 1.274084978 
3.9416666667 1.2518543013 
3.9583333333 1.2212147952 
3.975 1.1521745682 
3.9916666667 1.1155360808 
4.0083333333 1.0587504944 
4.025 1.0142614493 
4.0416666667 0.9737748664 
4.0583333333 0.942153523 
4.075 0.91162094 
4.0916666667 0.8519958916 
4.1083333333 0.8482968936 
4.125 0.8086833368 
4.1416666667 0.8295718484 
4.1583333333 0.8169067451 
4.175 0.8247364187 
4.1916666667 0.8048236622 
4.2083333333 0.8193112325 
4.225 0.8303090814 
4.2416666667 0.8237270795 
4.2583333333 0.8259494961 
4.275 0.8371149969 
4.2916666667 0.8414680201 
4.3083333333 0.8361205131 
4.325 0.8539275534 
4.3416666667 0.8590441056 
4.3583333333 0.8577761576 
4.375 0.872447563 
4.3916666667 0.8942956698 
4.4083333333 0.9031218237 
4.425 0.9180758749 
4.4416666667 0.9336717369 
4.4583333333 0.9571603198 
4.475 0.9803991645 
4.4916666667 1.0079985932 
4.5083333333 1.0166876132 
4.525 1.051535973 
4.5416666667 1.0720243871 
4.5583333333 1.0809427663 
4.575 1.099303877 
4.5916666667 1.1169534066 
4.6083333333 1.1399376825 
4.625 1.1662613032 
4.6416666667 1.1767884184 
4.6583333333 1.1816947586 
4.675 1.1884551902 
4.6916666667 1.1897264073 
4.7083333333 1.2062467891 
4.725 1.2047279055 
4.7416666667 1.1869448413 
4.7583333333 1.1799203911 
4.775 1.1650327834 
4.7916666667 1.1531678889 
4.8083333333 1.1300313456 
4.825 1.1182458631 
4.8416666667 1.089718596 
4.8583333333 1.0746988633 
4.875 1.0429474703 
4.8916666667 1.003782389 
4.9083333333 1.006882238 
4.925 0.9880142646 
4.9416666667 0.9706118494 
4.9583333333 0.9490272881 
4.975 0.9325811614 
4.9916666667 0.9162827495 
