# Radial distribution function (300 data points):
# "Pair separation distance" g(r)
0.0083333333 0.0 
0.025 0.0 
0.0416666667 0.0 
0.0583333333 0.0 
0.075 0.0 
0.0916666667 0.0 
0.1083333333 0.0 
0.125 0.0 
0.1416666667 0.0 
0.1583333333 0.0 
0.175 0.0 
0.1916666667 0.0 
0.2083333333 0.0 
0.225 0.0 
0.2416666667 0.0 
0.2583333333 0.0 
0.275 0.0 
0.2916666667 0.0 
0.3083333333 0.0 
0.325 0.0 
0.3416666667 0.0 
0.3583333333 0.0 
0.375 0.0 
0.3916666667 0.0 
0.4083333333 0.0 
0.425 0.0 
0.4416666667 0.0 
0.4583333333 0.0 
0.475 0.0 
0.4916666667 0.0 
0.5083333333 0.0 
0.525 0.0 
0.5416666667 0.0 
0.5583333333 0.0 
0.575 0.0 
0.5916666667 0.0 
0.6083333333 0.0 
0.625 0.0 
0.6416666667 0.0 
0.6583333333 0.0 
0.675 0.0 
0.6916666667 0.0 
0.7083333333 0.0 
0.725 0.0 
0.7416666667 0.0 
0.7583333333 0.0 
0.775 0.0 
0.7916666667 0.0 
0.8083333333 0.0 
0.825 0.0 
0.8416666667 0.0 
0.8583333333 0.0017047055 
0.875 0.014763463 
0.8916666667 0.0853003906 
0.9083333333 0.2359413051 
0.925 0.5871373982 
0.9416666667 1.0353486282 
0.9583333333 1.5357148679 
0.975 2.140277941 
0.9916666667 2.7177214221 
1.0083333333 2.9053211706 
1.025 3.2276128228 
1.0416666667 3.2304870551 
1.0583333333 3.3369828074 
1.075 3.1517178951 
1.0916666667 2.9371315695 
1.1083333333 2.7001904377 
1.125 2.4104020842 
1.1416666667 2.0466478552 
1.1583333333 1.7672677667 
1.175 1.5182674781 
1.1916666667 1.3646592753 
1.2083333333 1.1148067028 
1.225 0.9557893668 
1.2416666667 0.7624901729 
1.2583333333 0.6385179289 
1.275 0.500637549 
1.2916666667 0.477262482 
1.3083333333 0.3954768323 
1.325 0.3569751874 
1.3416666667 0.3725815796 
1.3583333333 0.3641753817 
1.375 0.3580577011 
1.3916666667 0.3936298435 
1.4083333333 0.3919671135 
1.425 0.4304765789 
1.4416666667 0.4773836136 
1.4583333333 0.4925186561 
1.475 0.5437975027 
1.4916666667 0.5898521543 
1.5083333333 0.5636397752 
1.525 0.633474255 
1.5416666667 0.6066408632 
1.5583333333 0.6397640116 
1.575 0.5938924587 
1.5916666667 0.6053163724 
1.6083333333 0.6006046008 
1.625 0.6026165358 
1.6416666667 0.5797245036 
1.6583333333 0.6549027324 
1.675 0.6307434577 
1.6916666667 0.7127346875 
1.7083333333 0.7948646593 
1.725 0.9036704007 
1.7416666667 0.9862416296 
1.7583333333 1.134593348 
1.775 1.2983531034 
1.7916666667 1.3842522449 
1.8083333333 1.5178604796 
1.825 1.5739779941 
1.8416666667 1.6322682535 
1.8583333333 1.7456857215 
1.875 1.7437265147 
1.8916666667 1.7022552188 
1.9083333333 1.6354048596 
1.925 1.5563693379 
1.9416666667 1.479461691 
1.9583333333 1.3797187705 
1.975 1.2918114051 
1.9916666667 1.2120235332 
2.0083333333 1.1203714695 
2.025 1.0526936248 
2.0416666667 0.9921894612 
2.0583333333 0.9500997723 
2.075 0.8969775027 
2.0916666667 0.8887685346 
2.1083333333 0.8578195164 
2.125 0.8558198761 
2.1416666667 0.8504924692 
2.1583333333 0.8320160325 
2.175 0.8217031901 
2.1916666667 0.8508273035 
2.2083333333 0.836745454 
2.225 0.8379565109 
2.2416666667 0.8387892407 
2.2583333333 0.8375361061 
2.275 0.8636508624 
2.2916666667 0.87768004 
2.3083333333 0.8973438929 
2.325 0.9572478713 
2.3416666667 0.944357255 
2.3583333333 0.9628973177 
2.375 0.9843883655 
2.3916666667 1.0174848184 
2.4083333333 1.0437273861 
2.425 1.0014516922 
2.4416666667 1.0326991973 
2.4583333333 0.9794656364 
2.475 0.955246885 
2.4916666667 0.937452978 
2.5083333333 0.9012818496 
2.525 0.8514034158 
2.5416666667 0.817332808 
2.5583333333 0.7963560234 
2.575 0.7589939724 
2.5916666667 0.7440277331 
2.6083333333 0.7219965506 
2.625 0.7325426229 
2.6416666667 0.7152293985 
2.6583333333 0.7788019747 
2.675 0.7900143913 
2.6916666667 0.8341739933 
2.7083333333 0.9030452081 
2.725 0.96628408 
2.7416666667 1.0743735282 
2.7583333333 1.1162341806 
2.775 1.2070856617 
2.7916666667 1.2892482259 
2.8083333333 1.3894464666 
2.825 1.4113424456 
2.8416666667 1.4309197695 
2.8583333333 1.4654721921 
2.875 1.4486824559 
2.8916666667 1.4189634959 
2.9083333333 1.3895316965 
2.925 1.3330785094 
2.9416666667 1.2773764583 
2.9583333333 1.1843810492 
2.975 1.1280085419 
2.9916666667 1.0342247507 
3.0083333333 0.9479954004 
3.025 0.9167154572 
3.0416666667 0.8606764143 
3.0583333333 0.8075467617 
3.075 0.7909798677 
3.0916666667 0.7946947995 
3.1083333333 0.7665665831 
3.125 0.7895352563 
3.1416666667 0.7964503218 
3.1583333333 0.8291131649 
3.175 0.8788645887 
3.1916666667 0.8963411514 
3.2083333333 0.9115778423 
3.225 0.9951635874 
3.2416666667 1.0083826142 
3.2583333333 1.0141818207 
3.275 1.0170006822 
3.2916666667 1.0270132869 
3.3083333333 1.032068233 
3.325 1.0194755721 
3.3416666667 1.033288344 
3.3583333333 1.0197170714 
3.375 0.9786870101 
3.3916666667 0.9928936129 
3.4083333333 0.9648272028 
3.425 0.9602780077 
3.4416666667 0.9272488882 
3.4583333333 0.9165478924 
3.475 0.8957123003 
3.4916666667 0.8888300426 
3.5083333333 0.8836704717 
3.525 0.8898892277 
3.5416666667 0.8633100893 
3.5583333333 0.8793457226 
3.575 0.8759810642 
3.5916666667 0.8787745462 
3.6083333333 0.8679743344 
3.625 0.8801782925 
3.6416666667 0.8835995199 
3.6583333333 0.9027816851 
3.675 0.9269740265 
3.6916666667 0.973180028 
3.7083333333 0.9712104853 
3.725 1.0188394979 
3.7416666667 1.0639684463 
3.7583333333 1.0838064744 
3.775 1.1461744062 
3.7916666667 1.1840810977 
3.8083333333 1.2303744802 
3.825 1.2477467214 
3.8416666667 1.2873236099 
3.8583333333 1.2986677971 
3.875 1.3027435738 
3.8916666667 1.3189754375 
3.9083333333 1.3261680413 
3.925 1.2916945477 
3.9416666667 1.2512075988 
3.9583333333 1.192518051 
3.975 1.1497104487 
3.9916666667 1.109151229 
4.0083333333 1.0767298663 
4.025 1.009222315 
4.0416666667 0.9525540323 
4.0583333333 0.9218691978 
4.075 0.8999732486 
4.0916666667 0.8526710666 
4.1083333333 0.8446507052 
4.125 0.8367318643 
4.1416666667 0.8287664389 
4.1583333333 0.8268575075 
4.175 0.8155134359 
4.1916666667 0.8467840041 
4.2083333333 0.8176801273 
4.225 0.8241878298 
4.2416666667 0.8200970957 
4.2583333333 0.8278195704 
4.275 0.8331290623 
4.2916666667 0.8345808021 
4.3083333333 0.8336846194 
4.325 0.842244632 
4.3416666667 0.8419871529 
4.3583333333 0.8663717716 
4.375 0.8776313294 
4.3916666667 0.8856346835 
4.4083333333 0.9007951896 
4.425 0.9217320144 
4.4416666667 0.9549349553 
4.4583333333 0.9356134708 
4.475 0.9901203691 
4.4916666667 0.994365213 
4.5083333333 1.0179852756 
4.525 1.0448500125 
4.5416666667 1.0757386599 
4.5583333333 1.0866850669 
4.575 1.1105249373 
4.5916666667 1.1170129775 
4.6083333333 1.1433678452 
4.625 1.1451238079 
4.6416666667 1.1597081684 
4.6583333333 1.1818105146 
4.675 1.1866737429 
4.6916666667 1.216201543 
4.7083333333 1.2124788659 
4.725 1.1949393154 
4.7416666667 1.1951006182 
4.7583333333 1.1821946959 
4.775 1.1674564923 
4.7916666667 1.1578722406 
4.8083333333 1.1250336105 
4.825 1.1213209313 
4.8416666667 1.092718952 
4.8583333333 1.069856679 
4.875 1.041784823 
4.8916666667 1.019791259 
4.9083333333 1.0081855442 
4.925 0.9773993636 
4.9416666667 0.9633600335 
4.9583333333 0.948976202 
4.975 0.9417659035 
4.9916666667 0.9170892477 
